/*--------------------------------*- C++ -*----------------------------------*\
  =========                 |
  \\      /  F ield         | OpenFOAM: The Open Source CFD Toolbox
   \\    /   O peration     | Website:  https://openfoam.org
    \\  /    A nd           | Version:  9
     \\/     M anipulation  |
\*---------------------------------------------------------------------------*/
FoamFile
{
    format      ascii;
    class       volScalarField;
    location    "14";
    object      p;
}
// * * * * * * * * * * * * * * * * * * * * * * * * * * * * * * * * * * * * * //

dimensions      [0 2 -2 0 0 0 0];

internalField   nonuniform List<scalar> 
8800
(
0.403271
0.355243
0.316905
0.288315
0.267757
0.253085
0.242563
0.235118
0.230291
0.228145
0.229193
0.233116
0.239511
0.248599
0.261146
0.278577
0.302908
0.336438
0.378823
0.435928
0.235725
0.24295
0.251431
0.254909
0.253068
0.247634
0.241014
0.234939
0.23024
0.227351
0.226911
0.229146
0.233353
0.239066
0.245735
0.252156
0.256133
0.255508
0.24935
0.240311
0.212257
0.218484
0.222792
0.226279
0.228913
0.229855
0.228899
0.22687
0.224841
0.223789
0.224534
0.226636
0.229131
0.231006
0.231242
0.229469
0.22641
0.222597
0.217942
0.214141
0.206961
0.209714
0.212618
0.215144
0.216989
0.21848
0.21951
0.219785
0.21953
0.219369
0.219853
0.22066
0.221099
0.220705
0.219589
0.218083
0.216027
0.213247
0.210646
0.209113
0.201637
0.203092
0.205158
0.207534
0.209565
0.211071
0.212225
0.213193
0.213926
0.214452
0.214746
0.214725
0.214318
0.213587
0.212522
0.210918
0.208789
0.206508
0.204961
0.204167
0.196709
0.197638
0.199279
0.201384
0.203555
0.205565
0.207176
0.208352
0.209237
0.209889
0.210256
0.210215
0.209741
0.208747
0.207182
0.205254
0.203225
0.201345
0.20023
0.19975
0.192441
0.193009
0.194444
0.196365
0.198263
0.200095
0.201874
0.203459
0.204701
0.205589
0.205995
0.205821
0.205056
0.20384
0.202368
0.200743
0.198953
0.19727
0.196392
0.196147
0.189802
0.190113
0.191149
0.192655
0.194196
0.195671
0.19708
0.198446
0.199737
0.200797
0.201314
0.201216
0.200708
0.199911
0.198887
0.197652
0.196297
0.195071
0.194499
0.194389
0.188071
0.188255
0.188863
0.189831
0.190959
0.192269
0.193674
0.195096
0.19644
0.197608
0.19831
0.198419
0.198049
0.197342
0.196485
0.195641
0.194821
0.194152
0.193844
0.193778
0.185901
0.186015
0.186347
0.186875
0.187621
0.18853
0.189588
0.190836
0.19219
0.193503
0.194425
0.194792
0.194771
0.194563
0.194226
0.193845
0.19353
0.193255
0.193107
0.193058
0.182954
0.183031
0.1833
0.183773
0.184373
0.185168
0.186234
0.187494
0.18892
0.190423
0.191639
0.192331
0.192598
0.192593
0.192502
0.192374
0.192203
0.192038
0.191954
0.191921
0.179474
0.179518
0.179751
0.180216
0.180845
0.181547
0.182593
0.183895
0.185462
0.187232
0.188796
0.189839
0.190437
0.190751
0.190929
0.190958
0.190863
0.190765
0.190732
0.190715
0.17567
0.175698
0.175903
0.176349
0.176955
0.177854
0.178909
0.180312
0.182083
0.184192
0.186204
0.187689
0.188673
0.189289
0.189567
0.189768
0.189787
0.189772
0.189782
0.189771
0.171532
0.17156
0.171752
0.172193
0.172846
0.173747
0.174964
0.176586
0.178687
0.181268
0.183829
0.185801
0.187171
0.188081
0.188641
0.188963
0.189114
0.189192
0.189234
0.189223
0.166906
0.166933
0.167139
0.167581
0.16828
0.16929
0.170702
0.172629
0.175174
0.178369
0.181615
0.184174
0.185998
0.187241
0.188059
0.188569
0.18887
0.189039
0.189109
0.189096
0.161617
0.161644
0.161888
0.16237
0.16317
0.164355
0.166047
0.168393
0.171531
0.175515
0.179603
0.182853
0.185222
0.186864
0.187966
0.18868
0.189124
0.189376
0.189473
0.189458
0.155485
0.155519
0.155805
0.156401
0.157358
0.158796
0.160871
0.163776
0.167687
0.172677
0.177825
0.181954
0.18496
0.187052
0.188471
0.189404
0.189994
0.190328
0.190453
0.190435
0.148288
0.148328
0.148684
0.14943
0.15064
0.152422
0.155021
0.158671
0.163582
0.169849
0.176314
0.181502
0.185267
0.187905
0.189702
0.190888
0.19164
0.192064
0.192221
0.192198
0.139743
0.139796
0.140258
0.141204
0.142738
0.145019
0.148326
0.152945
0.159145
0.167025
0.175118
0.181592
0.186286
0.189579
0.191825
0.193314
0.19426
0.194795
0.194985
0.194952
0.129477
0.129551
0.130149
0.131373
0.133357
0.136311
0.140544
0.146438
0.154304
0.164217
0.174317
0.182354
0.188171
0.192252
0.195041
0.196892
0.198063
0.198721
0.198962
0.198921
0.116939
0.117044
0.117832
0.11945
0.122061
0.125905
0.131404
0.139001
0.149011
0.161466
0.174017
0.183941
0.191109
0.196138
0.199583
0.201881
0.203341
0.204153
0.204443
0.204389
0.101342
0.101485
0.10255
0.104752
0.10826
0.113379
0.12063
0.130483
0.14324
0.158843
0.174351
0.186523
0.195301
0.201472
0.205714
0.208558
0.210374
0.211372
0.211728
0.211661
0.0815054
0.0817074
0.0832112
0.0863131
0.0911663
0.0981471
0.107839
0.120716
0.136998
0.15646
0.175474
0.19028
0.200957
0.208497
0.213716
0.217244
0.219518
0.220773
0.221202
0.221115
0.0556281
0.0559481
0.0581965
0.0627672
0.0697428
0.0795208
0.0927017
0.10965
0.130388
0.154479
0.177552
0.195374
0.208252
0.217426
0.223855
0.228263
0.23114
0.232739
0.23328
0.233162
0.0205585
0.0211491
0.0249113
0.0322493
0.0428304
0.0569867
0.0751643
0.0974683
0.123673
0.153146
0.180768
0.201937
0.217295
0.228381
0.236306
0.241878
0.245601
0.247687
0.248371
0.248209
-0.0298504
-0.0280374
-0.0203296
-0.007284
0.00961326
0.0305312
0.0555902
0.0846458
0.117283
0.152755
0.185274
0.210011
0.228062
0.241307
0.251038
0.258135
0.263096
0.266014
0.266969
0.26674
-0.105259
-0.0955059
-0.0779686
-0.0547809
-0.0283997
0.00147067
0.0349176
0.0717508
0.111539
0.153574
0.191462
0.220213
0.241431
0.257367
0.269515
0.278908
0.285981
0.290568
0.292338
0.292419
-0.185296
-0.1642
-0.136162
-0.102617
-0.0665544
-0.0276463
0.0142316
0.0589887
0.106309
0.155629
0.199907
0.233749
0.259137
0.278684
0.294094
0.306477
0.316388
0.324165
0.327552
0.32781
-0.248935
-0.225159
-0.188819
-0.147043
-0.10248
-0.055197
-0.00531078
0.0470477
0.101579
0.15776
0.207856
0.246094
0.274873
0.297168
0.314856
0.329123
0.340529
0.349296
0.352474
0.352974
-0.30006
-0.274086
-0.23313
-0.185479
-0.134397
-0.0803305
-0.0235418
0.0356432
0.0967609
0.159188
0.214414
0.25625
0.287479
0.311435
0.33021
0.345203
0.3571
0.365855
0.369423
0.369937
-0.341487
-0.314776
-0.270401
-0.218382
-0.162271
-0.10275
-0.0402055
0.0248499
0.0917978
0.159807
0.219468
0.264184
0.29717
0.32216
0.341507
0.356758
0.368721
0.377365
0.381135
0.381661
-0.37661
-0.349528
-0.302736
-0.247187
-0.187005
-0.122964
-0.0555353
0.0146475
0.0867779
0.159805
0.223504
0.270807
0.305292
0.331077
0.350752
0.366017
0.377864
0.386332
0.390209
0.390726
-0.407411
-0.38019
-0.331557
-0.27316
-0.209533
-0.14158
-0.0698823
0.00485514
0.0817137
0.159443
0.22692
0.276582
0.312391
0.338835
0.358766
0.374052
0.38582
0.394119
0.397999
0.398521
-0.435352
-0.408007
-0.357888
-0.297076
-0.230531
-0.1592
-0.0837122
-0.00484435
0.0763687
0.158473
0.229568
0.281606
0.318798
0.34598
0.366247
0.381626
0.393334
0.401486
0.405335
0.405867
-0.461245
-0.433785
-0.382414
-0.319548
-0.250494
-0.176214
-0.0973646
-0.014784
0.0704527
0.156815
0.231616
0.286169
0.324884
0.352922
0.373614
0.389157
0.400874
0.408919
0.412674
0.413271
-0.485789
-0.458158
-0.405639
-0.340991
-0.269734
-0.192856
-0.111032
-0.0250626
0.0639805
0.1545
0.23307
0.290323
0.330776
0.359851
0.381108
0.396911
0.408693
0.416669
0.420309
0.420916
-0.509254
-0.481361
-0.427859
-0.36174
-0.288508
-0.209324
-0.124812
-0.0357373
0.0568473
0.151381
0.233834
0.294053
0.336532
0.366885
0.388885
0.405074
0.417001
0.42494
0.428442
0.429009
-0.53197
-0.50373
-0.449375
-0.381918
-0.306936
-0.225716
-0.138812
-0.046946
0.0489237
0.147365
0.23381
0.297287
0.34212
0.374048
0.397009
0.413729
0.425892
0.43385
0.437206
0.437683
-0.553961
-0.525405
-0.470421
-0.401613
-0.325104
-0.242111
-0.153096
-0.0587138
0.0401912
0.142376
0.232872
0.299888
0.347434
0.381277
0.405477
0.422924
0.43544
0.443458
0.446697
0.447016
-0.5753
-0.54635
-0.490838
-0.420861
-0.343043
-0.258498
-0.167629
-0.071017
0.0306315
0.136336
0.230872
0.301673
0.35232
0.388476
0.414243
0.432647
0.445653
0.453772
0.456898
0.457039
-0.596072
-0.566826
-0.510627
-0.439671
-0.360731
-0.274832
-0.182367
-0.0838202
0.0202635
0.129209
0.227683
0.302429
0.356585
0.395518
0.423231
0.442842
0.456471
0.464702
0.467699
0.467668
-0.616326
-0.58666
-0.529836
-0.458031
-0.378117
-0.291077
-0.197255
-0.0970614
0.00913601
0.120977
0.22319
0.301931
0.359916
0.402147
0.432313
0.453462
0.467831
0.476154
0.478906
0.478721
-0.63589
-0.605828
-0.548437
-0.475905
-0.395158
-0.307156
-0.212216
-0.110646
-0.00267324
0.111685
0.217304
0.299965
0.361961
0.408004
0.441303
0.464484
0.479705
0.487972
0.490373
0.490014
-0.65473
-0.624321
-0.566407
-0.493235
-0.411791
-0.323
-0.227149
-0.124481
-0.0150625
0.101391
0.21
0.296347
0.362383
0.412648
0.44991
0.475987
0.492298
0.500061
0.501735
0.501196
-0.67291
-0.642069
-0.583719
-0.509989
-0.427953
-0.338531
-0.241964
-0.138452
-0.0279169
0.0901936
0.201286
0.290949
0.360836
0.415464
0.457544
0.487954
0.506327
0.512915
0.512644
0.511839
-0.690278
-0.659096
-0.600323
-0.526107
-0.443595
-0.353674
-0.256571
-0.152443
-0.0411021
0.0782341
0.191229
0.283699
0.357036
0.415724
0.463123
0.499741
0.522856
0.52919
0.524454
0.521816
-0.706929
-0.675404
-0.616243
-0.541617
-0.458749
-0.368474
-0.271023
-0.166515
-0.0546809
0.0654485
0.17973
0.274368
0.350693
0.412622
0.464958
0.509285
0.541143
0.553933
0.546352
0.528998
-0.722817
-0.69098
-0.631604
-0.556686
-0.473685
-0.383239
-0.285705
-0.181128
-0.0691862
0.051175
0.166073
0.262041
0.340936
0.404924
0.459804
0.510902
0.550677
0.565115
0.551028
0.530498
-0.737814
-0.705925
-0.646256
-0.57109
-0.488167
-0.397662
-0.300404
-0.195956
-0.084283
0.0357542
0.150509
0.246621
0.327414
0.392386
0.443614
0.49404
0.529373
0.530203
0.463003
0.421282
-0.751532
-0.721223
-0.659781
-0.584258
-0.501551
-0.411286
-0.314854
-0.210767
-0.0997287
0.0193849
0.133124
0.228105
0.309488
0.376011
0.417203
0.447952
0.467169
0.425693
0.349905
0.301332
-0.798017
-0.734467
-0.671951
-0.597452
-0.514938
-0.42525
-0.329048
-0.225747
-0.115772
0.00177959
0.113555
0.206332
0.285106
0.356977
0.372909
0.376021
0.349646
0.284452
0.198034
0.150715
-0.761744
-0.746517
-0.68918
-0.616718
-0.534318
-0.445375
-0.350433
-0.248506
-0.140557
-0.0261086
0.0810478
0.1689
0.23879
0.300227
0.307062
0.186814
0.0716382
-0.00836925
-0.0915592
-0.0429659
-0.789341
-0.761322
-0.703723
-0.631023
-0.549309
-0.460959
-0.366234
-0.265403
-0.159111
-0.0473541
0.0556459
0.138101
0.200265
0.231206
0.177339
0.0100684
-0.140951
-0.248223
-0.366452
-0.288976
-0.809522
-0.778644
-0.720238
-0.647227
-0.565833
-0.477854
-0.383633
-0.284059
-0.179709
-0.0711835
0.0269476
0.102554
0.154366
0.155251
0.0327547
-0.187162
-0.374699
-0.519538
-0.687871
-0.615604
-0.828574
-0.796508
-0.737188
-0.663649
-0.58233
-0.494722
-0.40134
-0.303124
-0.2009
-0.0959782
-0.00344089
0.0645886
0.102244
0.0639073
-0.132576
-0.390558
-0.632178
-0.850426
-1.09478
-1.06462
-0.846378
-0.814371
-0.754533
-0.680536
-0.599299
-0.512129
-0.419681
-0.322907
-0.22302
-0.121969
-0.0355051
0.0244737
0.0445273
-0.039507
-0.293361
-0.582806
-0.876175
-1.13245
-1.47561
-1.79515
-0.863962
-0.832328
-0.772448
-0.698207
-0.617074
-0.53032
-0.43874
-0.343421
-0.245896
-0.14878
-0.0685617
-0.0170571
-0.0152413
-0.152072
-0.438311
-0.739018
-1.04625
-1.29068
-1.41936
-1.6492
-0.881915
-0.850669
-0.791012
-0.716881
-0.63596
-0.549722
-0.459101
-0.365386
-0.270449
-0.17766
-0.104245
-0.0624072
-0.0832759
-0.2835
-0.569182
-0.856336
-1.12147
-1.28228
-1.3143
-1.34524
-0.900538
-0.869649
-0.810397
-0.736513
-0.655947
-0.570375
-0.480918
-0.389051
-0.297058
-0.209163
-0.143108
-0.111668
-0.164021
-0.409532
-0.690939
-0.946514
-1.16115
-1.25502
-1.27262
-1.27374
-0.919955
-0.889381
-0.830483
-0.756961
-0.676871
-0.592138
-0.50404
-0.41428
-0.325563
-0.243072
-0.184601
-0.165449
-0.248353
-0.527859
-0.81302
-1.03277
-1.19196
-1.24139
-1.23939
-1.2384
-0.939979
-0.909747
-0.851087
-0.778057
-0.698577
-0.614824
-0.528278
-0.440884
-0.355653
-0.278985
-0.228294
-0.223561
-0.33884
-0.638209
-0.938534
-1.12928
-1.16464
-1.20433
-1.22477
-1.22836
-0.960342
-0.930444
-0.872146
-0.799576
-0.720779
-0.638169
-0.553375
-0.468543
-0.38701
-0.316421
-0.274007
-0.281745
-0.441404
-0.736935
-1.06426
-1.29481
-1.26849
-1.2562
-1.25145
-1.25046
-0.980336
-0.950866
-0.893193
-0.821142
-0.743091
-0.661799
-0.578903
-0.49679
-0.419137
-0.354398
-0.320938
-0.338979
-0.547042
-0.835195
-1.15226
-1.54833
-1.48828
-1.33516
-1.28079
-1.26715
-0.999449
-0.970502
-0.913794
-0.842158
-0.765057
-0.685131
-0.604275
-0.525008
-0.451327
-0.391834
-0.367467
-0.397258
-0.647537
-0.921945
-1.04866
-1.34832
-1.34026
-1.32134
-1.29758
-1.28308
-1.01704
-0.988807
-0.932785
-0.861978
-0.785811
-0.707497
-0.628838
-0.552365
-0.48265
-0.427558
-0.411877
-0.45236
-0.751981
-1.00434
-0.827354
-0.506281
-0.922458
-1.383
-1.53063
-1.51074
-1.03194
-1.00471
-0.949634
-0.879495
-0.804438
-0.727782
-0.651481
-0.578098
-0.511768
-0.460467
-0.450811
-0.494405
-0.897467
-1.33879
-1.46283
-1.51649
-1.70462
-1.83791
-1.81916
-1.83567
-1.04295
-1.01699
-0.963056
-0.893614
-0.819725
-0.744896
-0.671173
-0.600994
-0.537461
-0.48867
-0.478436
-0.526447
-1.09697
-1.98068
-3.06841
-3.66637
-3.82779
-3.44058
-2.9305
-2.7429
-1.04859
-1.02417
-0.971574
-0.90292
-0.830329
-0.757565
-0.686787
-0.619947
-0.558604
-0.509155
-0.492516
-0.550244
-1.19717
-2.29949
-3.82173
-4.62937
-4.76519
-4.41154
-3.90569
-3.57145
-1.04731
-1.02467
-0.973478
-0.905737
-0.834637
-0.764393
-0.697109
-0.634183
-0.575233
-0.520627
-0.487568
-0.515382
-0.938325
-1.67699
-2.48415
-2.92715
-2.79774
-2.38888
-2.00781
-1.78503
-1.03655
-1.01593
-0.966482
-0.900139
-0.830999
-0.763863
-0.701007
-0.643379
-0.588613
-0.526602
-0.461234
-0.420967
-0.398068
-0.355113
-0.11096
0.19959
0.584573
0.922163
1.0932
1.15618
-1.0143
-0.995539
-0.948422
-0.884208
-0.817884
-0.754934
-0.698302
-0.649718
-0.604973
-0.54036
-0.438396
-0.303421
-0.062209
0.419377
1.05379
1.69034
2.17388
2.45962
2.57354
2.59956
-0.978768
-0.962073
-0.917462
-0.856606
-0.794346
-0.737121
-0.689255
-0.655134
-0.635209
-0.594455
-0.475476
-0.238569
0.0435663
0.558139
1.22407
1.80617
2.2198
2.4656
2.56688
2.59243
-0.927571
-0.912949
-0.872531
-0.816754
-0.760217
-0.710556
-0.674731
-0.663825
-0.69087
-0.75116
-0.718773
-0.420852
-0.0272014
0.421153
0.9993
1.4735
1.81007
2.0095
2.09631
2.12076
-0.860765
-0.84783
-0.813327
-0.764654
-0.715805
-0.675253
-0.654125
-0.67593
-0.794977
-1.08889
-1.26997
-0.899524
-0.332248
0.128957
0.643048
1.05565
1.34164
1.50416
1.58132
1.59075
-0.779346
-0.768555
-0.740718
-0.700715
-0.660399
-0.628751
-0.620759
-0.674498
-0.896182
-1.45864
-1.97643
-1.49177
-0.808581
-0.217003
0.291137
0.661625
0.892149
1.01407
1.06544
1.07269
-0.685922
-0.67832
-0.655519
-0.623275
-0.59051
-0.564501
-0.560465
-0.619293
-0.834153
-1.36847
-1.7952
-1.39499
-0.818174
-0.275949
0.123008
0.375128
0.519037
0.596267
0.63575
0.644596
-0.57025
-0.566321
-0.550977
-0.527493
-0.501637
-0.478968
-0.469847
-0.500486
-0.635308
-0.947343
-1.12787
-0.844692
-0.425734
-0.0735387
0.152534
0.281125
0.35337
0.396219
0.419219
0.424777
-0.450985
-0.449282
-0.438563
-0.421663
-0.401703
-0.381302
-0.365929
-0.368977
-0.419889
-0.54005
-0.572826
-0.368391
-0.124268
0.0647884
0.172886
0.231959
0.26562
0.284917
0.293675
0.29538
-0.339588
-0.33822
-0.331032
-0.318337
-0.302492
-0.284255
-0.265292
-0.250248
-0.247174
-0.25256
-0.207462
-0.0750961
0.0443861
0.13357
0.180623
0.20523
0.21881
0.22624
0.229207
0.229032
-0.238012
-0.23749
-0.232898
-0.224099
-0.212251
-0.197051
-0.178218
-0.156182
-0.130861
-0.0959312
-0.0340916
0.0557684
0.114829
0.156362
0.1781
0.188319
0.192772
0.1942
0.194097
0.193312
-0.150058
-0.150173
-0.148197
-0.143406
-0.135785
-0.124495
-0.108593
-0.0868972
-0.0572096
-0.0149355
0.0400537
0.0983541
0.13414
0.156279
0.167528
0.171869
0.172557
0.17176
0.1708
0.169968
-0.0792231
-0.0797398
-0.0800136
-0.0788986
-0.0752607
-0.068009
-0.0560886
-0.037978
-0.0113844
0.0262845
0.0696326
0.108196
0.132335
0.146078
0.152586
0.154484
0.15393
0.152587
0.151538
0.150822
-0.0274791
-0.0281412
-0.0296009
-0.0306614
-0.0298804
-0.0261121
-0.018134
-0.00441973
0.0167389
0.0466579
0.0792724
0.105734
0.122722
0.132021
0.136217
0.137132
0.136229
0.134868
0.133947
0.133374
0.00720556
0.00658476
0.00481693
0.00291865
0.00227593
0.0038275
0.0086996
0.0183001
0.0339942
0.0565286
0.080598
0.0991592
0.111249
0.1178
0.120535
0.120824
0.11983
0.118579
0.117795
0.117348
0.0287677
0.0282704
0.0266823
0.0246949
0.0235121
0.0239966
0.0269899
0.0335289
0.0446945
0.0610312
0.0784957
0.0916917
0.100194
0.104605
0.106253
0.106184
0.105175
0.10402
0.10335
0.103009
0.0412157
0.0408475
0.0396054
0.037897
0.0366314
0.0364855
0.0382416
0.0427007
0.0505609
0.0621817
0.0746266
0.0838526
0.0896872
0.0926905
0.0936957
0.0934027
0.0924306
0.0914025
0.0908397
0.090583
0.0477637
0.0474973
0.0465932
0.0452698
0.0441998
0.0438423
0.0447464
0.0475782
0.0529703
0.0611475
0.0699406
0.0764481
0.0804794
0.0824249
0.0829048
0.0824795
0.0815852
0.0806925
0.0802284
0.0800363
0.0506627
0.0504647
0.0498089
0.0488066
0.0479391
0.0475533
0.0480475
0.049859
0.053435
0.0590452
0.0651782
0.0696699
0.0723262
0.0735066
0.0736735
0.073199
0.0724019
0.0716498
0.0712755
0.0711312
0.0512479
0.0510946
0.0505903
0.0497973
0.0490657
0.0486396
0.048813
0.0499307
0.0523217
0.0561181
0.0602782
0.0633131
0.0650469
0.0657426
0.0657108
0.0652364
0.0645529
0.0639379
0.0636421
0.0635328
0.050241
0.0501213
0.04972
0.0490747
0.0484518
0.0480278
0.0480027
0.0486118
0.0501108
0.0526257
0.0554302
0.0574496
0.0585361
0.0588879
0.058742
0.0582996
0.0577267
0.0572319
0.0569995
0.056916
0.0480832
0.0479896
0.0476661
0.0471326
0.0465954
0.0461851
0.0460454
0.0463462
0.047255
0.0488634
0.0506767
0.0519585
0.0525987
0.0527343
0.0525318
0.0521329
0.0516577
0.0512608
0.0510778
0.0510136
0.045087
0.0450141
0.0447548
0.0443153
0.0438558
0.0434717
0.043263
0.0433492
0.0438548
0.044844
0.0459804
0.0467624
0.047106
0.0471046
0.0468782
0.0465271
0.0461358
0.0458185
0.0456748
0.0456255
0.0414982
0.0414417
0.041238
0.0408833
0.0404995
0.0401564
0.0399238
0.0398836
0.0401235
0.0406886
0.0413611
0.0418001
0.0419458
0.0418633
0.0416353
0.0413308
0.0410092
0.0407555
0.0406427
0.040605
0.0375083
0.0374642
0.0373063
0.0370245
0.0367099
0.0364127
0.0361806
0.0360706
0.0361447
0.0364326
0.0367951
0.0370073
0.0370285
0.0369031
0.0366874
0.0364277
0.0361654
0.0359639
0.0358757
0.0358467
0.0332562
0.0332217
0.0331003
0.0328803
0.0326274
0.0323776
0.0321624
0.0320212
0.0319959
0.0321072
0.0322696
0.0323386
0.0322878
0.0321459
0.03195
0.031732
0.0315201
0.0313608
0.0312917
0.0312693
0.0288403
0.0288132
0.0287203
0.0285508
0.028351
0.0281461
0.0279565
0.027808
0.0277296
0.0277356
0.0277749
0.0277598
0.0276718
0.0275291
0.0273569
0.0271768
0.0270078
0.026883
0.0268291
0.0268118
0.0243264
0.0243052
0.0242342
0.0241042
0.023948
0.023783
0.0236221
0.0234823
0.0233833
0.0233333
0.0233047
0.0232444
0.0231423
0.0230101
0.0228639
0.0227175
0.0225837
0.0224864
0.0224445
0.0224313
0.0197549
0.0197387
0.0196846
0.0195857
0.0194654
0.0193356
0.0192046
0.0190828
0.0189824
0.0189091
0.018848
0.0187714
0.0186726
0.0185581
0.0184386
0.0183221
0.0182173
0.018142
0.01811
0.0181
0.0151477
0.0151356
0.0150949
0.015021
0.0149308
0.0148326
0.0147312
0.0146328
0.014545
0.0144712
0.0144048
0.0143314
0.0142464
0.0141539
0.0140599
0.0139698
0.0138893
0.0138316
0.0138073
0.0138
0.0105164
0.0105078
0.0104786
0.0104259
0.0103622
0.0102931
0.0102211
0.0101501
0.0100838
0.0100244
0.009969
0.0099103
0.00984631
0.00977859
0.00971097
0.0096466
0.00958869
0.00954663
0.00952901
0.00952385
0.00586352
0.00585813
0.00584037
0.0058084
0.00577067
0.00573063
0.00568932
0.0056482
0.00560898
0.00557221
0.00553685
0.00550004
0.00546112
0.00542142
0.00538232
0.00534446
0.00530968
0.00528422
0.0052735
0.00526995
0.00119436
0.00119485
0.00119734
0.00119204
0.00118162
0.00117046
0.00115902
0.00114737
0.00113527
0.0011224
0.00110916
0.00109671
0.00108463
0.00107304
0.00106193
0.00105098
0.00104037
0.00103191
0.00103092
0.00103311
-0.822464
-0.562703
-0.291747
-0.0758321
0.0996502
0.241709
0.362687
0.464403
0.508749
0.493176
-0.375904
-0.211198
-0.0437005
0.100148
0.222256
0.324973
0.408576
0.468207
0.500202
0.512044
-0.0849059
0.0230245
0.134034
0.233304
0.31899
0.390937
0.448095
0.49017
0.519754
0.536661
0.115507
0.189409
0.267227
0.338036
0.39948
0.451436
0.493833
0.527433
0.553402
0.571044
0.266252
0.318964
0.375279
0.42751
0.473778
0.513819
0.547706
0.575674
0.597669
0.615204
0.386648
0.425148
0.469886
0.510874
0.548262
0.581505
0.610277
0.634286
0.652758
0.670152
0.48873
0.520921
0.559127
0.594805
0.627748
0.657472
0.68332
0.704636
0.720218
0.737606
0.583363
0.614826
0.651321
0.68565
0.717138
0.745329
0.769527
0.788922
0.802239
0.819722
0.682392
0.717221
0.755141
0.790179
0.821386
0.848535
0.871254
0.888957
0.900859
0.918714
0.799548
0.838807
0.87793
0.912964
0.942938
0.968229
0.989029
1.00513
1.01677
1.03518
0.945661
0.985595
1.02161
1.0525
1.0785
1.10094
1.12026
1.13604
1.14889
1.16707
1.12108
1.15348
1.17959
1.20221
1.22253
1.2415
1.25931
1.276
1.29186
1.31011
1.30918
1.3269
1.34265
1.35943
1.37574
1.3904
1.40354
1.4176
1.43477
1.45448
1.49113
1.50215
1.51437
1.52521
1.53452
1.54419
1.55521
1.56688
1.57688
1.59208
1.70233
1.70439
1.68923
1.67402
1.66775
1.67349
1.69212
1.72258
1.75476
1.78552
2.00822
1.87118
1.795
1.75305
1.73562
1.73966
1.76707
1.8232
1.92667
2.14196
0.299525
0.296165
0.290274
0.280518
0.267644
0.255303
0.245085
0.237238
0.231643
0.228342
0.227819
0.230284
0.235109
0.242078
0.251276
0.262778
0.275764
0.287647
0.295035
0.299712
0.217398
0.223299
0.230278
0.235613
0.238564
0.238364
0.235607
0.231792
0.228273
0.225932
0.225601
0.227537
0.230929
0.23499
0.238651
0.240397
0.239089
0.234838
0.228811
0.221701
0.209595
0.211949
0.215399
0.21845
0.220818
0.22277
0.223868
0.223745
0.222806
0.221877
0.221848
0.222975
0.224419
0.225331
0.225061
0.223608
0.221546
0.218976
0.215645
0.212602
0.204244
0.205316
0.207353
0.210022
0.212263
0.213871
0.215117
0.21608
0.216602
0.216828
0.217117
0.217516
0.217661
0.217259
0.21639
0.215171
0.213386
0.210939
0.208511
0.207005
0.19914
0.199756
0.201058
0.203145
0.205341
0.207303
0.208827
0.209998
0.210966
0.211736
0.212224
0.212317
0.212016
0.211373
0.210341
0.208804
0.206831
0.204743
0.203035
0.202168
0.194417
0.194772
0.195822
0.197729
0.19982
0.201911
0.203904
0.205536
0.206729
0.207577
0.208147
0.208348
0.20803
0.20713
0.205647
0.203829
0.201914
0.199989
0.198498
0.197918
0.190918
0.191077
0.191848
0.193435
0.195189
0.196818
0.198338
0.199867
0.201322
0.202525
0.203282
0.203373
0.202892
0.202018
0.200961
0.199704
0.198211
0.196618
0.195442
0.195102
0.188919
0.188996
0.189478
0.19056
0.191891
0.193292
0.19478
0.196196
0.19752
0.198728
0.19961
0.199923
0.199706
0.199099
0.198178
0.197136
0.196045
0.194977
0.194256
0.194065
0.187091
0.187142
0.187411
0.187998
0.188802
0.189838
0.19094
0.192235
0.193617
0.19495
0.196013
0.196512
0.196487
0.196148
0.195656
0.194948
0.194414
0.193932
0.193604
0.193497
0.184513
0.184546
0.184727
0.185129
0.185692
0.186348
0.187331
0.188483
0.189788
0.191184
0.192453
0.193264
0.193583
0.193569
0.193363
0.193259
0.193015
0.192779
0.192611
0.192546
0.181262
0.181276
0.181417
0.181785
0.182333
0.182999
0.183895
0.185062
0.186463
0.188051
0.189603
0.190734
0.191345
0.191617
0.191694
0.191674
0.191588
0.191441
0.191343
0.191315
0.177609
0.177606
0.177716
0.17806
0.178599
0.179284
0.180236
0.181395
0.182883
0.184696
0.186595
0.188143
0.189145
0.189722
0.19012
0.19029
0.190313
0.190247
0.190212
0.190208
0.173652
0.173651
0.173737
0.174076
0.174625
0.175377
0.176367
0.177684
0.179395
0.181529
0.183908
0.185945
0.187372
0.188323
0.188896
0.189228
0.18937
0.189415
0.189446
0.189457
0.169292
0.169282
0.169387
0.169707
0.170261
0.171061
0.172174
0.173696
0.175722
0.178316
0.181283
0.183912
0.185826
0.187128
0.187991
0.188532
0.188841
0.189009
0.189101
0.18912
0.164357
0.164344
0.164468
0.164801
0.165403
0.1663
0.167594
0.16941
0.171872
0.175071
0.178791
0.182153
0.184569
0.186337
0.187518
0.188289
0.188771
0.18906
0.189205
0.189232
0.158675
0.15866
0.158803
0.159208
0.159892
0.160945
0.162502
0.164723
0.167764
0.171748
0.176419
0.180664
0.183812
0.186038
0.187571
0.188595
0.189258
0.189663
0.18986
0.189896
0.152048
0.152028
0.15221
0.1527
0.15354
0.154828
0.156758
0.159519
0.163318
0.168312
0.174179
0.179519
0.183496
0.186314
0.188261
0.189572
0.190433
0.190964
0.191219
0.191264
0.144225
0.1442
0.144433
0.145045
0.146103
0.147749
0.150182
0.153657
0.158447
0.16473
0.172093
0.178782
0.183748
0.187282
0.189724
0.191374
0.192464
0.193139
0.193461
0.193518
0.13488
0.134847
0.135155
0.135955
0.137317
0.139423
0.14253
0.146969
0.153051
0.160976
0.170203
0.178543
0.184714
0.189106
0.192141
0.194192
0.195549
0.196388
0.196785
0.19686
0.123535
0.123492
0.123907
0.124971
0.126756
0.129496
0.13354
0.139262
0.147015
0.157026
0.168565
0.178915
0.186544
0.19197
0.195721
0.198257
0.199938
0.20099
0.201486
0.201572
0.109533
0.109482
0.110064
0.111503
0.113888
0.117525
0.122839
0.130264
0.140212
0.152873
0.167258
0.180032
0.18941
0.196078
0.200699
0.203829
0.205906
0.207208
0.207827
0.207934
0.0919335
0.0918836
0.0927272
0.0947102
0.0979646
0.10288
0.109968
0.119733
0.132568
0.148562
0.166399
0.182054
0.193501
0.201652
0.207327
0.211193
0.213769
0.215388
0.216167
0.216295
0.0692651
0.0692351
0.0705127
0.0733568
0.0779626
0.0848177
0.0945023
0.107499
0.124093
0.144215
0.166156
0.185158
0.199009
0.208912
0.215862
0.220645
0.223863
0.225896
0.226871
0.227033
0.0390946
0.0391396
0.0412139
0.0455939
0.0524911
0.062465
0.07602
0.0934763
0.114915
0.140043
0.166731
0.189516
0.206089
0.218025
0.226515
0.232455
0.236519
0.239119
0.24036
0.240562
-0.00286699
-0.00254991
0.0013227
0.00885987
0.0199705
0.03509
0.0543806
0.0778617
0.105352
0.136341
0.168333
0.195244
0.214799
0.229029
0.239353
0.246771
0.251999
0.255435
0.257065
0.257307
-0.0647009
-0.0628828
-0.0537446
-0.0393996
-0.0203994
0.00291797
0.0302224
0.0613499
0.0959687
0.133486
0.171137
0.202356
0.225038
0.241739
0.254136
0.263368
0.270142
0.274758
0.277061
0.277373
-0.138932
-0.135636
-0.118479
-0.0931315
-0.0636237
-0.0308343
0.00520448
0.0444729
0.0867356
0.131498
0.1758
0.212499
0.239498
0.259844
0.275457
0.287595
0.297136
0.303779
0.306391
0.307361
-0.214769
-0.205487
-0.180096
-0.144712
-0.105598
-0.0636712
-0.01901
0.0283494
0.0782311
0.130228
0.181224
0.223416
0.25465
0.278499
0.297173
0.31206
0.323974
0.332609
0.337221
0.338933
-0.272587
-0.26214
-0.231805
-0.189812
-0.143375
-0.0938479
-0.0416258
0.0131128
0.0700877
0.128836
0.18593
0.232887
0.26753
0.293914
0.314498
0.330807
0.343751
0.353428
0.358957
0.360796
-0.319174
-0.308244
-0.274557
-0.227959
-0.176082
-0.120671
-0.0622363
-0.00113642
0.0621345
0.12696
0.189494
0.240455
0.277651
0.305641
0.327203
0.344108
0.357422
0.367346
0.37297
0.374918
-0.35754
-0.346626
-0.310932
-0.260689
-0.204526
-0.144391
-0.0808394
-0.0143573
0.0544196
0.124663
0.192007
0.246418
0.285712
0.314925
0.337152
0.354347
0.367713
0.377619
0.383221
0.385129
-0.390705
-0.379874
-0.342694
-0.289638
-0.229982
-0.165877
-0.0979296
-0.0267427
0.0469272
0.122094
0.193936
0.251557
0.292717
0.322934
0.345613
0.36293
0.376245
0.386093
0.3917
0.393518
-0.420225
-0.409493
-0.371251
-0.315896
-0.253296
-0.185781
-0.113999
-0.0386303
0.0394954
0.119239
0.195277
0.255903
0.29884
0.330029
0.353176
0.370667
0.383995
0.39378
0.399408
0.401098
-0.447276
-0.4366
-0.397511
-0.340208
-0.275131
-0.204687
-0.129537
-0.0504049
0.0317803
0.115764
0.195878
0.259599
0.304435
0.336711
0.360418
0.378146
0.391543
0.401304
0.406917
0.408499
-0.472606
-0.461957
-0.422096
-0.363123
-0.295912
-0.222908
-0.144797
-0.0623201
0.0235928
0.111664
0.195862
0.262803
0.309705
0.343226
0.367624
0.38569
0.399213
0.408964
0.414586
0.416061
-0.496695
-0.486022
-0.445523
-0.385083
-0.315975
-0.240705
-0.159968
-0.0744516
0.0149291
0.106891
0.195139
0.265472
0.314691
0.349692
0.374969
0.393507
0.407245
0.417047
0.422635
0.424042
-0.519874
-0.509145
-0.467958
-0.406325
-0.33553
-0.258245
-0.175156
-0.0869023
0.00564776
0.101281
0.193593
0.267541
0.319386
0.356155
0.382539
0.401718
0.415781
0.425683
0.431206
0.432591
-0.542334
-0.531466
-0.489618
-0.426993
-0.354657
-0.27562
-0.190461
-0.0997684
-0.00432926
0.0947862
0.191122
0.268885
0.323706
0.362594
0.390363
0.410383
0.424909
0.434994
0.440446
0.441802
-0.564089
-0.553065
-0.510717
-0.447116
-0.373435
-0.292878
-0.205905
-0.113045
-0.0149894
0.0873536
0.187612
0.269358
0.327495
0.36891
0.398401
0.419497
0.434636
0.444982
0.450394
0.451672
-0.585275
-0.574043
-0.531275
-0.466686
-0.391881
-0.309999
-0.221443
-0.126694
-0.0263272
0.0789594
0.182969
0.268784
0.330532
0.374893
0.406521
0.429002
0.444945
0.455646
0.461024
0.462171
-0.605836
-0.59441
-0.551182
-0.485743
-0.409965
-0.326939
-0.237028
-0.140666
-0.0382947
0.0696143
0.177122
0.266978
0.332576
0.380302
0.414568
0.438818
0.455777
0.466882
0.472225
0.473183
-0.625805
-0.614162
-0.570435
-0.504273
-0.427652
-0.343656
-0.252606
-0.154881
-0.0508132
0.0593617
0.170036
0.263778
0.333372
0.38488
0.422359
0.448883
0.467099
0.478593
0.483769
0.484504
-0.645023
-0.633229
-0.589025
-0.522231
-0.444885
-0.360068
-0.268095
-0.169252
-0.0637896
0.0482845
0.161706
0.259065
0.332628
0.388236
0.429561
0.45911
0.478994
0.490763
0.495479
0.495883
-0.663594
-0.651584
-0.60693
-0.539586
-0.461623
-0.376128
-0.283398
-0.183685
-0.0771165
0.0364916
0.152179
0.25275
0.33008
0.389863
0.435629
0.469284
0.491775
0.503692
0.507141
0.506893
-0.681395
-0.669162
-0.62413
-0.556292
-0.477795
-0.39176
-0.298438
-0.198059
-0.0906707
0.0240817
0.141559
0.244805
0.325545
0.389262
0.439763
0.47879
0.505812
0.518782
0.519462
0.517074
-0.698464
-0.686058
-0.640582
-0.572305
-0.493366
-0.406905
-0.313135
-0.21229
-0.104331
0.0112182
0.129979
0.235252
0.318931
0.386024
0.440874
0.486148
0.520425
0.538374
0.53747
0.525729
-0.714747
-0.702215
-0.656386
-0.587763
-0.508527
-0.421825
-0.327808
-0.226771
-0.118551
-0.00263076
0.116836
0.223403
0.309488
0.379387
0.437296
0.488568
0.532141
0.559356
0.561754
0.554966
-0.730227
-0.717568
-0.671569
-0.602615
-0.523265
-0.436519
-0.342426
-0.241501
-0.133339
-0.0175217
0.102029
0.209046
0.296668
0.368814
0.426929
0.480105
0.527235
0.557668
0.541069
0.481087
-0.744707
-0.731531
-0.686114
-0.616836
-0.53767
-0.451076
-0.357006
-0.256357
-0.148608
-0.0333443
0.0855883
0.192174
0.279906
0.354158
0.409682
0.452821
0.494024
0.501788
0.449868
0.378816
-0.759793
-0.745005
-0.699708
-0.630079
-0.551565
-0.465129
-0.371786
-0.271274
-0.164216
-0.0499123
0.0676017
0.17276
0.258569
0.336025
0.388065
0.429843
0.419478
0.390977
0.318935
0.241031
-0.744273
-0.724889
-0.678471
-0.606742
-0.524259
-0.434681
-0.336928
-0.23406
-0.124711
-0.00808649
0.10246
0.194045
0.270474
0.347291
0.409335
0.330978
0.284109
0.220147
0.138455
0.0836007
-0.762723
-0.748132
-0.714521
-0.650784
-0.572946
-0.487157
-0.394139
-0.294684
-0.189098
-0.0770596
0.0369074
0.137772
0.217781
0.288984
0.353475
0.347744
0.23558
0.143585
0.0747488
-0.0209411
-0.780685
-0.76637
-0.726784
-0.661941
-0.583998
-0.498992
-0.407338
-0.309117
-0.204971
-0.0950633
0.0160045
0.113044
0.188981
0.246604
0.267944
0.192014
0.0277704
-0.0828152
-0.169979
-0.272557
-0.798584
-0.786775
-0.742606
-0.676803
-0.59888
-0.514076
-0.422772
-0.325254
-0.222476
-0.114747
-0.00746521
0.0837722
0.152175
0.194373
0.164171
0.0108475
-0.17694
-0.318789
-0.439029
-0.596928
-0.817867
-0.805804
-0.759983
-0.693297
-0.615347
-0.530745
-0.439863
-0.3433
-0.242085
-0.136876
-0.0339034
0.0508535
0.110125
0.133427
0.053856
-0.17164
-0.401465
-0.591449
-0.770564
-1.00303
-0.836065
-0.824231
-0.77762
-0.710066
-0.631941
-0.547592
-0.457354
-0.361968
-0.262529
-0.160165
-0.0619276
0.0159727
0.065523
0.0622888
-0.0793936
-0.351123
-0.628447
-0.894621
-1.12588
-1.63031
-0.853575
-0.842265
-0.795561
-0.727451
-0.649236
-0.565129
-0.47555
-0.381351
-0.283759
-0.184423
-0.0912145
-0.0206395
0.0187516
-0.0242137
-0.226391
-0.514594
-0.821024
-1.10922
-1.3625
-1.86589
-0.871257
-0.860334
-0.81403
-0.745579
-0.667437
-0.583574
-0.494648
-0.401613
-0.305898
-0.209707
-0.121685
-0.0587954
-0.031387
-0.114972
-0.363771
-0.651304
-0.952755
-1.21379
-1.32935
-1.37667
-0.889606
-0.879015
-0.833089
-0.76463
-0.686743
-0.603277
-0.515155
-0.423484
-0.329939
-0.237312
-0.155028
-0.100659
-0.0885019
-0.20555
-0.494807
-0.768241
-1.02932
-1.224
-1.27939
-1.29541
-0.908645
-0.898395
-0.852636
-0.784548
-0.706979
-0.624076
-0.536937
-0.446853
-0.355775
-0.267161
-0.19111
-0.145946
-0.149363
-0.31058
-0.617251
-0.875811
-1.09451
-1.2289
-1.25585
-1.25482
-0.92845
-0.918382
-0.872908
-0.805168
-0.728014
-0.64582
-0.559835
-0.471567
-0.383212
-0.298937
-0.229609
-0.193898
-0.219858
-0.425051
-0.735657
-0.989961
-1.14396
-1.20298
-1.22165
-1.22878
-0.948674
-0.938886
-0.893702
-0.826258
-0.749654
-0.66828
-0.583637
-0.497374
-0.412013
-0.332272
-0.270289
-0.243495
-0.301752
-0.53689
-0.843171
-1.13156
-1.19531
-1.19702
-1.22649
-1.23503
-0.968917
-0.959397
-0.914724
-0.847583
-0.771546
-0.691146
-0.608001
-0.523932
-0.44181
-0.366659
-0.312524
-0.294004
-0.382126
-0.64919
-0.935761
-1.3049
-1.42415
-1.3329
-1.28241
-1.26534
-0.988757
-0.979439
-0.935312
-0.868746
-0.793307
-0.713913
-0.632452
-0.550771
-0.472033
-0.401461
-0.354818
-0.345092
-0.45938
-0.758043
-0.990457
-1.35165
-1.55313
-1.39318
-1.30042
-1.26813
-1.00738
-0.998387
-0.95482
-0.888921
-0.814267
-0.736096
-0.656375
-0.577184
-0.501776
-0.43567
-0.39527
-0.394915
-0.535318
-0.850808
-0.960931
-0.86739
-1.02106
-1.22181
-1.36518
-1.36926
-1.02401
-1.01543
-0.972642
-0.907275
-0.833521
-0.756664
-0.678893
-0.602344
-0.530062
-0.468124
-0.431642
-0.440429
-0.614046
-0.995395
-1.09844
-0.761665
-0.812146
-1.3114
-1.64034
-1.66996
-1.03739
-1.02932
-0.987612
-0.922838
-0.849975
-0.77457
-0.698922
-0.625184
-0.555999
-0.497153
-0.462272
-0.484483
-0.704642
-1.30683
-2.01404
-2.42649
-2.77815
-2.71131
-2.36202
-2.122
-1.04628
-1.03881
-0.998319
-0.934332
-0.862411
-0.788587
-0.715287
-0.644494
-0.578463
-0.521374
-0.4867
-0.522897
-0.78938
-1.65905
-2.91567
-4.03534
-4.44994
-4.35992
-3.9096
-3.45615
-1.04893
-1.04211
-1.00327
-0.940153
-0.869271
-0.797292
-0.726642
-0.659305
-0.597555
-0.540275
-0.499601
-0.517576
-0.76425
-1.58509
-2.78709
-4.02112
-4.39181
-4.10845
-3.57798
-3.15063
-1.04342
-1.03734
-1.00042
-0.938483
-0.868812
-0.799067
-0.731799
-0.669047
-0.611068
-0.554609
-0.501417
-0.481864
-0.524253
-0.848046
-1.13632
-1.22922
-1.12056
-0.779459
-0.475684
-0.289003
-1.02735
-1.02209
-0.987359
-0.927086
-0.859278
-0.792463
-0.729559
-0.672723
-0.621647
-0.567264
-0.494493
-0.392005
-0.260785
-0.0544678
0.377426
0.895098
1.45617
1.85016
2.05733
2.1217
-0.998819
-0.99404
-0.96195
-0.904152
-0.839219
-0.776397
-0.719501
-0.671725
-0.633267
-0.590672
-0.513903
-0.356187
-0.15438
0.240601
0.884196
1.56048
2.106
2.46586
2.63967
2.68606
-0.955966
-0.951943
-0.92237
-0.868384
-0.807811
-0.750549
-0.701844
-0.667798
-0.654844
-0.653593
-0.629685
-0.45267
-0.116822
0.238314
0.830256
1.41837
1.8724
2.16971
2.32043
2.37069
-0.896843
-0.89393
-0.867589
-0.819286
-0.765064
-0.71514
-0.676777
-0.661835
-0.693986
-0.805435
-0.95352
-0.821317
-0.371106
0.0498011
0.569175
1.06098
1.43719
1.68298
1.80781
1.85667
-0.82355
-0.821013
-0.798839
-0.757264
-0.711244
-0.669852
-0.642516
-0.649055
-0.741389
-1.04898
-1.57695
-1.52461
-0.857202
-0.333714
0.214357
0.669645
0.997866
1.2043
1.30601
1.34806
-0.735208
-0.732668
-0.714507
-0.682293
-0.645122
-0.611641
-0.592369
-0.612124
-0.738043
-1.1352
-1.91476
-1.8886
-1.20431
-0.601157
-0.0474476
0.353577
0.607734
0.751934
0.833736
0.882387
-0.631368
-0.629318
-0.61745
-0.592697
-0.563125
-0.53515
-0.517395
-0.530039
-0.625694
-0.922776
-1.3896
-1.33216
-0.864829
-0.377
-0.00163201
0.237346
0.373712
0.449204
0.492734
0.514408
-0.510232
-0.509641
-0.502473
-0.485278
-0.463612
-0.441001
-0.422521
-0.420598
-0.465645
-0.616083
-0.824366
-0.727487
-0.422105
-0.110654
0.0962916
0.215534
0.281915
0.320552
0.341891
0.349553
-0.393969
-0.393833
-0.389222
-0.37704
-0.360562
-0.341723
-0.322574
-0.308446
-0.311769
-0.35078
-0.391262
-0.291419
-0.111369
0.0487452
0.147807
0.199817
0.228646
0.245235
0.253919
0.256794
-0.286989
-0.287355
-0.284268
-0.275611
-0.263155
-0.247799
-0.229531
-0.209602
-0.190854
-0.174206
-0.138847
-0.0472651
0.0499791
0.122399
0.167849
0.189854
0.201132
0.206861
0.209139
0.209272
-0.191676
-0.192285
-0.190779
-0.185657
-0.177355
-0.165956
-0.150546
-0.130592
-0.105187
-0.0714316
-0.0216295
0.0491482
0.108412
0.144985
0.167429
0.177668
0.181644
0.182477
0.181983
0.181221
-0.111864
-0.112554
-0.112457
-0.11082
-0.106687
-0.0994208
-0.0879456
-0.0711708
-0.0471474
-0.0129825
0.0330307
0.0837222
0.122273
0.144575
0.157124
0.162344
0.163412
0.162573
0.161378
0.160504
-0.0506639
-0.0512901
-0.0521063
-0.0529677
-0.0521496
-0.0485924
-0.0411129
-0.0284106
-0.00869645
0.0200457
0.0572275
0.0931654
0.119339
0.134526
0.142448
0.145429
0.145501
0.14425
0.142994
0.142232
-0.00796274
-0.00846955
-0.00960208
-0.0115457
-0.012495
-0.0114528
-0.00724753
0.00147203
0.0162552
0.0384251
0.0667589
0.0925231
0.110813
0.121528
0.126938
0.128769
0.128417
0.127153
0.126033
0.125416
0.0195523
0.0191761
0.018101
0.0159857
0.014398
0.0142559
0.0164811
0.0221707
0.0326508
0.0489311
0.0698138
0.0883261
0.101264
0.10886
0.112459
0.113421
0.112849
0.111637
0.11063
0.110134
0.0360413
0.0357735
0.0349109
0.0330798
0.0314195
0.0307327
0.0318562
0.0356232
0.0429145
0.0544996
0.069511
0.0827728
0.0917967
0.0969716
0.0993141
0.0997865
0.0991088
0.0979768
0.0970874
0.0966943
0.0451585
0.0449648
0.0443287
0.0429182
0.0414987
0.0406782
0.041065
0.0433936
0.0484075
0.0565984
0.0672161
0.0765654
0.0828183
0.0863959
0.0878991
0.0880014
0.0872845
0.0862669
0.0854994
0.0851906
0.04964
0.0494933
0.0490376
0.0480054
0.0468916
0.0461718
0.0462612
0.0476438
0.050896
0.0565023
0.0639503
0.0705761
0.0749008
0.0772328
0.0780745
0.077949
0.0772523
0.076362
0.0757184
0.0754775
0.0512468
0.0511328
0.0507923
0.0500141
0.0491283
0.0484862
0.0484001
0.0492384
0.0513934
0.0551735
0.0602651
0.0647922
0.0676784
0.0691617
0.069607
0.0693594
0.0687154
0.0679606
0.0674362
0.0672495
0.0509556
0.0508675
0.0506005
0.0499833
0.0492548
0.0486754
0.048456
0.0488596
0.0501977
0.0527152
0.0561507
0.059228
0.061142
0.0620522
0.0622213
0.0619163
0.0613492
0.0607275
0.06031
0.0601655
0.0493171
0.0492499
0.0490379
0.048538
0.0479304
0.0474139
0.0471391
0.0472895
0.0480722
0.04967
0.0519342
0.0539594
0.0551712
0.0556816
0.0556836
0.0553649
0.0548753
0.0543678
0.0540363
0.0539238
0.0466978
0.0466469
0.0464782
0.0460697
0.0455578
0.0450951
0.0447883
0.0447683
0.0451888
0.0461718
0.0476102
0.0488925
0.0496246
0.0498749
0.0497789
0.0494692
0.0490533
0.0486414
0.0483789
0.0482915
0.043372
0.0433333
0.0432013
0.0428727
0.0424489
0.0420464
0.0417405
0.041621
0.0417956
0.0423534
0.0432296
0.0440064
0.0444139
0.0444941
0.0443444
0.044057
0.0437064
0.0433722
0.043164
0.0430959
0.0395578
0.0395281
0.0394259
0.039166
0.0388217
0.0384806
0.038195
0.038028
0.0380539
0.0383336
0.038827
0.0392586
0.0394495
0.0394246
0.0392513
0.0389927
0.0387002
0.0384309
0.0382667
0.0382136
0.0354189
0.0353958
0.0353169
0.0351145
0.0348398
0.0345573
0.0343025
0.0341188
0.0340572
0.0341606
0.0344056
0.0346135
0.0346668
0.0345826
0.0344061
0.0341793
0.0339375
0.0337216
0.0335925
0.0335511
0.0310726
0.0310546
0.0309937
0.0308377
0.0306221
0.0303933
0.0301747
0.0299951
0.0298894
0.0298872
0.0299737
0.0300405
0.0300137
0.0299014
0.0297334
0.029539
0.0293414
0.0291699
0.0290689
0.0290367
0.0265994
0.0265853
0.0265382
0.0264188
0.0262515
0.0260689
0.0258865
0.0257231
0.025602
0.0255426
0.0255382
0.0255233
0.0254531
0.0253329
0.0251818
0.025019
0.0248596
0.024724
0.0246449
0.0246197
0.022051
0.02204
0.0220036
0.0219128
0.0217845
0.0216413
0.0214935
0.0213528
0.0212345
0.0211515
0.0210996
0.0210427
0.0209558
0.0208409
0.0207111
0.0205784
0.0204523
0.0203467
0.0202853
0.0202657
0.0174583
0.0174499
0.0174223
0.0173539
0.0172569
0.0171472
0.0170312
0.0169165
0.0168126
0.0167266
0.016658
0.0165881
0.0165032
0.0164037
0.0162972
0.0161916
0.0160934
0.0160126
0.0159657
0.0159508
0.0128369
0.0128307
0.0128106
0.0127606
0.0126895
0.012609
0.0125232
0.0124364
0.0123541
0.0122812
0.0122175
0.0121536
0.0120826
0.0120043
0.0119226
0.0118427
0.0117687
0.0117081
0.0116734
0.0116624
0.00819363
0.00818921
0.0081758
0.00814177
0.00809405
0.00804122
0.0079855
0.00792861
0.00787354
0.00782243
0.00777556
0.00772843
0.00767834
0.00762505
0.00757126
0.00751895
0.00746947
0.00742788
0.00740433
0.0073971
0.00119385
0.00119663
0.00119588
0.00118708
0.00117609
0.00116476
0.00115318
0.00114121
0.00112907
0.00111634
0.00110336
0.00109061
0.00107869
0.00106746
0.00105645
0.00104562
0.00103553
0.00103037
0.00103263
0.00315385
-1.983
-1.13533
-0.624197
-0.30867
-0.0707955
0.114501
0.263454
0.391402
0.519224
0.604377
-0.764195
-0.490329
-0.259418
-0.0660997
0.0944465
0.227954
0.339126
0.430232
0.487669
0.499923
-0.307933
-0.155015
-0.0145232
0.113683
0.224228
0.318305
0.395814
0.454779
0.494069
0.516453
-0.0347172
0.0643703
0.15898
0.247734
0.325718
0.39231
0.446992
0.489801
0.522353
0.54384
0.154021
0.222558
0.290993
0.354566
0.411362
0.460438
0.501756
0.535738
0.563145
0.58161
0.298074
0.345885
0.399647
0.447008
0.490629
0.529336
0.56287
0.591288
0.614577
0.629807
0.4145
0.452988
0.49484
0.533851
0.570055
0.603079
0.632227
0.657111
0.677227
0.689703
0.515802
0.54994
0.586275
0.621924
0.655177
0.685656
0.712578
0.735311
0.752995
0.763333
0.612057
0.646679
0.683045
0.718931
0.751828
0.781422
0.807083
0.828235
0.843985
0.853245
0.717152
0.756049
0.794826
0.832115
0.865123
0.893737
0.917809
0.937214
0.951485
0.961179
0.845872
0.889166
0.92876
0.964901
0.995736
1.0218
1.04372
1.06159
1.0753
1.08673
1.0083
1.05023
1.08427
1.11359
1.13835
1.16015
1.17997
1.19756
1.21271
1.22655
1.19943
1.22907
1.25097
1.27034
1.28881
1.30633
1.3226
1.33842
1.35523
1.37255
1.39646
1.40719
1.4196
1.43426
1.44889
1.46189
1.47329
1.48423
1.49702
1.51263
1.58374
1.59337
1.60303
1.60504
1.60558
1.60987
1.62083
1.63727
1.65467
1.6594
1.88849
1.82967
1.77797
1.73793
1.71565
1.71166
1.72518
1.75891
1.81494
1.89429
0.434296
0.3772
0.33484
0.301352
0.277085
0.25975
0.247347
0.238466
0.232363
0.228833
0.228274
0.23086
0.23603
0.24372
0.254415
0.269206
0.289842
0.318484
0.356855
0.4049
0.238602
0.247664
0.253861
0.254543
0.25065
0.244352
0.237863
0.232408
0.228555
0.226792
0.227719
0.231021
0.236024
0.242315
0.249085
0.25462
0.256531
0.2531
0.244649
0.237437
0.21395
0.216063
0.220755
0.224625
0.227766
0.229656
0.229587
0.22795
0.225784
0.224123
0.223929
0.225488
0.227899
0.230209
0.231365
0.230564
0.228027
0.224609
0.220347
0.215835
0.207582
0.208496
0.211135
0.213983
0.216134
0.217776
0.219084
0.21975
0.219689
0.219391
0.219526
0.220264
0.22096
0.221007
0.220205
0.218876
0.217144
0.2147
0.21185
0.209737
0.201963
0.202431
0.204018
0.206377
0.20862
0.210385
0.211679
0.212736
0.213593
0.214214
0.21463
0.214777
0.214567
0.213984
0.213104
0.211789
0.209893
0.207614
0.205608
0.204496
0.19691
0.197189
0.198345
0.200315
0.202481
0.204602
0.206437
0.207814
0.208827
0.209593
0.210113
0.210289
0.21003
0.209311
0.208022
0.206241
0.204233
0.202239
0.200666
0.199954
0.19254
0.192684
0.193605
0.195388
0.197332
0.199187
0.201001
0.202708
0.204133
0.205194
0.205857
0.205976
0.205502
0.204489
0.203121
0.20157
0.19986
0.198065
0.196702
0.19625
0.189841
0.189909
0.19053
0.191876
0.193431
0.194949
0.196385
0.197771
0.19911
0.200313
0.201134
0.201326
0.201002
0.200335
0.199426
0.198288
0.196986
0.195638
0.194687
0.194433
0.188091
0.188133
0.188497
0.189315
0.190391
0.191588
0.192969
0.194396
0.195785
0.197059
0.198028
0.198431
0.198281
0.197727
0.19691
0.19606
0.195224
0.194454
0.193948
0.193803
0.185914
0.185942
0.186151
0.186594
0.187183
0.188086
0.189026
0.190192
0.191511
0.192868
0.194025
0.194668
0.194816
0.194674
0.19443
0.194008
0.193693
0.193382
0.193161
0.193079
0.18296
0.182977
0.183137
0.183514
0.184066
0.184725
0.185674
0.186842
0.188192
0.189676
0.191079
0.192047
0.192506
0.192619
0.192535
0.192452
0.192292
0.192113
0.191984
0.191938
0.179473
0.179479
0.179604
0.179959
0.180507
0.181186
0.182042
0.183212
0.184649
0.186341
0.188055
0.189381
0.190182
0.190619
0.190877
0.190949
0.190922
0.190808
0.190741
0.190727
0.175662
0.175668
0.17577
0.176101
0.17664
0.177368
0.178339
0.179568
0.181153
0.183105
0.185233
0.187019
0.188233
0.189027
0.18942
0.189696
0.189788
0.189776
0.189776
0.189781
0.171519
0.171525
0.171628
0.171951
0.172493
0.173261
0.174309
0.17572
0.177579
0.179925
0.182581
0.184896
0.186557
0.187675
0.188399
0.188832
0.189051
0.189157
0.189219
0.189235
0.166891
0.166895
0.167013
0.167329
0.167896
0.16874
0.169939
0.171594
0.173821
0.176696
0.180017
0.182994
0.185177
0.186683
0.187695
0.188346
0.18874
0.188967
0.189086
0.18911
0.161597
0.161602
0.161734
0.162095
0.162727
0.163708
0.165129
0.167129
0.169858
0.173423
0.17759
0.18136
0.184122
0.18612
0.187473
0.188363
0.188929
0.189271
0.189441
0.189475
0.15546
0.155466
0.155626
0.156062
0.156828
0.158009
0.159742
0.162208
0.165599
0.170054
0.175286
0.180042
0.183597
0.186103
0.187833
0.188988
0.189735
0.190189
0.190412
0.190457
0.148255
0.148263
0.148461
0.149004
0.149973
0.151445
0.153604
0.156701
0.160961
0.166555
0.173124
0.179101
0.183546
0.186708
0.188892
0.190358
0.19131
0.191888
0.19217
0.192225
0.139702
0.139712
0.13997
0.140665
0.141889
0.143768
0.146527
0.150455
0.155838
0.162888
0.171129
0.1786
0.184139
0.188084
0.190813
0.192649
0.193844
0.194574
0.194925
0.194988
0.129424
0.129439
0.129777
0.130676
0.132259
0.134694
0.138244
0.143262
0.150116
0.159024
0.169348
0.178644
0.185511
0.190399
0.193783
0.196065
0.19755
0.198448
0.198885
0.198966
0.116872
0.116894
0.117342
0.118528
0.120618
0.123805
0.128419
0.134919
0.1437
0.154961
0.167855
0.179365
0.187831
0.193853
0.198028
0.200853
0.2027
0.203817
0.204351
0.204446
0.101252
0.101284
0.101887
0.103497
0.10633
0.110587
0.116707
0.125211
0.1365
0.150728
0.166758
0.180916
0.191287
0.198667
0.203796
0.207283
0.209577
0.210964
0.211614
0.211731
0.0813819
0.0814263
0.0822732
0.0845477
0.0885096
0.0943536
0.102623
0.113865
0.128447
0.146393
0.166195
0.183464
0.19607
0.205065
0.211353
0.215658
0.218517
0.220261
0.221067
0.221204
0.0554547
0.0555266
0.0567959
0.0601781
0.0659497
0.0742415
0.0856628
0.100708
0.119582
0.142097
0.166333
0.187175
0.202349
0.213238
0.220933
0.226274
0.229871
0.232085
0.233114
0.233276
0.0202923
0.020429
0.0225845
0.028148
0.0371396
0.0494321
0.0655732
0.0858297
0.110146
0.138106
0.167387
0.192201
0.210239
0.223297
0.232683
0.239347
0.243953
0.246837
0.248165
0.248359
-0.0302602
-0.0297717
-0.024922
-0.0143391
0.0007024
0.0195747
0.0425746
0.0696762
0.100603
0.134788
0.16958
0.198634
0.219743
0.235198
0.246551
0.254878
0.260867
0.264813
0.266687
0.26695
-0.104372
-0.101236
-0.0876416
-0.0667955
-0.0419681
-0.0138682
0.017809
0.0529977
0.0913884
0.132421
0.17322
0.206965
0.231606
0.249958
0.263846
0.274515
0.282743
0.288611
0.291761
0.292504
-0.182727
-0.175252
-0.15117
-0.119681
-0.0848554
-0.0474016
-0.00700166
0.0363488
0.082453
0.13087
0.178577
0.218106
0.24732
0.269529
0.286836
0.300627
0.311724
0.320585
0.326539
0.327733
-0.246696
-0.239055
-0.208077
-0.168238
-0.12503
-0.0790782
-0.0304771
0.0206775
0.0741841
0.129626
0.183748
0.228413
0.261458
0.286708
0.306513
0.322382
0.335168
0.345338
0.351524
0.352842
-0.297743
-0.289448
-0.254802
-0.209676
-0.160246
-0.107616
-0.0521459
0.00589743
0.0661256
0.127996
0.18789
0.236943
0.272955
0.300227
0.321382
0.338124
0.35155
0.36192
0.368282
0.369829
-0.339257
-0.330782
-0.294017
-0.244881
-0.190679
-0.132802
-0.0717017
-0.00782072
0.0582772
0.125888
0.190888
0.243607
0.281878
0.310505
0.332438
0.349583
0.363152
0.373501
0.379877
0.381567
-0.374423
-0.365883
-0.327773
-0.275547
-0.217498
-0.155321
-0.089504
-0.0205967
0.0506848
0.123426
0.193049
0.249102
0.289356
0.319093
0.341565
0.358864
0.372356
0.382557
0.388882
0.390653
-0.405287
-0.396748
-0.357704
-0.303048
-0.241805
-0.17594
-0.106018
-0.0326879
0.043253
0.120746
0.19472
0.253854
0.295893
0.326584
0.349488
0.366911
0.380334
0.390432
0.396651
0.398462
-0.433279
-0.424721
-0.384946
-0.328243
-0.264316
-0.195297
-0.121783
-0.0444824
0.0357245
0.117613
0.195675
0.257837
0.301706
0.333422
0.356839
0.374458
0.387903
0.397877
0.403973
0.405828
-0.459195
-0.450628
-0.410251
-0.351785
-0.285589
-0.213835
-0.137161
-0.0563118
0.027767
0.113816
0.195972
0.261286
0.307132
0.340001
0.364035
0.381932
0.395452
0.405394
0.41132
0.413203
-0.483711
-0.475098
-0.434164
-0.37415
-0.30598
-0.231816
-0.152362
-0.0683338
0.0193487
0.109394
0.195625
0.264227
0.312257
0.346482
0.371291
0.389586
0.403258
0.413199
0.418987
0.420865
-0.507179
-0.498489
-0.457052
-0.395739
-0.325782
-0.249477
-0.167533
-0.0806067
0.0103926
0.104211
0.194494
0.266602
0.317103
0.352957
0.378751
0.397591
0.411518
0.421509
0.42718
0.428987
-0.529859
-0.521058
-0.479063
-0.416691
-0.345119
-0.266928
-0.182771
-0.0932639
0.000761772
0.0981643
0.192494
0.268329
0.321621
0.35942
0.386457
0.406023
0.420322
0.43043
0.436027
0.437687
-0.551799
-0.542907
-0.500319
-0.437101
-0.364066
-0.284245
-0.198154
-0.106343
-0.00955973
0.0912036
0.189516
0.269259
0.325684
0.365784
0.39438
0.414907
0.429734
0.440034
0.445599
0.447073
-0.573129
-0.564075
-0.521189
-0.456947
-0.382681
-0.301444
-0.213653
-0.119812
-0.0205621
0.0832866
0.185449
0.269224
0.329118
0.371925
0.402449
0.424215
0.439754
0.450335
0.455873
0.457167
-0.593876
-0.584648
-0.541393
-0.476263
-0.400952
-0.31848
-0.229219
-0.133629
-0.0322286
0.0744083
0.180209
0.268051
0.331706
0.37768
0.410564
0.433888
0.450326
0.461265
0.466743
0.467881
-0.614019
-0.604677
-0.560956
-0.495064
-0.418849
-0.335315
-0.244816
-0.147739
-0.0444853
0.0646061
0.173743
0.265568
0.333167
0.382756
0.418534
0.443848
0.461402
0.472739
0.47808
0.478991
-0.633517
-0.624026
-0.579865
-0.513317
-0.436318
-0.351897
-0.260357
-0.162049
-0.0572442
0.053929
0.166029
0.261627
0.333219
0.386766
0.426075
0.454002
0.472984
0.484663
0.489718
0.490347
-0.652311
-0.642706
-0.598099
-0.530982
-0.453308
-0.368144
-0.275765
-0.176462
-0.070411
0.0424785
0.157091
0.256115
0.331599
0.3893
0.432783
0.464244
0.485269
0.497123
0.501392
0.501564
-0.670407
-0.660674
-0.615648
-0.548019
-0.469774
-0.38399
-0.29095
-0.190877
-0.0838696
0.0303568
0.147008
0.248986
0.328079
0.389871
0.438002
0.474206
0.49866
0.510861
0.51313
0.512168
-0.687744
-0.677863
-0.632477
-0.564387
-0.485654
-0.399387
-0.305835
-0.2052
-0.0974969
0.0176989
0.13588
0.240233
0.322511
0.387996
0.440765
0.482895
0.513221
0.528014
0.527283
0.522541
-0.704339
-0.69436
-0.648582
-0.580091
-0.500975
-0.41436
-0.320445
-0.219461
-0.111322
0.00447393
0.123661
0.22968
0.314641
0.383208
0.439814
0.488304
0.52727
0.550133
0.552134
0.535574
-0.720229
-0.710125
-0.664084
-0.595278
-0.515948
-0.429197
-0.335129
-0.234102
-0.125876
-0.00995106
0.109642
0.216542
0.303539
0.374617
0.433021
0.486074
0.53339
0.560158
0.566181
0.523963
-0.735674
-0.72487
-0.678971
-0.609815
-0.53047
-0.443792
-0.349701
-0.248899
-0.140902
-0.0253056
0.0940236
0.200935
0.288836
0.362011
0.419067
0.469077
0.514479
0.539892
0.500513
0.431984
-0.751765
-0.737777
-0.693133
-0.623725
-0.54482
-0.458305
-0.364388
-0.263832
-0.156396
-0.0415697
0.0767526
0.182767
0.269814
0.345417
0.399384
0.429764
0.462586
0.453213
0.388933
0.314491
-0.768218
-0.770198
-0.708376
-0.634842
-0.556599
-0.470315
-0.378728
-0.2783
-0.171673
-0.0579907
0.0584979
0.162478
0.246634
0.326901
0.367224
0.349141
0.369019
0.319776
0.242627
0.160639
-0.742654
-0.740238
-0.684943
-0.612993
-0.530525
-0.441238
-0.345593
-0.243156
-0.134485
-0.0189074
0.0901026
0.180058
0.253215
0.326359
0.365992
0.264405
0.179545
0.111025
0.0302911
-0.142719
-0.778519
-0.753632
-0.69596
-0.623327
-0.54127
-0.452644
-0.357837
-0.256437
-0.149266
-0.0360908
0.0690519
0.154388
0.220568
0.266845
0.241827
0.102289
-0.0331403
-0.12611
-0.223337
-0.417801
-0.79972
-0.769953
-0.711915
-0.639082
-0.557572
-0.469437
-0.374904
-0.274688
-0.169341
-0.0591569
0.0415144
0.120676
0.177827
0.19446
0.11049
-0.0875128
-0.254131
-0.376901
-0.514738
-0.790369
-0.819536
-0.787709
-0.72871
-0.655425
-0.574075
-0.486272
-0.392435
-0.293531
-0.190223
-0.0834645
0.0119371
0.0837833
0.12884
0.111844
-0.0498307
-0.288915
-0.502123
-0.676989
-0.883126
-1.3322
-0.837875
-0.805593
-0.745822
-0.672003
-0.590724
-0.503324
-0.410412
-0.312909
-0.211828
-0.10882
-0.0192681
0.044773
0.0742648
0.0130459
-0.213845
-0.489373
-0.762803
-1.00908
-1.31695
-2.15546
-0.855446
-0.823541
-0.763457
-0.689277
-0.608087
-0.521132
-0.429129
-0.33309
-0.234386
-0.135315
-0.051967
0.00380647
0.0148408
-0.0936048
-0.368485
-0.666201
-0.970123
-1.23689
-1.51693
-2.50882
-0.873212
-0.841637
-0.781681
-0.707421
-0.626375
-0.539858
-0.448742
-0.354193
-0.25792
-0.162903
-0.0860044
-0.03933
-0.0474126
-0.217109
-0.50519
-0.802866
-1.09341
-1.29446
-1.34418
-1.41308
-0.891531
-0.860274
-0.80061
-0.726595
-0.645829
-0.559907
-0.469838
-0.377017
-0.28351
-0.193105
-0.123323
-0.0868377
-0.123102
-0.347931
-0.630206
-0.903474
-1.1407
-1.26989
-1.28969
-1.29863
-0.910626
-0.879637
-0.820444
-0.746655
-0.666309
-0.581134
-0.492332
-0.401492
-0.311097
-0.225861
-0.163599
-0.138364
-0.205315
-0.469801
-0.750289
-0.989189
-1.17984
-1.24725
-1.25549
-1.25388
-0.930445
-0.899737
-0.840806
-0.767447
-0.68765
-0.603388
-0.516042
-0.427438
-0.340438
-0.260818
-0.206195
-0.194705
-0.29275
-0.584672
-0.873918
-1.0797
-1.1852
-1.21369
-1.22654
-1.22866
-0.950751
-0.920369
-0.861694
-0.788792
-0.709643
-0.626447
-0.540749
-0.45462
-0.37121
-0.297585
-0.250941
-0.253314
-0.388097
-0.689308
-1.00024
-1.20099
-1.1768
-1.21522
-1.23239
-1.23598
-0.970978
-0.941076
-0.882837
-0.810395
-0.731961
-0.649989
-0.566127
-0.482641
-0.403029
-0.33543
-0.297426
-0.310582
-0.494812
-0.787236
-1.11602
-1.43162
-1.38698
-1.30615
-1.27048
-1.26315
-0.990741
-0.961278
-0.903765
-0.831781
-0.75417
-0.67357
-0.59167
-0.510964
-0.435293
-0.373291
-0.344464
-0.368004
-0.598509
-0.880757
-1.13977
-1.54403
-1.47372
-1.33562
-1.27945
-1.26293
-1.00928
-0.980535
-0.923592
-0.852328
-0.775655
-0.696505
-0.61673
-0.538868
-0.4672
-0.409993
-0.390136
-0.426576
-0.69682
-0.955515
-0.921278
-0.85442
-1.10924
-1.31424
-1.37713
-1.36054
-1.02582
-0.998018
-0.941649
-0.871105
-0.795485
-0.717971
-0.640489
-0.565501
-0.497599
-0.444456
-0.432096
-0.475562
-0.818937
-1.10612
-0.954784
-0.706034
-1.04784
-1.52166
-1.68485
-1.67166
-1.0391
-1.0125
-0.956926
-0.887063
-0.812594
-0.736836
-0.661789
-0.590018
-0.525126
-0.475433
-0.466553
-0.512779
-0.988905
-1.65678
-2.28023
-2.62954
-2.81275
-2.53838
-2.206
-2.13919
-1.04785
-1.0227
-0.968011
-0.898963
-0.825734
-0.751893
-0.679582
-0.611046
-0.548716
-0.499991
-0.486438
-0.541987
-1.18691
-2.22344
-3.62116
-4.29762
-4.4659
-4.16639
-3.64905
-3.35674
-1.05058
-1.027
-0.973362
-0.905256
-0.83339
-0.761832
-0.692728
-0.62781
-0.567582
-0.516126
-0.493589
-0.54445
-1.11991
-2.12942
-3.48294
-4.30593
-4.31598
-3.84467
-3.3348
-3.0777
-1.04509
-1.02321
-0.971221
-0.90407
-0.833952
-0.765167
-0.699913
-0.639379
-0.581856
-0.523605
-0.476074
-0.475354
-0.66696
-1.0186
-1.20603
-1.2167
-0.964429
-0.618015
-0.367943
-0.236848
-1.02875
-1.00905
-0.959058
-0.893531
-0.82575
-0.760518
-0.700507
-0.646845
-0.595851
-0.531137
-0.449755
-0.354409
-0.196921
0.143118
0.623543
1.18973
1.67644
1.97749
2.10085
2.13282
-0.999897
-0.982201
-0.934935
-0.871954
-0.807482
-0.747184
-0.694552
-0.652193
-0.618066
-0.558626
-0.441457
-0.250807
0.0164918
0.53209
1.23233
1.8558
2.30936
2.57549
2.67291
2.69171
-0.956815
-0.94117
-0.897109
-0.838291
-0.77861
-0.724938
-0.682684
-0.658941
-0.657856
-0.65493
-0.561746
-0.297724
0.027832
0.51447
1.13555
1.66552
2.04023
2.26222
2.35418
2.37794
-0.897548
-0.884402
-0.845033
-0.79226
-0.739313
-0.694082
-0.665441
-0.66989
-0.736643
-0.891126
-0.94908
-0.619216
-0.142061
0.286004
0.830056
1.2654
1.57624
1.75886
1.83869
1.86365
-0.824165
-0.813283
-0.779315
-0.734267
-0.689659
-0.653734
-0.639795
-0.679291
-0.856478
-1.30701
-1.67899
-1.21588
-0.574958
-0.0585503
0.454768
0.851264
1.11807
1.26538
1.33048
1.35681
-0.735979
-0.725879
-0.699591
-0.66375
-0.627593
-0.599379
-0.595012
-0.655456
-0.89234
-1.45639
-2.03721
-1.55828
-0.902686
-0.306354
0.172608
0.496891
0.69095
0.797985
0.862262
0.88818
-0.630752
-0.625191
-0.606165
-0.578142
-0.548615
-0.524278
-0.518142
-0.562908
-0.741849
-1.16664
-1.45188
-1.11324
-0.616866
-0.171287
0.134196
0.31552
0.416821
0.473979
0.506191
0.517554
-0.510216
-0.507402
-0.494639
-0.474839
-0.452252
-0.430808
-0.418367
-0.434465
-0.524787
-0.732465
-0.828606
-0.590246
-0.257462
0.00622478
0.16533
0.253529
0.303687
0.333214
0.347156
0.350054
-0.394141
-0.392408
-0.383865
-0.369203
-0.351386
-0.33201
-0.314415
-0.306928
-0.326341
-0.378018
-0.357605
-0.201726
-0.0251213
0.106345
0.177893
0.216329
0.238085
0.250443
0.255989
0.256612
-0.28736
-0.286453
-0.280534
-0.269756
-0.25587
-0.239017
-0.219672
-0.199935
-0.1826
-0.161658
-0.103306
0.0073632
0.0889693
0.149132
0.180638
0.196436
0.204521
0.208357
0.20941
0.208808
-0.192112
-0.191931
-0.188653
-0.181843
-0.172117
-0.158802
-0.141187
-0.118676
-0.0897334
-0.0486968
0.0109874
0.08331
0.128394
0.158133
0.173557
0.180211
0.182331
0.182311
0.181613
0.180772
-0.112287
-0.112639
-0.111889
-0.109073
-0.103514
-0.0942678
-0.0803182
-0.0602234
-0.031569
0.00916012
0.0584183
0.10567
0.134815
0.151969
0.160411
0.16325
0.163125
0.161953
0.160903
0.16012
-0.0510161
-0.0516348
-0.0526383
-0.0528119
-0.0507898
-0.0453999
-0.0355052
-0.0195576
0.00443084
0.0383122
0.0760346
0.107821
0.12803
0.139258
0.144417
0.145735
0.144955
0.143563
0.142566
0.141923
-0.00823065
-0.0088886
-0.0105864
-0.012195
-0.0122851
-0.00980939
-0.00353233
0.00802179
0.0263624
0.0524634
0.0805441
0.102678
0.116985
0.124787
0.128218
0.128794
0.127829
0.126527
0.12568
0.125173
0.0193613
0.0187977
0.0170814
0.0150741
0.0140951
0.0150279
0.0188254
0.0267471
0.0400369
0.0592975
0.0798362
0.0954758
0.10567
0.111082
0.113201
0.113278
0.112271
0.111064
0.110338
0.109947
0.0359082
0.0354777
0.0340562
0.0321804
0.0309054
0.031029
0.0333674
0.0387843
0.0481469
0.061942
0.0767254
0.0877883
0.094819
0.0984396
0.0997432
0.0995554
0.0985572
0.097464
0.0968492
0.096553
0.0450626
0.0447494
0.0436836
0.0421679
0.0409848
0.0406847
0.0419472
0.0455364
0.0520959
0.0618648
0.0723184
0.0800477
0.0849152
0.0873711
0.0880923
0.0877182
0.0867814
0.0858195
0.085307
0.0850851
0.0495669
0.0493387
0.048573
0.0474247
0.0464648
0.0460928
0.0467625
0.0490079
0.0533921
0.0601881
0.0675671
0.0730082
0.0762953
0.0778091
0.07811
0.077654
0.0768059
0.0759831
0.0755651
0.0753986
0.0511901
0.0510167
0.0504457
0.049559
0.0487648
0.0483563
0.0486836
0.0501336
0.0530699
0.0576879
0.0627414
0.0664297
0.0685773
0.0694955
0.0695534
0.0690733
0.0683321
0.0676495
0.0673158
0.0671902
0.0509121
0.0507766
0.0503276
0.0496135
0.0489387
0.0485091
0.0485651
0.0493963
0.0513041
0.0544089
0.0578356
0.0603259
0.0617096
0.0622151
0.0621161
0.061656
0.06103
0.0604784
0.0602162
0.0601206
0.0492842
0.0491783
0.0488183
0.0482325
0.0476552
0.0472383
0.0471514
0.0475917
0.0487632
0.0507816
0.053048
0.0546643
0.0555047
0.0557358
0.0555564
0.0551346
0.0546123
0.0541692
0.0539629
0.0538897
0.0466732
0.0465905
0.0463001
0.0458149
0.0453165
0.0449166
0.0447354
0.0449171
0.0456065
0.0468765
0.0483186
0.0493266
0.0498037
0.049863
0.0496451
0.0492697
0.0488383
0.0484836
0.0483216
0.0482655
0.0433536
0.0432894
0.0430593
0.0426635
0.0422424
0.0418776
0.041653
0.0416668
0.0420237
0.0427799
0.0436626
0.0442567
0.0444907
0.044443
0.044214
0.0438863
0.0435307
0.0432465
0.0431192
0.0430762
0.0395439
0.0394941
0.0393145
0.0389975
0.0386489
0.0383284
0.0380936
0.0380131
0.0381607
0.0385718
0.0390722
0.0393853
0.0394611
0.0393532
0.03913
0.0388484
0.0385578
0.0383314
0.0382317
0.0381986
0.0354082
0.0353694
0.0352307
0.034981
0.0346982
0.0344248
0.0341996
0.0340702
0.0340874
0.0342766
0.0345285
0.0346603
0.03464
0.0345039
0.0342972
0.0340587
0.0338227
0.0336432
0.0335651
0.0335398
0.0310645
0.031034
0.0309276
0.0307337
0.0305085
0.0302817
0.0300786
0.0299313
0.0298748
0.029926
0.0300187
0.0300398
0.0299671
0.029823
0.0296384
0.0294395
0.0292497
0.0291085
0.0290475
0.029028
0.0265931
0.0265691
0.0264876
0.0263386
0.0261615
0.025977
0.0258015
0.025656
0.0255642
0.0255374
0.0255376
0.0254959
0.0253985
0.0252603
0.0251013
0.0249382
0.0247869
0.0246759
0.0246281
0.0246131
0.0220462
0.0220274
0.0219651
0.0218516
0.0217143
0.0215676
0.0214216
0.0212901
0.0211885
0.0211237
0.0210749
0.0210037
0.0209014
0.0207773
0.0206447
0.0205141
0.0203955
0.0203093
0.0202723
0.0202607
0.0174546
0.0174403
0.0173932
0.0173078
0.0172034
0.0170897
0.0169733
0.0168627
0.0167672
0.0166911
0.016625
0.016548
0.0164551
0.016351
0.0162441
0.0161412
0.0160498
0.0159841
0.0159558
0.015947
0.0128342
0.0128237
0.0127894
0.0127268
0.0126502
0.0125666
0.0124797
0.0123944
0.0123165
0.0122486
0.0121865
0.0121194
0.0120443
0.0119637
0.0118823
0.0118047
0.011736
0.0116869
0.0116661
0.0116596
0.00819157
0.0081846
0.00816138
0.00811895
0.00806815
0.00801372
0.00795709
0.00790076
0.00784738
0.00779878
0.00775242
0.007704
0.00765205
0.00759816
0.00754494
0.00749378
0.00744707
0.0074134
0.00739955
0.00739502
0.0035288
0.00352664
0.00352195
0.00350554
0.00348245
0.00345793
0.00343237
0.00340646
0.00338119
0.00335654
0.0033328
0.00330941
0.00328447
0.00325923
0.00323441
0.00321015
0.00318671
0.00316636
0.00315593
0.00315242
-1.46536
-0.837401
-0.45498
-0.184186
0.0263366
0.191545
0.330111
0.452757
0.578955
0.56114
-0.583433
-0.370096
-0.157889
0.0179928
0.1644
0.285976
0.387555
0.46456
0.498799
0.504509
-0.216018
-0.0840648
0.0518664
0.171096
0.273292
0.359202
0.427797
0.47664
0.507622
0.523669
0.0239588
0.112091
0.204621
0.288147
0.360472
0.421163
0.469819
0.50722
0.53508
0.552901
0.195926
0.257886
0.323461
0.383931
0.436875
0.482049
0.519616
0.550237
0.574145
0.592044
0.32975
0.374542
0.423692
0.469411
0.510631
0.546743
0.577716
0.603595
0.623727
0.641393
0.439204
0.474084
0.514722
0.552314
0.587016
0.618164
0.645232
0.667815
0.684767
0.70232
0.536384
0.567752
0.604387
0.638863
0.670813
0.699598
0.724514
0.744855
0.759233
0.776756
0.631495
0.664458
0.701321
0.735764
0.767076
0.794776
0.818264
0.836848
0.849379
0.867095
0.737949
0.775239
0.813945
0.849165
0.879989
0.906352
0.928117
0.944995
0.956646
0.974893
0.868638
0.909187
0.947467
0.980963
1.00931
1.03326
1.05319
1.0689
1.08098
1.09947
1.03046
1.06783
1.09959
1.12644
1.14953
1.17029
1.18909
1.20538
1.21962
1.23767
1.2151
1.24066
1.2608
1.27968
1.29771
1.31464
1.33048
1.34664
1.36396
1.38309
1.40129
1.41313
1.42674
1.44174
1.45561
1.46777
1.4787
1.49024
1.50463
1.52324
1.58486
1.59944
1.60461
1.60513
1.607
1.61446
1.62848
1.64653
1.65918
1.67271
1.85744
1.80312
1.75592
1.72446
1.71149
1.7161
1.73935
1.78411
1.85149
1.947
0.298054
0.293397
0.286045
0.274215
0.261311
0.249929
0.240906
0.234188
0.229709
0.227701
0.228701
0.232404
0.238296
0.246353
0.256716
0.269156
0.282096
0.291896
0.297816
0.301187
0.219916
0.22705
0.233119
0.237433
0.238832
0.237215
0.233741
0.229945
0.226921
0.225474
0.226319
0.229088
0.232919
0.236958
0.23987
0.240178
0.237302
0.23202
0.225075
0.219183
0.210593
0.213657
0.217039
0.219684
0.221851
0.223455
0.22394
0.223328
0.222291
0.2217
0.222311
0.223708
0.224998
0.225376
0.224458
0.222632
0.220353
0.217365
0.213952
0.211602
0.204676
0.2062
0.208686
0.21122
0.213127
0.214521
0.21564
0.216393
0.216727
0.21695
0.217323
0.217648
0.217537
0.216872
0.215835
0.214372
0.212236
0.20964
0.207642
0.206571
0.199397
0.200282
0.202053
0.204243
0.206364
0.208115
0.209441
0.210503
0.211376
0.212027
0.212326
0.212214
0.211739
0.21092
0.209645
0.207862
0.20579
0.203786
0.202523
0.201907
0.194564
0.195161
0.196723
0.198766
0.200861
0.202931
0.204771
0.206177
0.207185
0.207901
0.208309
0.208263
0.207662
0.206456
0.204764
0.202886
0.200941
0.19913
0.198123
0.197766
0.19098
0.191337
0.192588
0.194321
0.196016
0.197579
0.199098
0.200611
0.201957
0.202984
0.203416
0.203199
0.202491
0.201512
0.200368
0.198987
0.197404
0.195924
0.195197
0.195036
0.188945
0.189154
0.189968
0.191216
0.192581
0.194031
0.195495
0.196866
0.198145
0.199234
0.199847
0.19987
0.199453
0.198672
0.197667
0.196597
0.195492
0.194545
0.194115
0.194034
0.187106
0.187235
0.187672
0.188371
0.189305
0.190375
0.191567
0.192921
0.194294
0.195545
0.196344
0.196556
0.196343
0.19593
0.195301
0.194666
0.194162
0.193739
0.19353
0.193474
0.184523
0.184608
0.184902
0.185406
0.185986
0.186811
0.187889
0.189117
0.190478
0.191868
0.192933
0.193476
0.193611
0.193469
0.193312
0.193147
0.192892
0.192683
0.192569
0.192527
0.181265
0.181322
0.181573
0.18204
0.182653
0.18339
0.184449
0.185734
0.187235
0.188869
0.190245
0.191095
0.191513
0.191667
0.191698
0.191643
0.191514
0.191382
0.191325
0.1913
0.177607
0.177637
0.177857
0.178313
0.178914
0.179749
0.18077
0.182097
0.18374
0.18567
0.187447
0.188705
0.189488
0.189935
0.190238
0.190324
0.190282
0.190222
0.190211
0.190198
0.173642
0.173673
0.173881
0.174324
0.174969
0.175841
0.17698
0.178486
0.18041
0.182737
0.185008
0.186724
0.187896
0.188654
0.189078
0.189321
0.1894
0.189431
0.189457
0.189447
0.169278
0.169321
0.169512
0.169955
0.170628
0.171574
0.172877
0.17464
0.176944
0.179813
0.182699
0.18495
0.186535
0.187607
0.188294
0.18871
0.188938
0.189064
0.189119
0.189108
0.16434
0.164382
0.164603
0.165069
0.165809
0.16689
0.168429
0.170552
0.173375
0.176942
0.180586
0.183475
0.185536
0.186988
0.187946
0.18856
0.188936
0.189149
0.189231
0.189216
0.158654
0.158707
0.15897
0.159512
0.160364
0.161651
0.163519
0.16613
0.169632
0.174091
0.178682
0.182355
0.185028
0.18688
0.188136
0.188964
0.189489
0.189786
0.189895
0.189876
0.15202
0.152088
0.152413
0.153073
0.154117
0.155701
0.158021
0.161276
0.165658
0.171254
0.177028
0.181668
0.185029
0.187381
0.188983
0.19005
0.190736
0.191124
0.191262
0.191238
0.14419
0.144278
0.144688
0.145514
0.14684
0.148854
0.15177
0.155871
0.161393
0.168425
0.175664
0.181464
0.185672
0.18862
0.190632
0.191978
0.192849
0.193341
0.193515
0.193485
0.134833
0.13495
0.13549
0.136559
0.138263
0.140831
0.144562
0.149786
0.156772
0.165612
0.174658
0.181877
0.187105
0.190769
0.19327
0.194943
0.196029
0.196637
0.196855
0.19682
0.123472
0.12363
0.124355
0.125764
0.127989
0.131331
0.136167
0.142861
0.151728
0.162838
0.174102
0.183038
0.189498
0.194024
0.197117
0.199187
0.200536
0.201303
0.201568
0.201523
0.109451
0.109677
0.110674
0.112566
0.115526
0.119945
0.126257
0.134897
0.146195
0.160141
0.174103
0.185102
0.193039
0.198607
0.20242
0.204978
0.206645
0.2076
0.20793
0.207873
0.091827
0.0921733
0.0935762
0.0961622
0.100184
0.10612
0.114482
0.125743
0.140165
0.15761
0.174803
0.188243
0.197933
0.204754
0.20945
0.212617
0.214688
0.21588
0.216293
0.216218
0.0691272
0.0696857
0.0717412
0.0754157
0.0810713
0.0892705
0.100555
0.115326
0.133714
0.155397
0.176376
0.192645
0.204386
0.212703
0.218483
0.22242
0.225017
0.226512
0.22703
0.226937
0.0389201
0.0398926
0.0431229
0.0486946
0.0570541
0.0687641
0.0842342
0.103683
0.127021
0.153714
0.179008
0.198467
0.212552
0.222638
0.229757
0.234689
0.237993
0.239906
0.240559
0.240442
-0.00305685
-0.00110583
0.0046884
0.0139262
0.0270044
0.0441942
0.065576
0.0910935
0.120409
0.152817
0.182858
0.205792
0.222476
0.234606
0.243374
0.249623
0.253945
0.256474
0.257315
0.257155
-0.0647671
-0.0591191
-0.0471276
-0.0304803
-0.00928039
0.0160456
0.0452797
0.0781995
0.114351
0.15298
0.188014
0.214571
0.234009
0.248389
0.259089
0.267032
0.272722
0.276209
0.277427
0.277138
-0.138677
-0.128585
-0.106453
-0.0788538
-0.0476834
-0.0132856
0.0243727
0.0651738
0.108754
0.154477
0.195616
0.22698
0.250355
0.268145
0.281892
0.292646
0.300985
0.305499
0.307005
0.307379
-0.212416
-0.194652
-0.163072
-0.125588
-0.0850578
-0.041765
0.00424756
0.0528944
0.10389
0.156712
0.20399
0.240129
0.267325
0.288368
0.305018
0.318349
0.328864
0.335275
0.33854
0.33905
-0.270101
-0.249023
-0.21164
-0.167101
-0.119056
-0.068166
-0.0146667
0.0412269
0.0991495
0.158542
0.211292
0.251436
0.28156
0.304807
0.323105
0.337659
0.34911
0.356616
0.360325
0.360886
-0.316701
-0.293683
-0.252227
-0.202619
-0.148874
-0.0919279
-0.0321161
0.0301291
0.0942562
0.159559
0.217087
0.260427
0.292583
0.317085
0.336145
0.351166
0.362881
0.370693
0.374377
0.374986
-0.355152
-0.331383
-0.286881
-0.233269
-0.17502
-0.11314
-0.0480632
0.0196432
0.0892643
0.159832
0.221536
0.267575
0.301342
0.326759
0.346279
0.361453
0.373143
0.380994
0.384561
0.385181
-0.38842
-0.364151
-0.317339
-0.260542
-0.198557
-0.132481
-0.0628431
0.00968083
0.0842291
0.159656
0.22528
0.273782
0.308937
0.335049
0.354832
0.370023
0.38163
0.38949
0.392989
0.393564
-0.418019
-0.393443
-0.34485
-0.285392
-0.22023
-0.15052
-0.0768688
-1.46827e-05
0.0790741
0.159034
0.228313
0.279142
0.315628
0.342427
0.362509
0.377785
0.389337
0.397195
0.40064
0.401127
-0.445088
-0.420277
-0.370255
-0.308517
-0.240661
-0.167801
-0.0905765
-0.0097966
0.0734553
0.157697
0.230641
0.283915
0.321848
0.349442
0.3699
0.385311
0.39689
0.404698
0.408116
0.408456
-0.470472
-0.445385
-0.394111
-0.330418
-0.260219
-0.184595
-0.104215
-0.019904
0.0672653
0.155721
0.232403
0.288275
0.327825
0.35636
0.37731
0.392939
0.404568
0.412359
0.415748
0.41598
-0.494588
-0.469243
-0.416851
-0.351475
-0.279196
-0.20113
-0.117926
-0.0303603
0.0604913
0.153028
0.233521
0.292225
0.333643
0.363328
0.384932
0.400888
0.412644
0.420425
0.423773
0.423928
-0.517776
-0.492103
-0.438716
-0.371917
-0.297785
-0.217546
-0.131796
-0.0412889
0.0529684
0.149477
0.23391
0.295723
0.339318
0.370414
0.392873
0.409294
0.421254
0.429029
0.432337
0.432455
-0.540191
-0.514195
-0.459992
-0.391846
-0.316069
-0.233929
-0.145936
-0.0527774
0.0446424
0.144984
0.233451
0.298663
0.344803
0.377626
0.401174
0.41823
0.430506
0.438337
0.441536
0.441646
-0.56194
-0.535562
-0.48072
-0.411313
-0.334121
-0.250325
-0.16035
-0.0648106
0.0355055
0.139479
0.232002
0.300884
0.34996
0.384899
0.409819
0.427701
0.440405
0.448335
0.451427
0.451501
-0.583082
-0.556374
-0.500815
-0.430338
-0.351936
-0.266687
-0.174986
-0.0773679
0.0255391
0.132897
0.229425
0.30218
0.354561
0.392053
0.418717
0.437671
0.450944
0.459026
0.461977
0.461967
-0.60359
-0.57659
-0.520313
-0.448925
-0.369476
-0.282981
-0.189808
-0.0903992
0.0147795
0.125221
0.225592
0.302338
0.35836
0.398883
0.427754
0.448081
0.46205
0.470283
0.473081
0.472919
-0.623492
-0.596136
-0.539221
-0.467044
-0.386695
-0.299155
-0.204743
-0.103825
0.00330333
0.116458
0.220414
0.301137
0.36109
0.405167
0.436817
0.458896
0.473665
0.481949
0.484496
0.48419
-0.642659
-0.615013
-0.557506
-0.484654
-0.403541
-0.315123
-0.219699
-0.117549
-0.00880592
0.10665
0.213827
0.298365
0.362391
0.410501
0.445673
0.47015
0.485855
0.493916
0.49599
0.495525
-0.66117
-0.633156
-0.575151
-0.501698
-0.419943
-0.330816
-0.234582
-0.131457
-0.0214472
0.0958901
0.20581
0.293871
0.361871
0.414329
0.453894
0.481905
0.499033
0.50625
0.507176
0.506535
-0.678875
-0.650569
-0.592111
-0.518136
-0.435853
-0.346162
-0.249313
-0.14546
-0.0344866
0.0842969
0.196409
0.28755
0.359218
0.415964
0.460679
0.493928
0.514221
0.520256
0.51803
0.516691
-0.695908
-0.667257
-0.608347
-0.533918
-0.451206
-0.361083
-0.263776
-0.159421
-0.0477818
0.0720077
0.185728
0.279362
0.354236
0.414669
0.464662
0.504912
0.531916
0.540124
0.532666
0.513759
-0.71216
-0.683217
-0.623995
-0.549224
-0.466272
-0.375891
-0.278366
-0.173794
-0.0618584
0.05845
0.173129
0.268559
0.346237
0.409374
0.463581
0.511586
0.549057
0.564057
0.552294
0.56493
-0.727773
-0.698428
-0.639027
-0.564
-0.481017
-0.390531
-0.293067
-0.188537
-0.0766923
0.0435788
0.158512
0.254714
0.334655
0.399204
0.453403
0.50544
0.543923
0.56235
0.507439
0.479434
-0.743327
-0.713334
-0.653189
-0.577869
-0.495052
-0.404614
-0.307696
-0.203391
-0.0919842
0.0276585
0.142023
0.237723
0.319031
0.384548
0.43124
0.475927
0.504744
0.482995
0.412374
0.36368
-0.759964
-0.728751
-0.665922
-0.59048
-0.507897
-0.417924
-0.321895
-0.218151
-0.107589
0.0108189
0.12371
0.217728
0.298397
0.366952
0.406448
0.418828
0.412942
0.357564
0.277388
0.228832
-0.384732
-0.28461
-0.178427
-0.0654525
0.0496694
0.151816
0.23337
0.0625005
-0.772678
-0.756034
-0.720247
-0.6562
-0.578331
-0.49304
-0.400829
-0.302095
-0.197243
-0.0862583
0.0263866
0.125661
0.204166
0.269162
0.313597
0.277117
0.127499
0.0296133
-0.0477177
-0.789036
-0.776667
-0.734293
-0.668929
-0.590978
-0.506086
-0.414665
-0.316806
-0.213329
-0.104487
0.00476573
0.0990579
0.171578
0.222036
0.218167
0.101263
-0.0719473
-0.197658
-0.303515
-0.808192
-0.79625
-0.751198
-0.685004
-0.607087
-0.522387
-0.43125
-0.334157
-0.232129
-0.125612
-0.0204272
0.0676235
0.131637
0.164919
0.109243
-0.0800593
-0.286795
-0.450087
-0.598214
-0.826957
-0.814943
-0.768734
-0.701623
-0.62359
-0.539114
-0.448539
-0.352547
-0.252211
-0.148391
-0.0477291
0.0336689
0.0882917
0.0994094
-0.0084085
-0.262651
-0.516307
-0.741855
-0.965668
-0.844722
-0.83313
-0.786485
-0.718655
-0.640483
-0.55625
-0.466355
-0.371572
-0.273054
-0.172201
-0.0764703
-0.00219988
0.0423932
0.0206411
-0.153994
-0.436131
-0.732687
-1.00876
-1.26887
-0.862088
-0.851038
-0.804669
-0.736386
-0.658186
-0.57418
-0.484918
-0.391284
-0.294595
-0.196776
-0.106084
-0.0392299
-0.00523258
-0.0690525
-0.295229
-0.585389
-0.894243
-1.18164
-1.36463
-1.49674
-0.880089
-0.869374
-0.823377
-0.754976
-0.676963
-0.593271
-0.504729
-0.412345
-0.317679
-0.223211
-0.137979
-0.0792472
-0.0592079
-0.160337
-0.430414
-0.71242
-0.994989
-1.22301
-1.30048
-1.33461
-0.898664
-0.888345
-0.84263
-0.774486
-0.696747
-0.613548
-0.525886
-0.434981
-0.342637
-0.25196
-0.172726
-0.1228
-0.118163
-0.255321
-0.556977
-0.822943
-1.06222
-1.22577
-1.27556
-1.27369
-0.918059
-0.907934
-0.862549
-0.794761
-0.717402
-0.634839
-0.548249
-0.459052
-0.369299
-0.282817
-0.210053
-0.169494
-0.18274
-0.367746
-0.677743
-0.93165
-1.12234
-1.21818
-1.2367
-1.23946
-0.938097
-0.928068
-0.883092
-0.815642
-0.738775
-0.656966
-0.571635
-0.484343
-0.397449
-0.315423
-0.249681
-0.21832
-0.260009
-0.480835
-0.79097
-1.05783
-1.15938
-1.19683
-1.21886
-1.22764
-0.958223
-0.948553
-0.904014
-0.836873
-0.760589
-0.679679
-0.595765
-0.510571
-0.426807
-0.349357
-0.291277
-0.268336
-0.342961
-0.593398
-0.892997
-1.21574
-1.28093
-1.2543
-1.25341
-1.25073
-0.978062
-0.968646
-0.924965
-0.858188
-0.782476
-0.702564
-0.620244
-0.537335
-0.45689
-0.384043
-0.333748
-0.319165
-0.421219
-0.704107
-0.973065
-1.36698
-1.5679
-1.38298
-1.301
-1.27166
-0.997084
-0.987993
-0.945016
-0.878994
-0.803931
-0.725142
-0.644497
-0.564075
-0.487018
-0.418692
-0.375383
-0.369904
-0.497706
-0.807069
-0.985305
-1.17285
-1.39832
-1.33062
-1.30928
-1.28935
-1.01462
-1.00586
-0.96375
-0.898315
-0.824164
-0.746601
-0.667876
-0.589955
-0.516098
-0.45219
-0.414107
-0.41823
-0.574179
-0.90646
-0.965768
-0.639655
-0.685414
-1.17765
-1.49473
-1.51811
-1.02956
-1.0212
-0.980204
-0.915471
-0.842165
-0.766011
-0.689261
-0.614111
-0.543384
-0.483172
-0.447666
-0.462282
-0.655622
-1.13574
-1.46116
-1.41419
-1.63402
-1.75238
-1.85594
-1.81115
-1.04069
-1.03283
-0.993097
-0.929255
-0.856792
-0.78212
-0.707624
-0.635327
-0.567782
-0.509881
-0.47536
-0.505726
-0.753521
-1.49642
-2.54906
-3.41523
-3.81893
-3.6806
-3.15995
-2.78073
-1.04648
-1.03919
-1.00107
-0.938135
-0.866669
-0.793679
-0.721645
-0.652475
-0.588088
-0.531438
-0.494967
-0.524526
-0.799049
-1.69356
-3.04955
-4.3404
-4.7685
-4.62106
-4.16271
-3.69356
-1.04567
-1.03894
-1.00238
-0.940523
-0.870074
-0.79911
-0.730035
-0.664819
-0.604843
-0.548041
-0.501952
-0.503335
-0.665899
-1.29183
-2.07749
-2.79591
-2.91272
-2.61178
-2.18088
-1.87891
-1.03533
-1.02932
-0.994597
-0.934256
-0.865263
-0.796856
-0.731633
-0.671608
-0.616553
-0.560557
-0.498389
-0.442999
-0.368279
-0.399862
-0.255615
0.0435007
0.384353
0.770804
1.02378
1.13233
-1.01332
-1.00795
-0.975438
-0.917206
-0.850617
-0.785611
-0.725462
-0.672696
-0.626832
-0.576582
-0.497055
-0.362001
-0.203045
0.146348
0.738579
1.37829
1.95877
2.33979
2.53347
2.59127
-0.97793
-0.973445
-0.943147
-0.887754
-0.824929
-0.764651
-0.711567
-0.669978
-0.642175
-0.614263
-0.554619
-0.378283
-0.113083
0.266698
0.894683
1.53412
2.0342
2.36323
2.5297
2.58488
-0.926862
-0.923017
-0.895859
-0.845353
-0.787829
-0.733998
-0.690229
-0.665092
-0.67211
-0.715865
-0.757117
-0.595509
-0.20623
0.170386
0.718271
1.25192
1.6595
1.92618
2.06313
2.11401
-0.85992
-0.856341
-0.833415
-0.789637
-0.739525
-0.693808
-0.661067
-0.656971
-0.718735
-0.923171
-1.23181
-1.14304
-0.597163
-0.120626
0.398941
0.863044
1.21364
1.43749
1.54863
1.59304
-0.778487
-0.775523
-0.75705
-0.721382
-0.6799
-0.642674
-0.620055
-0.635244
-0.751644
-1.13071
-1.84285
-1.81955
-1.10652
-0.513539
0.0540762
0.495424
0.792391
0.963468
1.04748
1.0719
-0.68512
-0.683451
-0.668797
-0.639905
-0.606515
-0.575876
-0.557946
-0.576941
-0.690901
-1.05812
-1.6916
-1.66347
-1.09937
-0.533773
-0.0579313
0.265396
0.457893
0.56366
0.619469
0.643805
-0.570464
-0.569355
-0.560239
-0.539805
-0.514463
-0.489407
-0.471481
-0.477123
-0.547916
-0.770368
-1.0976
-1.02011
-0.634672
-0.232471
0.0532706
0.225801
0.322272
0.377475
0.410142
0.423673
-0.450947
-0.450787
-0.444978
-0.43064
-0.411879
-0.391286
-0.372329
-0.363611
-0.385579
-0.473662
-0.58923
-0.484868
-0.245783
-0.0182593
0.126614
0.20649
0.250999
0.276772
0.290354
0.295204
-0.339277
-0.339414
-0.335548
-0.325172
-0.310728
-0.29359
-0.274621
-0.256742
-0.246608
-0.251239
-0.238606
-0.145477
-0.013942
0.0942716
0.161215
0.194765
0.21296
0.223159
0.228183
0.229427
-0.237605
-0.238106
-0.235825
-0.228939
-0.218538
-0.205098
-0.188047
-0.167537
-0.144037
-0.115664
-0.0695944
0.0126798
0.0877388
0.137871
0.169382
0.184206
0.191031
0.193756
0.194258
0.193781
-0.149616
-0.150291
-0.149523
-0.146179
-0.139982
-0.130658
-0.117168
-0.0985767
-0.0732442
-0.0380926
0.0110012
0.0710919
0.118601
0.146612
0.163096
0.170331
0.172501
0.172238
0.171255
0.170388
-0.0788331
-0.0795
-0.0799421
-0.0797493
-0.0774608
-0.0721608
-0.062713
-0.0479392
-0.025899
0.00590951
0.047718
0.0903627
0.121963
0.140224
0.150084
0.153955
0.15439
0.153267
0.151998
0.151168
-0.0271683
-0.02774
-0.0287757
-0.0303259
-0.0305741
-0.0284515
-0.0227523
-0.0121105
0.00512551
0.030556
0.0631604
0.0935646
0.115408
0.128126
0.134624
0.13698
0.136811
0.135529
0.134336
0.133649
0.00743285
0.00699297
0.00585678
0.00374552
0.00238119
0.00269971
0.00575076
0.0128004
0.0253075
0.0444087
0.068832
0.0906588
0.10602
0.11508
0.119545
0.120898
0.120414
0.119177
0.118115
0.117562
0.028927
0.028609
0.0276326
0.0256252
0.0239475
0.0234848
0.025106
0.0297313
0.0384681
0.0522264
0.0699726
0.0856797
0.0965324
0.10281
0.105691
0.106375
0.105743
0.104565
0.103614
0.103172
0.0413279
0.0411014
0.0403551
0.0387313
0.0371678
0.0363634
0.0370643
0.0400745
0.0461598
0.0559144
0.0685567
0.0796862
0.0871741
0.0914796
0.093388
0.0936659
0.0929592
0.0918828
0.0910543
0.0907053
0.047847
0.0476793
0.0471414
0.0459324
0.0446704
0.0438938
0.044091
0.0458675
0.0499176
0.0567307
0.0656389
0.073525
0.0787534
0.0816691
0.0828037
0.0827718
0.0820606
0.0811058
0.0804004
0.0801275
0.0507272
0.0505978
0.0502069
0.0493176
0.0483302
0.0476559
0.0476596
0.0487538
0.0513957
0.0559926
0.0621718
0.067671
0.0712077
0.0730654
0.0736874
0.0734924
0.0728176
0.0719944
0.0714115
0.0711995
0.0512977
0.0511972
0.0508965
0.0502063
0.0494049
0.0487928
0.0486269
0.0492264
0.0509485
0.0540512
0.0582369
0.0619693
0.0643271
0.0655014
0.0657951
0.065511
0.0649038
0.0642168
0.0637482
0.0635843
0.0502789
0.0502019
0.0499642
0.0494101
0.0487462
0.0481999
0.0479484
0.0482082
0.0492334
0.0512475
0.0540507
0.0565642
0.0580971
0.0587865
0.0588606
0.0585453
0.058017
0.0574544
0.0570823
0.0569551
0.0481117
0.0480532
0.047864
0.0474118
0.0468536
0.0463634
0.046069
0.0461267
0.0467133
0.0479744
0.049786
0.0514026
0.0523505
0.0527171
0.0526637
0.0523476
0.0518958
0.0514381
0.0511427
0.0510434
0.0451083
0.0450639
0.0449143
0.0445468
0.0440798
0.0436465
0.0433367
0.0432584
0.0435414
0.0442914
0.0454226
0.0464288
0.0469833
0.0471392
0.0470113
0.0467117
0.04633
0.0459593
0.0457256
0.0456482
0.0415143
0.0414804
0.041364
0.0410713
0.0406887
0.0403175
0.04002
0.0398722
0.0399632
0.0403661
0.0410312
0.0416183
0.0419057
0.0419264
0.0417618
0.0414881
0.0411675
0.0408673
0.0406824
0.0406222
0.0375204
0.0374942
0.0374044
0.0371747
0.0368667
0.0365553
0.036284
0.0361054
0.0360808
0.036262
0.0366181
0.0369251
0.0370389
0.0369795
0.0368027
0.0365598
0.0362935
0.0360522
0.0359067
0.0358598
0.0332655
0.033245
0.0331758
0.0329982
0.0327546
0.0324997
0.0322626
0.0320792
0.0319913
0.0320348
0.0321905
0.0323189
0.0323264
0.0322252
0.032052
0.0318417
0.0316229
0.0314303
0.031316
0.0312793
0.0288474
0.0288314
0.028778
0.0286419
0.0284522
0.0282476
0.0280475
0.0278747
0.0277583
0.0277221
0.0277561
0.0277759
0.0277237
0.0276052
0.0274447
0.0272664
0.0270891
0.0269373
0.0268481
0.0268194
0.0243318
0.0243194
0.0242782
0.0241743
0.0240276
0.0238657
0.0237007
0.023548
0.0234266
0.0233522
0.0233194
0.0232793
0.0231977
0.0230786
0.0229375
0.0227897
0.0226478
0.0225286
0.0224593
0.0224371
0.019759
0.0197496
0.019718
0.0196391
0.019527
0.0194011
0.0192694
0.0191416
0.0190292
0.0189423
0.0188787
0.018812
0.0187242
0.0186164
0.0184982
0.0183794
0.0182673
0.0181745
0.0181212
0.0181043
0.0151508
0.0151437
0.01512
0.0150609
0.014977
0.0148824
0.0147818
0.014681
0.0145872
0.0145062
0.0144379
0.0143691
0.01429
0.0142005
0.0141066
0.0140139
0.0139277
0.0138565
0.0138158
0.0138032
0.0105186
0.0105136
0.0104966
0.0104543
0.0103948
0.0103281
0.0102572
0.0101852
0.010116
0.0100532
0.00999666
0.00994002
0.00987882
0.00981255
0.0097444
0.00967813
0.00961641
0.00956483
0.00953506
0.00952611
0.00586518
0.00586167
0.00585135
0.00582553
0.00578984
0.00575082
0.00571002
0.00566854
0.00562836
0.00559015
0.00555435
0.0055186
0.00548072
0.0054412
0.00540169
0.00536312
0.00532641
0.00529525
0.00527722
0.0052716
0.00352734
0.00352539
0.00351523
0.00349434
0.00347035
0.00344525
0.00341941
0.00339359
0.00336889
0.00334484
0.00332158
0.00329711
0.00327183
0.00324677
0.00322224
0.00319833
0.00317577
0.00315959
0.00315458
0.00103362
-1.15435
-0.725866
-0.421094
-0.179353
0.0157035
0.173951
0.30429
0.41678
0.496604
0.498405
-0.509957
-0.301439
-0.124447
0.031136
0.163783
0.2759
0.369323
0.441827
0.487534
0.506572
-0.159539
-0.0353569
0.0796613
0.185395
0.27784
0.356713
0.421443
0.470878
0.506462
0.528676
0.0663409
0.148574
0.2288
0.303805
0.369938
0.426649
0.473811
0.511613
0.541534
0.561402
0.230357
0.286159
0.347495
0.402101
0.45143
0.494568
0.531521
0.562383
0.587653
0.604314
0.359449
0.400882
0.448101
0.4908
0.530059
0.565424
0.596468
0.62288
0.64446
0.65812
0.466294
0.50208
0.540273
0.577311
0.611638
0.643052
0.670925
0.694581
0.713398
0.724589
0.563793
0.597409
0.63318
0.668845
0.701772
0.731686
0.75797
0.779883
0.796528
0.806044
0.662525
0.69888
0.736309
0.773149
0.806271
0.835487
0.860475
0.880783
0.89572
0.90484
0.777641
0.819034
0.858638
0.896105
0.928555
0.956147
0.979188
0.997693
1.01149
1.02182
0.922709
0.966256
1.0041
1.03775
1.06602
1.0901
1.11101
1.12861
1.14276
1.15512
1.10133
1.13856
1.167
1.19127
1.21258
1.23215
1.25055
1.26778
1.28406
1.2995
1.2992
1.31872
1.33462
1.35098
1.36775
1.38331
1.39703
1.41025
1.42584
1.44378
1.48859
1.49637
1.50831
1.52005
1.52995
1.5392
1.54959
1.56102
1.57241
1.57974
1.70765
1.70592
1.69785
1.68084
1.66952
1.66902
1.68122
1.70609
1.73982
1.76744
2.11614
1.92931
1.82781
1.77056
1.74159
1.73493
1.75024
1.79089
1.86665
2.01296
-0.745104
-0.746717
-0.708409
-0.642424
-0.564376
-0.478163
0.309461
0.379149
0.376988
0.306923
0.234945
0.157042
-0.126744
-0.411466
-0.760975
-1.2265
-1.80525
)
;

boundaryField
{
    wall-4
    {
        type            zeroGradient;
    }
    pressure-outlet-7
    {
        type            fixedValue;
        value           uniform 0;
    }
    velocity-inlet-6
    {
        type            zeroGradient;
    }
    velocity-inlet-5
    {
        type            zeroGradient;
    }
    frontAndBackPlanes
    {
        type            empty;
    }
}


// ************************************************************************* //
