/*--------------------------------*- C++ -*----------------------------------*\
  =========                 |
  \\      /  F ield         | OpenFOAM: The Open Source CFD Toolbox
   \\    /   O peration     | Website:  https://openfoam.org
    \\  /    A nd           | Version:  9
     \\/     M anipulation  |
\*---------------------------------------------------------------------------*/
FoamFile
{
    format      ascii;
    class       surfaceScalarField;
    location    "22";
    object      phi;
}
// * * * * * * * * * * * * * * * * * * * * * * * * * * * * * * * * * * * * * //

dimensions      [0 3 -1 0 0 0 0];

internalField   nonuniform List<scalar> 
4262
(
0.107149
0.470839
0.0955851
0.705149
0.0694336
0.858455
0.0474374
1.02076
0.0309815
1.21497
0.0196964
1.4495
0.0123298
1.73323
0.00726813
2.0761
0.00345951
2.48905
-0.000249413
2.986
-0.00394216
2.98598
-0.00769606
2.489
-0.0127157
2.07606
-0.020007
1.73315
-0.0312169
1.44943
-0.0476362
1.21494
-0.069571
1.0207
-0.0956554
0.858387
-0.107206
0.705136
0.470783
0.112805
0.358034
0.13522
0.682735
0.12039
0.873284
0.0980087
1.04314
0.0750695
1.23791
0.0535107
1.47106
0.0349598
1.75178
0.0203837
2.09067
0.00890096
2.50053
-0.000723171
2.99563
-0.0103776
2.99564
-0.0216884
2.50031
-0.0361114
2.09048
-0.0545725
1.75162
-0.0760449
1.4709
-0.0988545
1.23775
-0.121125
1.04297
-0.13574
0.873002
-0.113061
0.682457
0.357722
0.0918605
0.266174
0.124599
0.649997
0.120584
0.877299
0.104146
1.05958
0.0856672
1.25639
0.0667495
1.48998
0.0479739
1.77056
0.0301897
2.10846
0.0140378
2.51669
-0.00144759
3.01111
-0.0168605
3.01105
-0.0328641
2.51631
-0.0504038
2.10802
-0.0687875
1.77
-0.0872213
1.48934
-0.105257
1.25578
-0.121324
1.05904
-0.12522
0.876899
-0.0921674
0.649404
0.265554
0.0636747
0.202499
0.104276
0.609396
0.105778
0.875797
0.0939678
1.07139
0.0793803
1.27098
0.0648339
1.50453
0.0492208
1.78617
0.0328833
2.1248
0.0160819
2.53349
-0.00199861
3.02919
-0.0199133
3.02897
-0.0363875
2.53279
-0.0521656
2.1238
-0.0672396
1.78507
-0.0814592
1.50356
-0.095812
1.27013
-0.107352
1.07058
-0.105326
0.874873
-0.0641103
0.608189
0.201444
0.037119
0.16538
0.0800692
0.566446
0.0904181
0.865448
0.0832945
1.07851
0.0705681
1.2837
0.0583373
1.51676
0.0457119
1.7988
0.0314761
2.13903
0.0155013
2.54946
-0.00278348
3.04748
-0.0207492
3.04693
-0.0360992
2.54814
-0.0497529
2.13745
-0.0619603
1.79728
-0.0736963
1.51529
-0.08593
1.28237
-0.0924997
1.07714
-0.081465
0.863838
-0.0376286
0.564352
0.163815
0.0189758
0.146404
0.0555319
0.52989
0.0705855
0.850394
0.0690656
1.08003
0.0609923
1.29178
0.0504014
1.52735
0.0393327
1.80986
0.0275759
2.15079
0.0134769
2.56356
-0.00365711
3.06461
-0.020469
3.06374
-0.033897
2.56156
-0.0448765
2.14843
-0.0550644
1.80747
-0.0648861
1.52511
-0.0722138
1.2897
-0.0729764
1.07791
-0.0570058
0.847868
-0.0194706
0.526817
0.144345
0.00985975
0.136544
0.0397475
0.500002
0.0547737
0.835368
0.0553884
1.07942
0.0503026
1.29686
0.0420869
1.53556
0.0327137
1.81924
0.0219395
2.16156
0.00966465
2.57584
-0.00456829
3.07884
-0.0185171
3.07769
-0.0301805
2.57323
-0.039956
2.15821
-0.048167
1.81568
-0.0554708
1.53242
-0.059603
1.29383
-0.0580071
1.07631
-0.0417203
0.831581
-0.010478
0.495575
0.133867
0.00572863
0.130816
0.0305527
0.475178
0.0455427
0.820378
0.0467633
1.0782
0.0424421
1.30118
0.0354256
1.54258
0.026991
1.82767
0.0170494
2.1715
0.00606176
2.58682
-0.00575595
3.09066
-0.0170919
3.08903
-0.0269853
2.58312
-0.0354237
2.16664
-0.042765
1.82302
-0.04867
1.53832
-0.0518554
1.29701
-0.0494372
1.07389
-0.0329071
0.815051
-0.00648126
0.469149
0.127385
0.003563
0.127253
0.0228244
0.455917
0.0371391
0.806063
0.0390164
1.07632
0.0351743
1.30503
0.0290902
1.54867
0.0215921
1.83517
0.0129252
2.18017
0.00341037
2.59634
-0.00704003
3.10111
-0.0169397
3.09893
-0.0252608
2.59144
-0.0328916
2.17427
-0.0386473
1.82878
-0.0430883
1.54276
-0.0455111
1.29944
-0.0420127
1.0704
-0.0256152
0.798653
-0.00448089
0.448014
0.122905
0.00160945
0.125643
0.0137683
0.443758
0.0258606
0.793971
0.0285402
1.07364
0.0257382
1.30783
0.020991
1.55341
0.0154026
1.84076
0.00855623
2.18702
0.00032329
2.60457
-0.00933852
3.11077
-0.0183044
3.1079
-0.0246338
2.59777
-0.0292453
2.17889
-0.0328113
1.83234
-0.0357587
1.54571
-0.0365562
1.30023
-0.0316975
1.06554
-0.0171473
0.784103
-0.00276436
0.433632
0.12014
9.78871e-05
0.125546
0.00614296
0.437713
0.0149002
0.785214
0.0175878
1.07095
0.0157691
1.30965
0.0121559
1.55703
0.00801796
1.8449
0.00306219
2.19197
-0.0032338
2.61087
-0.0112237
3.11876
-0.0182966
3.11497
-0.0225071
2.60198
-0.0247344
2.18111
-0.026893
1.8345
-0.0281409
1.54696
-0.0274304
1.29952
-0.0218532
1.05996
-0.0101396
0.77239
-0.00152301
0.425015
0.118617
-0.000397436
0.125943
0.00182366
0.435492
0.00755307
0.779484
0.0100729
1.06843
0.00891687
1.3108
0.00603055
1.55991
0.00211679
1.84881
-0.00251112
2.1966
-0.0080267
2.61638
-0.0142282
3.12496
-0.0192358
3.11998
-0.0222601
2.60501
-0.0240301
2.18288
-0.0243152
1.83479
-0.0235114
1.54615
-0.0216002
1.29761
-0.016036
1.0544
-0.00680341
0.763157
-0.00123238
0.419444
0.117385
-0.000789814
0.126733
-0.00069426
0.435396
0.00272491
0.776065
0.00444568
1.06671
0.00385972
1.31139
0.00200258
1.56177
-0.00129756
1.85211
-0.00598127
2.20128
-0.0116935
2.6221
-0.0177516
3.13102
-0.0223588
3.12458
-0.0249349
2.60758
-0.0256098
2.18356
-0.0245234
1.8337
-0.0229496
1.54458
-0.019877
1.29454
-0.0139737
1.04849
-0.00603244
0.755216
-0.00146959
0.414881
0.115915
-0.00138814
0.128121
-0.00254885
0.436557
-0.000926468
0.774443
0.000479687
1.06531
0.000172482
1.3117
-0.00158935
1.56353
-0.00501478
1.85554
-0.00987216
2.20614
-0.0159182
2.62814
-0.0223637
3.13747
-0.0270193
3.12924
-0.028745
2.60931
-0.028192
2.18301
-0.0262144
1.83172
-0.0232059
1.54157
-0.018524
1.28986
-0.0121662
1.04213
-0.00525803
0.748308
-0.00140359
0.411027
0.114512
-0.00202611
0.130147
-0.00456748
0.439098
-0.00502289
0.774898
-0.00411383
1.0644
-0.00403353
1.31162
-0.00553771
1.56504
-0.00883489
1.85883
-0.0140001
2.21131
-0.0205955
2.63474
-0.0274704
3.14434
-0.0321874
3.13396
-0.0337324
2.61085
-0.0327595
2.18203
-0.0300994
1.82906
-0.0255443
1.53702
-0.0194157
1.28373
-0.012077
1.0348
-0.00527364
0.741504
-0.00147192
0.407225
0.11304
-0.00237203
0.132519
-0.00639082
0.443117
-0.00807585
0.776583
-0.00742733
1.06375
-0.00745168
1.31164
-0.00961057
1.56719
-0.0140174
1.86324
-0.0202352
2.21753
-0.0276058
2.64211
-0.0347738
3.15151
-0.039191
3.13837
-0.0402968
2.61196
-0.0385535
2.18029
-0.0347123
1.82522
-0.0284933
1.5308
-0.0208633
1.2761
-0.0127028
1.02663
-0.00595754
0.734759
-0.00182607
0.403094
0.111214
-0.00299194
0.135511
-0.00824581
0.448371
-0.0113655
0.779703
-0.0119954
1.06438
-0.012375
1.31202
-0.0148008
1.56962
-0.019951
1.86839
-0.027243
2.22482
-0.0356397
2.6505
-0.043289
3.15916
-0.0473506
3.14243
-0.0476438
2.61225
-0.0449521
2.1776
-0.0401481
1.82042
-0.0330115
1.52366
-0.024469
1.26756
-0.015461
1.01763
-0.00781502
0.727113
-0.00249614
0.397775
0.108718
-0.00350471
0.139016
-0.00974238
0.454608
-0.0143633
0.784324
-0.0164783
1.06649
-0.0184202
1.31396
-0.0224427
1.57364
-0.0290382
1.87499
-0.037562
2.23334
-0.0468128
2.65976
-0.0547031
3.16705
-0.0581284
3.14586
-0.0571693
2.61129
-0.0530576
2.17349
-0.0463983
1.81376
-0.0374784
1.51474
-0.0273187
1.2574
-0.0174211
1.00773
-0.00925824
0.71895
-0.00306797
0.391584
0.10565
-0.00482268
0.143838
-0.0134859
0.463272
-0.0206282
0.791466
-0.0246591
1.07052
-0.0280183
1.31732
-0.0333278
1.57895
-0.0411092
1.88277
-0.0505605
2.24279
-0.06019
2.66939
-0.0675931
3.17445
-0.0694765
3.14774
-0.0663145
2.60813
-0.0600362
2.16721
-0.0515417
1.80526
-0.0417419
1.50494
-0.0313222
1.24698
-0.0209477
0.997355
-0.0114673
0.70947
-0.00376614
0.383883
0.101883
-0.00581692
0.149655
-0.0161999
0.473655
-0.0255739
0.80084
-0.0325058
1.07746
-0.0391756
1.32399
-0.0472684
1.58705
-0.057062
1.89256
-0.067896
2.25363
-0.0780274
2.67952
-0.0845461
3.18097
-0.0843298
3.14753
-0.078738
2.60254
-0.0701858
2.15866
-0.0596291
1.79471
-0.047784
1.4931
-0.0355289
1.23472
-0.0238274
0.985653
-0.0133054
0.698948
-0.00442067
0.374999
0.0974627
-0.00816079
0.157816
-0.0227445
0.488238
-0.0357716
0.813867
-0.0454903
1.08717
-0.0543159
1.33282
-0.0647641
1.59749
-0.0768889
1.90468
-0.0892711
2.26601
-0.0996484
2.68989
-0.104756
3.18608
-0.101711
3.14448
-0.0928641
2.59369
-0.0810759
2.14687
-0.067986
1.78162
-0.0548883
1.48
-0.0422032
1.22204
-0.0295792
0.973029
-0.0167553
0.686124
-0.0054704
0.363714
0.0919923
-0.0101705
0.167987
-0.0279082
0.505976
-0.044699
0.830658
-0.0585959
1.10107
-0.0722348
1.34646
-0.0869259
1.61218
-0.102057
1.91982
-0.116241
2.28019
-0.126803
2.70046
-0.130011
3.18929
-0.123462
3.13793
-0.111133
2.58136
-0.0964875
2.13222
-0.0810373
1.76617
-0.0654917
1.46445
-0.050173
1.20672
-0.0348798
0.957736
-0.019745
0.670989
-0.00647164
0.35044
0.0855207
-0.0150094
0.182996
-0.0392622
0.530229
-0.0607998
0.852195
-0.0788731
1.11914
-0.0964534
1.36404
-0.114877
1.63061
-0.133172
1.93811
-0.1491
2.29612
-0.159363
2.71072
-0.1601
3.19002
-0.149781
3.12761
-0.133498
2.56508
-0.114707
2.11343
-0.0956035
1.74706
-0.0774513
1.4463
-0.0603034
1.18957
-0.043009
0.940441
-0.0245535
0.652533
-0.00781661
0.333703
0.0777041
-0.0192298
0.202226
-0.0507252
0.561724
-0.0802893
0.88176
-0.10476
1.14362
-0.12869
1.38797
-0.152389
1.65431
-0.174188
1.95991
-0.1912
2.31313
-0.200335
2.71985
-0.197554
3.18724
-0.181986
3.11205
-0.160718
2.54381
-0.13808
2.09079
-0.115931
1.72491
-0.0948241
1.42519
-0.0741337
1.16888
-0.0521739
0.918482
-0.029023
0.629382
-0.00896634
0.313647
0.0687377
-0.0335118
0.235738
-0.0765389
0.604751
-0.113254
0.918474
-0.143919
1.17428
-0.174337
1.41838
-0.202173
1.68214
-0.225645
1.98338
-0.242123
2.32961
-0.248381
2.72611
-0.24043
3.17929
-0.219173
3.09079
-0.193172
2.51781
-0.165896
2.06352
-0.139303
1.69832
-0.114104
1.4
-0.089545
1.14432
-0.0638501
0.892787
-0.0361434
0.601676
-0.0108159
0.288319
0.0579218
-0.0467711
0.282509
-0.112543
0.670523
-0.163676
0.969607
-0.202955
1.21356
-0.239092
1.45452
-0.268686
1.71174
-0.291557
2.00625
-0.305132
2.34318
-0.306306
2.72729
-0.29157
3.16455
-0.263417
3.06264
-0.231205
2.4856
-0.198981
2.03129
-0.168581
1.66792
-0.140235
1.37165
-0.111973
1.11606
-0.0798188
0.860633
-0.0420483
0.563905
-0.0110981
0.257369
0.0468237
-0.0311661
0.313675
-0.0860733
0.725431
-0.134948
1.01848
-0.179013
1.25762
-0.220402
1.49591
-0.258851
1.75019
-0.293731
2.04113
-0.322222
2.37167
-0.3401
2.74517
-0.340404
3.16486
-0.319861
3.04209
-0.2879
2.45364
-0.249611
1.993
-0.208117
1.62643
-0.165399
1.32893
-0.121565
1.07222
-0.0755532
0.814621
-0.0333467
0.521699
-0.00713968
0.231162
0.039684
-0.00833057
0.322005
-0.0360327
0.753133
-0.0726929
1.05514
-0.110218
1.29515
-0.147102
1.53279
-0.182037
1.78512
-0.21338
2.07248
-0.238255
2.39655
-0.252204
2.75912
-0.249053
3.16171
-0.226716
3.01976
-0.192671
2.41959
-0.15356
1.95389
-0.113822
1.58669
-0.0751662
1.29028
-0.0394171
1.03648
-0.0108322
0.786036
0.00467624
0.50619
0.00481001
0.231028
0.044494
0.00376041
0.318245
-0.0149346
0.771828
-0.0419241
1.08213
-0.0717473
1.32497
-0.102007
1.56305
-0.131853
1.81497
-0.159225
2.09985
-0.18096
2.41828
-0.19289
2.77105
-0.189356
3.15817
-0.167031
2.99743
-0.135183
2.38774
-0.100382
1.91909
-0.065942
1.55225
-0.0341381
1.25847
-0.00733723
1.00967
0.011682
0.767017
0.0157955
0.502077
0.00766217
0.239162
0.0521562
0.00410162
0.314143
-0.0058561
0.781785
-0.0259592
1.10223
-0.0504488
1.34946
-0.0753447
1.58795
-0.100633
1.84025
-0.124298
2.12352
-0.143243
2.43723
-0.153364
2.78117
-0.148443
3.15325
-0.128168
2.97716
-0.101969
2.36154
-0.0735957
1.89072
-0.0457108
1.52436
-0.0202504
1.23301
0.00132784
0.988096
0.0146563
0.753688
0.0158642
0.500869
0.00658229
0.248443
0.0587385
0.00635923
0.307784
-0.000512387
0.788657
-0.0182544
1.11998
-0.0387797
1.36999
-0.0599278
1.6091
-0.0818397
1.86217
-0.1025
2.14418
-0.119236
2.45397
-0.128386
2.79032
-0.125477
3.15034
-0.109317
2.961
-0.0858568
2.33808
-0.0608446
1.86571
-0.0369172
1.50044
-0.0151391
1.21123
0.00250149
0.970456
0.0120267
0.744163
0.0113638
0.501532
0.00421581
0.255591
0.0629543
0.00618455
0.301599
0.00127232
0.793569
-0.0141907
1.13544
-0.0324935
1.38829
-0.0513989
1.628
-0.0708656
1.88163
-0.0893834
2.16269
-0.104809
2.46939
-0.113805
2.79931
-0.111694
3.14823
-0.0964799
2.94578
-0.0762994
2.3179
-0.0554184
1.84482
-0.0350269
1.48005
-0.0172066
1.19341
-0.00334254
0.956592
0.00492395
0.735897
0.00572581
0.50073
0.00207333
0.259244
0.0650276
0.0043314
0.297268
0.00103545
0.796865
-0.0123612
1.14884
-0.0291088
1.40504
-0.0468485
1.64574
-0.0648371
1.89962
-0.0821058
2.17996
-0.0969755
2.48426
-0.1064
2.80874
-0.105749
3.14758
-0.0938158
2.93385
-0.0763247
2.30041
-0.0569822
1.82548
-0.0387819
1.46184
-0.0226914
1.17732
-0.0102464
0.944147
-0.00350753
0.729158
-0.00108748
0.49831
-0.000219571
0.258376
0.0648081
0.0027594
0.294509
1.50335e-05
0.79961
-0.0120296
1.16088
-0.0277088
1.42072
-0.0446102
1.66264
-0.0617378
1.91675
-0.0783379
2.19656
-0.0929197
2.49884
-0.102453
2.81827
-0.102507
3.14764
-0.0911921
2.92254
-0.0743384
2.28356
-0.0569619
1.80811
-0.040405
1.44529
-0.0267256
1.16364
-0.0162963
0.933717
-0.00905601
0.721918
-0.00553316
0.494787
-0.00173131
0.254574
0.0630767
0.000114695
0.294394
-0.00250786
0.802232
-0.0131272
1.1715
-0.0276148
1.43521
-0.0436462
1.67868
-0.0602682
1.93337
-0.0766181
2.21291
-0.0913366
2.51356
-0.101927
2.82886
-0.104585
3.15029
-0.0954673
2.91342
-0.0802928
2.26838
-0.0640396
1.79185
-0.0501376
1.43139
-0.0362128
1.14972
-0.0246084
0.922113
-0.0155619
0.712871
-0.00796763
0.487193
-0.00246065
0.249067
0.0606161
-0.000435715
0.29483
-0.00503021
0.806827
-0.0147964
1.18127
-0.0281479
1.44856
-0.0433019
1.69383
-0.0595073
1.94958
-0.0758923
2.2293
-0.0910794
2.52875
-0.102615
2.84039
-0.106164
3.15384
-0.0982297
2.90548
-0.0847788
2.25493
-0.069218
1.77629
-0.0519498
1.41412
-0.0381566
1.13593
-0.0263981
0.910354
-0.0168033
0.703276
-0.0096234
0.480013
-0.00305663
0.2425
0.0575595
-0.00254316
0.297373
-0.00765575
0.811939
-0.0170107
1.19062
-0.0291474
1.46069
-0.0434258
1.70811
-0.0591828
1.96533
-0.0756732
2.24579
-0.0915265
2.5446
-0.104567
2.85343
-0.11117
3.16045
-0.106919
2.90123
-0.0930608
2.24108
-0.0756778
1.75891
-0.0607942
1.39923
-0.0467738
1.1219
-0.0344587
0.898039
-0.0230132
0.691831
-0.0113828
0.468383
-0.00353374
0.234651
0.0540257
-0.00395154
0.301324
-0.00922652
0.817214
-0.0183111
1.19971
-0.0300434
1.47243
-0.0437017
1.72177
-0.05903
1.98066
-0.075578
2.26234
-0.0921
2.56112
-0.106619
2.86795
-0.115254
3.16908
-0.11174
2.89772
-0.100352
2.22969
-0.0852656
1.74382
-0.0677582
1.38173
-0.0510158
1.10516
-0.0357556
0.882779
-0.0231758
0.679251
-0.0128761
0.458083
-0.00398609
0.225761
0.0500396
-0.00443018
0.305755
-0.0104682
0.823252
-0.0193859
1.20862
-0.0307499
1.48379
-0.0439843
1.735
-0.0589782
1.99566
-0.0755289
2.27889
-0.0927248
2.57832
-0.108826
2.88405
-0.120082
3.18034
-0.120197
2.89783
-0.109583
2.21907
-0.0910841
1.72532
-0.0729223
1.36357
-0.0571164
1.08936
-0.0441783
0.869841
-0.0302771
0.66535
-0.0149698
0.442775
-0.00447667
0.215268
0.045563
-0.00438137
0.310136
-0.010848
0.829719
-0.0198363
1.21761
-0.0310279
1.49498
-0.0440102
1.74798
-0.0587421
2.01039
-0.0752985
2.29544
-0.0930202
2.59604
-0.110415
2.90145
-0.124336
3.19426
-0.127231
2.90073
-0.117652
2.2095
-0.102631
1.7103
-0.0823614
1.3433
-0.0629277
1.06992
-0.043993
0.850906
-0.0280384
0.649395
-0.0152909
0.430028
-0.00445455
0.204432
0.0411084
-0.00436336
0.314499
-0.0112536
0.836609
-0.0200817
1.22644
-0.0309789
1.50588
-0.0437278
1.76073
-0.0582738
2.02493
-0.0748105
2.31198
-0.0929703
2.6142
-0.111756
2.92023
-0.128268
3.21077
-0.134206
2.90666
-0.127455
2.20275
-0.110476
1.69332
-0.090522
1.32334
-0.068992
1.04839
-0.0515754
0.83349
-0.0352461
0.633066
-0.0170941
0.411876
-0.00435388
0.191692
0.0367545
-0.00432236
0.318822
-0.0112047
0.843491
-0.0198797
1.23511
-0.0305375
1.51654
-0.0430516
1.77325
-0.0573902
2.03927
-0.0738764
2.32847
-0.0923447
2.63267
-0.111961
2.93985
-0.129829
3.22864
-0.138952
2.91579
-0.135848
2.19964
-0.123292
1.68077
-0.10112
1.30117
-0.0756293
1.0229
-0.0486577
0.806518
-0.0275978
0.612006
-0.0137015
0.39798
-0.00330727
0.181297
0.0334473
-0.00434791
0.32317
-0.0112803
0.850424
-0.0196286
1.24346
-0.0298915
1.5268
-0.0420516
1.78541
-0.0561474
2.05337
-0.072575
2.34489
-0.0913562
2.65145
-0.112289
2.96078
-0.13393
3.25028
-0.148657
2.93052
-0.147413
2.1984
-0.131599
1.66495
-0.109529
1.2791
-0.0817434
0.995116
-0.055388
0.780163
-0.0305926
0.587211
-0.011235
0.378622
-0.00267197
0.172734
0.0307753
-0.0042564
0.327426
-0.0109715
0.857139
-0.0190707
1.25156
-0.0289978
1.53673
-0.0407763
1.79718
-0.0545614
2.06715
-0.0708354
2.36117
-0.0898075
2.67042
-0.111255
2.98223
-0.132667
3.27169
-0.147005
2.94485
-0.151432
2.20283
-0.145558
1.65908
-0.123727
1.25727
-0.0925813
0.963971
-0.0502081
0.737789
-0.00844834
0.545451
0.0159551
0.354219
0.0193218
0.169368
0.0500972
-0.00412586
0.331552
-0.0107543
0.863767
-0.0185102
1.25932
-0.0279994
1.54622
-0.0393215
1.80851
-0.0527449
2.08058
-0.068818
2.37724
-0.0878112
2.68942
-0.109872
3.00429
-0.134916
3.29674
-0.15541
2.96535
-0.162644
2.21006
-0.153812
1.65025
-0.135008
1.23846
-0.101532
0.930495
-0.0600303
0.696287
-0.00563164
0.491052
0.0281173
0.32047
0.0138814
0.183604
0.0639786
-0.00388578
0.335438
-0.0102266
0.870108
-0.0177141
1.26681
-0.0268306
1.55533
-0.0377624
1.81944
-0.0507772
2.09359
-0.066538
2.393
-0.0854572
2.70834
-0.108092
3.02693
-0.133482
3.32213
-0.153472
2.98534
-0.165346
2.22193
-0.168788
1.65369
-0.154132
1.22381
-0.122751
0.899113
-0.0624153
0.635952
0.035015
0.393622
0.143251
0.212234
0.164733
0.162122
0.228711
-0.00370661
0.339144
-0.0100084
0.87641
-0.0173653
1.27416
-0.0263852
1.56435
-0.0373977
1.83045
-0.0507553
2.10695
-0.0672985
2.40954
-0.0876962
2.72873
-0.112724
3.05196
-0.142744
3.35215
-0.171383
3.01398
-0.191107
2.24166
-0.193992
1.65657
-0.18345
1.21327
-0.155134
0.870797
-0.121573
0.602391
-0.141147
0.413195
-0.369016
0.440104
-0.916609
0.709715
0.889727
-1.57762
-0.00348231
0.342627
-0.00949245
0.88242
-0.0166639
1.28133
-0.0255085
1.5732
-0.0363789
1.84132
-0.0497462
2.12032
-0.0665758
2.42637
-0.0877587
2.74992
-0.114681
3.07888
-0.148578
3.38604
-0.181498
3.0469
-0.205064
2.26522
-0.228722
1.68023
-0.238471
1.22301
-0.241587
0.873913
-0.31851
0.679314
-0.684421
0.779107
-1.39086
1.14654
-2.0076
1.32646
1.22219
-2.34007
-0.00329892
0.345925
-0.00906016
0.888182
-0.0159476
1.28822
-0.0245236
1.58177
-0.0351965
1.85199
-0.0485374
2.13366
-0.065578
2.44341
-0.0874376
2.77178
-0.115799
3.10724
-0.152087
3.42233
-0.190673
3.08548
-0.228053
2.3026
-0.254512
1.70669
-0.268428
1.23693
-0.356697
0.962182
-0.738868
1.06149
-1.49019
1.53043
-2.07969
1.73604
-2.32676
1.57353
1.34007
-2.44464
-0.00303745
0.348963
-0.00842031
0.893564
-0.0150457
1.29485
-0.0233847
1.59011
-0.033851
1.86246
-0.0471329
2.14694
-0.0643475
2.46063
-0.0868915
2.79432
-0.116906
3.13725
-0.15795
3.46337
-0.204644
3.13218
-0.242566
2.34053
-0.287891
1.75202
-0.382544
1.33158
-0.695887
1.27553
-1.39922
1.76481
-2.00209
2.13331
-2.24862
1.98257
-2.36593
1.69083
1.40768
-2.43353
-0.00278341
0.351746
-0.00782981
0.898611
-0.0141003
1.30112
-0.0221038
1.59812
-0.0323658
1.87272
-0.0455456
2.16012
-0.0628428
2.47793
-0.0858163
2.81729
-0.117091
3.16853
-0.160215
3.5065
-0.210407
3.18237
-0.266188
2.39631
-0.324408
1.81024
-0.494141
1.50132
-1.05649
1.83787
-1.74893
2.45726
-2.08931
2.47369
-2.24537
2.13862
-2.3313
1.77676
1.4748
-2.39842
-0.00263804
0.354384
-0.00749031
0.903463
-0.0137401
1.30737
-0.0217776
1.60615
-0.0322336
1.88318
-0.0455888
2.17347
-0.0632821
2.49562
-0.0871059
2.84112
-0.120042
3.20146
-0.167096
3.55355
-0.227081
3.24235
-0.281897
2.45112
-0.376221
1.90456
-0.738729
1.86382
-1.45071
2.54985
-1.94647
2.95303
-2.15368
2.6809
-2.26361
2.24855
-2.3421
1.85525
1.54069
-2.408
-0.00262626
0.357011
-0.00774079
0.908578
-0.0142666
1.31389
-0.0226448
1.61453
-0.0335321
1.89407
-0.0474552
2.1874
-0.065907
2.51407
-0.0907039
2.86591
-0.125059
3.23582
-0.17522
3.60371
-0.235748
3.30288
-0.307894
2.52327
-0.493127
2.08979
-1.00858
2.37927
-1.64081
3.18209
-1.9371
3.24931
-2.09014
2.83395
-2.20916
2.36757
-2.30509
1.95118
1.60572
-2.37012
-0.0025532
0.359564
-0.00777525
0.9138
-0.0146971
1.32081
-0.0235477
1.62338
-0.0349016
1.90542
-0.0493913
2.20189
-0.0685267
2.53321
-0.0943902
2.89178
-0.130741
3.27217
-0.183717
3.65669
-0.25166
3.37082
-0.343846
2.61545
-0.605823
2.35177
-1.21736
2.99081
-1.72749
3.69222
-1.94324
3.46506
-2.09158
2.98229
-2.22368
2.49967
-2.34233
2.06983
1.66867
-2.40528
-0.00242182
0.361986
-0.00796082
0.919339
-0.0152117
1.32807
-0.0244576
1.63263
-0.0362621
1.91722
-0.0513578
2.21698
-0.0713113
2.55316
-0.0982976
2.91876
-0.135733
3.30961
-0.191376
3.71233
-0.263337
3.44278
-0.384108
2.73622
-0.739511
2.70717
-1.3612
3.6125
-1.74002
4.07104
-1.92425
3.64928
-2.03731
3.09535
-2.13727
2.59963
-2.21293
2.14549
1.66439
-2.20866
-0.00218819
0.364174
-0.00774325
0.924894
-0.0154388
1.33576
-0.0252372
1.64243
-0.037592
1.92958
-0.0532772
2.23267
-0.0738575
2.57374
-0.101625
2.94653
-0.140792
3.34877
-0.19834
3.76988
-0.277579
3.52202
-0.438763
2.89741
-0.860493
3.1289
-1.41714
4.16915
-1.69712
4.35101
-1.86812
3.82029
-1.97259
3.19981
-1.98326
2.61031
-1.93034
2.09257
1.65344
-1.91938
-0.00194136
0.366115
-0.00775573
0.930708
-0.0157048
1.34371
-0.0258116
1.65253
-0.0384764
1.94224
-0.0544607
2.24865
-0.0753589
2.59464
-0.103539
2.97471
-0.14268
3.38791
-0.199605
3.8268
-0.285585
3.608
-0.474398
3.08622
-0.92348
3.57799
-1.38281
4.62848
-1.57174
4.53994
-1.65084
3.89939
-1.66685
3.21583
-1.53052
2.47397
-1.04074
1.60279
0.612703
-0.00137881
0.367494
-0.00698318
0.936312
-0.0154156
1.35214
-0.026246
1.66336
-0.0398247
1.95582
-0.0569202
2.26575
-0.0792807
2.617
-0.109373
3.00481
-0.151634
3.43017
-0.212737
3.88791
-0.308891
3.70416
-0.542771
3.3201
-1.05049
4.0857
-1.43536
5.01335
-1.54627
4.65085
-1.55786
3.91098
-1.4715
3.12947
-1.23837
2.24084
-0.663397
1.02782
-0.0506948
-0.000954007
0.368448
-0.00647698
0.941835
-0.0151106
1.36078
-0.0264111
1.67466
-0.0406353
1.97005
-0.0587072
2.28382
-0.0825181
2.64081
-0.114863
3.03715
-0.160863
3.47618
-0.229976
3.95702
-0.348093
3.82228
-0.626735
3.59874
-1.15439
4.61336
-1.45253
5.3115
-1.53081
4.72913
-1.51953
3.89971
-1.3219
2.93184
-0.819962
1.7389
-0.127932
0.335785
-0.178627
-5.85038e-05
0.368506
-0.00465617
0.946433
-0.0136698
1.36979
-0.0257118
1.68671
-0.0407392
1.98507
-0.0598868
2.30297
-0.0851104
2.66603
-0.119459
3.0715
-0.168176
3.52489
-0.239895
4.02874
-0.368373
3.95075
-0.695463
3.92583
-1.22526
5.14315
-1.43314
5.51938
-1.47127
4.76725
-1.39997
3.8284
-1.11812
2.65
-0.361191
0.981965
0.0350554
-0.0604607
-0.143571
0.00102615
0.36748
-0.00304236
0.950502
-0.0121394
1.37889
-0.0245787
1.69914
-0.0399498
2.00044
-0.0597327
2.32275
-0.0859809
2.69228
-0.121539
3.10706
-0.172071
3.57542
-0.253671
4.11034
-0.411378
4.10846
-0.782802
4.29726
-1.26527
5.62563
-1.40146
5.65557
-1.41408
4.77987
-1.24785
3.66217
-0.757021
2.15917
-0.0881888
0.313133
0.038688
-0.187338
-0.104883
0.00285844
0.364622
0.000652529
0.952707
-0.00887381
1.38841
-0.0217318
1.712
-0.0376
2.01631
-0.0582937
2.34344
-0.0855598
2.71955
-0.122517
3.14401
-0.174731
3.62764
-0.259537
4.19514
-0.42424
4.27316
-0.83673
4.70975
-1.24899
6.03789
-1.33594
5.74252
-1.31654
4.76048
-1.05373
3.39935
-0.402386
1.50783
-0.0224785
-0.0667741
0.00966806
-0.219484
-0.0952152
0.00413468
0.360487
0.00279064
0.954051
-0.00582849
1.39703
-0.0182288
1.7244
-0.0339699
2.03205
-0.0546713
2.36415
-0.0820432
2.74692
-0.119159
3.18113
-0.171533
3.68001
-0.262273
4.28588
-0.447078
4.45797
-0.883712
5.14638
-1.20059
6.35476
-1.25005
5.79198
-1.16882
4.67924
-0.856279
3.08681
-0.167672
0.819219
-0.00271302
-0.231733
-0.00169906
-0.220498
-0.0969142
0.00661144
0.353876
0.00743265
0.95323
0.000606466
1.40386
-0.0115006
1.73651
-0.0275343
2.04809
-0.0486888
2.3853
-0.0759012
2.77413
-0.112403
3.21763
-0.163367
3.73098
-0.253442
4.37596
-0.447097
4.65162
-0.870539
5.56982
-1.10407
6.58829
-1.13381
5.82173
-0.984593
4.53002
-0.557696
2.65992
-0.010856
0.272379
0.0265092
-0.269098
0.0165844
-0.210573
-0.0803298
0.00903472
0.344841
0.012403
0.949862
0.00691564
1.40935
-0.00349617
1.74692
-0.0194034
2.06399
-0.0393529
2.40525
-0.0648717
2.79965
-0.100063
3.25282
-0.149948
3.78086
-0.239791
4.4658
-0.439201
4.85103
-0.819858
5.95048
-0.993412
6.76184
-1.03314
5.86146
-0.837998
4.33488
-0.319881
2.1418
-0.0146619
-0.0328398
-0.00595864
-0.277801
0.0120765
-0.228608
-0.0682533
0.0131876
0.331653
0.0208845
0.942165
0.017944
1.41229
0.00820309
1.75666
-0.0069861
2.07918
-0.0251212
2.42338
-0.0492151
2.82374
-0.081619
3.28523
-0.126186
3.82543
-0.20684
4.54646
-0.397071
5.04126
-0.704365
6.25778
-0.820754
6.87823
-0.835923
5.87663
-0.663209
4.16216
-0.182394
1.66099
-0.0781196
-0.137115
-0.0498807
-0.30604
-0.00622616
-0.272263
-0.0744795
0.017341
0.314312
0.029585
0.929921
0.02943
1.41244
0.021615
1.76448
0.00929436
2.0915
-0.00614155
2.43882
-0.0270979
2.8447
-0.0536418
3.31177
-0.0901912
3.86198
-0.155931
4.6122
-0.319065
5.2044
-0.529418
6.46813
-0.625713
6.97453
-0.689205
5.94012
-0.618929
4.09189
-0.380555
1.42261
-0.419924
-0.0977455
-0.293645
-0.432319
-0.135578
-0.430331
-0.210057
0.0231687
0.291144
0.0425074
0.910582
0.0472313
1.40772
0.0421362
1.76957
0.0324255
2.10122
0.0194432
2.4518
0.00244137
2.8617
-0.0192457
3.33346
-0.0459639
3.8887
-0.0867596
4.65299
-0.187084
5.30472
-0.299197
6.58024
-0.376465
7.05179
-0.452966
6.01662
-0.542392
4.18131
-0.645721
1.52594
-0.708367
-0.0350995
-0.527396
-0.61329
-0.254105
-0.703622
-0.464162
0.0288883
0.262255
0.0560146
0.883456
0.0664877
1.39724
0.0663538
1.76971
0.060273
2.1073
0.0512366
2.46084
0.0406343
2.87231
0.0273243
3.34677
0.0129569
3.90306
0.00112126
4.66483
0.00750325
5.29834
0.00659093
6.58116
-0.000720566
7.0591
-0.0377465
6.05365
-0.118833
4.2624
-0.373086
1.78019
-0.644822
0.236637
-0.593399
-0.664713
-0.294236
-1.00279
-0.758398
0.0358742
0.226381
0.0740908
0.84524
0.0929665
1.37837
0.0972408
1.76543
0.0951625
2.10937
0.0913798
2.46462
0.088216
2.87547
0.0864537
3.34853
0.0889901
3.90053
0.114762
4.63906
0.190661
5.22244
0.406655
6.36516
0.596643
6.86912
0.845752
5.80454
0.852153
4.256
0.466871
2.16548
0.105567
0.597941
-0.145668
-0.413478
-0.174792
-0.973661
-0.93319
0.0417056
0.184676
0.0928678
0.794077
0.121869
1.34937
0.133705
1.7536
0.13863
2.10445
0.140306
2.46294
0.145286
2.87049
0.152669
3.34115
0.17391
3.87929
0.24505
4.56792
0.42682
5.04067
0.906074
5.88591
1.28909
6.4861
1.65814
5.43548
1.7576
4.15654
1.39428
2.5288
0.980341
1.01188
0.548047
0.0188163
0.192482
-0.618096
-0.740708
0.0458697
0.138806
0.113488
0.726459
0.156257
1.3066
0.176203
1.73365
0.188476
2.09218
0.195788
2.45563
0.208449
2.85783
0.230361
3.31923
0.261924
3.84772
0.35887
4.47097
0.610971
4.78857
1.26784
5.22904
1.69174
6.0622
1.99694
5.13028
2.10869
4.04479
1.83106
2.80643
1.33497
1.50797
0.853709
0.500082
0.383894
-0.148281
-0.356814
0.0444761
0.0943297
0.131567
0.639368
0.192933
1.24523
0.225305
1.70128
0.245701
2.07178
0.259579
2.44175
0.279253
2.83815
0.310358
3.28813
0.349014
3.80907
0.455884
4.3641
0.720445
4.52401
1.31135
4.63814
1.73541
5.63814
1.97307
4.89261
2.05548
3.96238
1.86514
2.99677
1.41888
1.95422
0.903564
1.0154
0.382157
0.373127
0.0253429
0.0386956
0.0556341
0.148765
0.529299
0.233058
1.16094
0.280968
1.65337
0.311964
2.04079
0.335072
2.41865
0.360016
2.81321
0.390678
3.25747
0.436424
3.76332
0.51947
4.28105
0.701044
4.34243
1.11433
4.22486
1.55302
5.19946
1.68377
4.76186
1.70345
3.94271
1.56684
3.13338
1.22259
2.29847
0.781481
1.4565
0.330192
0.824416
0.355535
0.0333934
0.0222406
0.166063
0.396629
0.274491
1.05251
0.339814
1.58804
0.380961
1.99964
0.413683
2.38592
0.440297
2.7866
0.474445
3.22332
0.509619
3.72815
0.530653
4.26002
0.619498
4.25359
0.902937
3.94142
1.29118
4.81121
1.35455
4.69849
1.29543
4.00183
1.15028
3.27853
0.891635
2.55711
0.548885
1.79925
0.210342
1.16296
0.565877
0.0333284
-0.0110877
0.167377
0.26258
0.312963
0.906926
0.407713
1.49329
0.463908
1.94344
0.508752
2.34108
0.542048
2.7533
0.574611
3.19076
0.589385
3.71337
0.553929
4.29548
0.561924
4.24559
0.718793
3.78455
1.04976
4.48024
1.09345
4.6548
0.990985
4.1043
0.839485
3.43003
0.628732
2.76786
0.36622
2.06176
0.128316
1.40086
0.694194
0.0283248
-0.0394126
0.109929
0.180976
0.249841
0.767014
0.36158
1.38156
0.432994
1.87203
0.478152
2.29592
0.505479
2.72597
0.505383
3.19085
0.489206
3.72955
0.419391
4.36529
0.352126
4.31286
0.357763
3.77891
0.538198
4.29981
0.551628
4.64137
0.486442
4.16948
0.392102
3.52437
0.285573
2.87439
0.152171
2.19517
0.0421348
1.5109
0.736328
-0.00136547
-0.0380471
0.00143051
0.17818
0.0740144
0.69443
0.170634
1.28494
0.257679
1.78498
0.324931
2.22867
0.379499
2.67141
0.394024
3.17633
0.4029
3.72068
0.347287
4.4209
0.236798
4.42335
0.179752
3.83596
0.294741
4.18482
0.309933
4.62618
0.265753
4.21366
0.20205
3.58808
0.127924
2.94852
0.0468483
2.27624
-0.00873397
1.56648
0.727594
-0.0229232
-0.0151239
-0.0517393
0.206996
-0.0350218
0.677713
0.0385822
1.21133
0.127171
1.6964
0.211879
2.14396
0.288587
2.5947
0.339476
3.12544
0.377934
3.68222
0.343645
4.45519
0.207344
4.55965
0.102964
3.94034
0.140915
4.14687
0.159956
4.60714
0.135798
4.23782
0.0883782
3.6355
0.0299025
3.00699
-0.0134573
2.3196
-0.0311084
1.58413
0.696486
-0.0301563
0.0150324
-0.0763835
0.253223
-0.0843233
0.685653
-0.0349768
1.16199
0.0493256
1.61209
0.145582
2.0477
0.242641
2.49764
0.334214
3.03386
0.403796
3.61264
0.409738
4.44925
0.271648
4.69774
0.107211
4.10478
0.090075
4.16401
0.0950288
4.60218
0.0574645
4.27538
0.0053882
3.68757
-0.0402728
3.05266
-0.0606839
2.34001
-0.051951
1.5754
0.644535
-0.0286501
0.0436825
-0.0743487
0.298922
-0.0909359
0.70224
-0.0549768
1.12603
0.0240894
1.53303
0.130581
1.94121
0.251874
2.37635
0.390674
2.89507
0.512809
3.4905
0.571296
4.39076
0.432149
4.83689
0.156836
4.38009
0.0708193
4.25002
0.0363347
4.63667
-0.0251368
4.33686
-0.078702
3.74114
-0.0981784
3.07213
-0.110069
2.3519
-0.0787505
1.54408
0.565784
-0.0196797
0.0633622
-0.0533368
0.332579
-0.0688134
0.717716
-0.0369057
1.09412
0.041675
1.45445
0.15959
1.8233
0.30783
2.22811
0.49432
2.70857
0.681548
3.30327
0.788386
4.28392
0.617537
5.00774
0.236707
4.76092
0.0247654
4.46196
-0.052759
4.71419
-0.112954
4.39705
-0.1465
3.77468
-0.154088
3.07972
-0.14813
2.34595
-0.0939542
1.4899
0.47183
-0.00972849
0.0730907
-0.0302981
0.353149
-0.0348752
0.722293
-0.00156763
1.06081
0.0784868
1.37439
0.203916
1.69787
0.371245
2.06078
0.588918
2.4909
0.81771
3.07448
0.959727
4.14191
0.769716
5.19775
0.341215
5.18942
0.0191505
4.78403
-0.095187
4.82853
-0.162488
4.46435
-0.187396
3.79959
-0.201052
3.09338
-0.16791
2.3128
-0.0808659
1.40286
0.390964
-0.00194537
0.0750361
-0.013307
0.36451
-0.00934645
0.718333
0.0272915
1.02417
0.10635
1.29533
0.230647
1.57357
0.402754
1.88867
0.632128
2.26153
0.880226
2.82638
1.02942
3.99272
0.858582
5.36858
0.475135
5.57287
0.111142
5.14802
-0.0804934
5.02016
-0.186094
4.56995
-0.237235
3.85073
-0.259636
3.11578
-0.196198
2.24937
-0.0584857
1.26515
0.332479
0.00227124
0.0727648
-0.00547944
0.372261
0.000548041
0.712305
0.0359068
0.988815
0.105154
1.22609
0.213175
1.46555
0.368795
1.73305
0.579083
2.05124
0.820475
2.58499
0.958635
3.85456
0.838304
5.48891
0.534869
5.8763
0.140153
5.54274
-0.14748
5.3078
-0.28893
4.7114
-0.380393
3.9422
-0.366218
3.1016
-0.222493
2.10564
-0.04779
1.09044
0.284689
0.00224673
0.0705181
-0.00784262
0.38235
-0.0067886
0.711251
0.0168591
0.965168
0.0629876
1.17996
0.136066
1.39247
0.244941
1.62418
0.392451
1.90373
0.56558
2.41186
0.671948
3.74819
0.595605
5.56525
0.263098
6.20881
-0.191835
5.99767
-0.482122
5.59808
-0.604016
4.83329
-0.618076
3.95626
-0.483064
2.96659
-0.229324
1.8519
-0.0525591
0.913679
0.23213
-0.00154176
0.0720599
-0.0190847
0.399893
-0.0315491
0.723716
-0.0301779
0.963796
-0.0212098
1.17099
-0.000292719
1.37156
0.0338927
1.58999
0.0727508
1.86487
0.0849755
2.39964
0.0225346
3.81063
-0.126404
5.71419
-0.476696
6.5591
-0.801082
6.32206
-0.90932
5.70632
-0.90759
4.83157
-0.769519
3.81818
-0.453916
2.65099
-0.191598
1.58958
-0.051314
0.773396
0.180816
-0.00739441
0.0794543
-0.0344278
0.426926
-0.0656157
0.754904
-0.0941864
0.992367
-0.128088
1.20489
-0.167096
1.41056
-0.218562
1.64146
-0.291683
1.93799
-0.420107
2.52806
-0.649015
4.03954
-0.946462
6.01164
-1.18713
6.79976
-1.28802
6.42296
-1.21178
5.63008
-1.06319
4.68297
-0.714346
3.46934
-0.311415
2.24806
-0.121385
1.39955
-0.0348043
0.686815
0.146011
-0.0139941
0.0934484
-0.0505189
0.463451
-0.100249
0.804634
-0.160801
1.05292
-0.233573
1.27766
-0.327193
1.50418
-0.455647
1.76991
-0.635692
2.11804
-0.886229
2.7786
-1.21682
4.37013
-1.52826
6.32308
-1.58163
6.85313
-1.48944
6.33077
-1.29975
5.44039
-0.951514
4.33474
-0.47265
2.99048
-0.177112
1.95252
-0.058527
1.28097
-0.0169264
0.645215
0.129085
-0.0188313
0.11228
-0.0617833
0.506403
-0.12485
0.867701
-0.207397
1.13547
-0.310669
1.38093
-0.445856
1.63937
-0.6296
1.95366
-0.880329
2.36877
-1.19929
3.09756
-1.53836
4.7092
-1.76637
6.55109
-1.68436
6.77112
-1.46338
6.10979
-1.10544
5.08245
-0.598263
3.82755
-0.216723
2.60894
-0.0633572
1.79915
-0.0109223
1.22853
-0.000780828
0.635073
0.128304
-0.0210191
0.133299
-0.0660629
0.551447
-0.136286
0.937924
-0.230704
1.22988
-0.351725
1.50196
-0.509176
1.79682
-0.719435
2.16391
-0.999575
2.64891
-1.33863
3.43661
-1.63673
5.00731
-1.74926
6.66362
-1.56926
6.59112
-1.19532
5.73585
-0.70317
4.59031
-0.249121
3.3735
-0.036353
2.39617
0.0141954
1.7486
0.0214507
1.22128
0.0109948
0.645529
0.139299
-0.0204206
0.153719
-0.0630317
0.594058
-0.132937
1.00783
-0.229184
1.32613
-0.353363
1.62613
-0.513035
1.95649
-0.721447
2.37233
-0.992376
2.91983
-1.3103
3.75453
-1.57347
5.27048
-1.56173
6.65187
-1.23677
6.26615
-0.77101
5.27009
-0.336109
4.15541
-0.0437713
3.08117
0.0498419
2.30256
0.0511432
1.7473
0.036725
1.2357
0.0157743
0.66648
0.155073
-0.017762
0.171481
-0.0548125
0.631109
-0.118936
1.07195
-0.209603
1.4168
-0.326364
1.7429
-0.474076
2.10421
-0.660743
2.55899
-0.894022
3.15311
-1.15002
4.01053
-1.31826
5.43873
-1.16919
6.5028
-0.808101
5.90507
-0.410792
4.87278
-0.102609
3.84722
0.0507182
2.92784
0.077063
2.27621
0.0603041
1.76406
0.035353
1.26065
0.0144598
0.687373
0.169533
-0.0138967
0.185378
-0.0436079
0.66082
-0.0980361
1.12638
-0.177567
1.49633
-0.279498
1.84483
-0.406574
2.23128
-0.561588
2.71401
-0.746362
3.33789
-0.933293
4.19746
-1.01171
5.51714
-0.805053
6.29614
-0.486167
5.58618
-0.187902
4.57452
0.00877587
3.65054
0.0791531
2.85746
0.0777393
2.27762
0.052146
1.78966
0.0282066
1.28459
0.0119769
0.703603
0.18151
-0.0101226
0.195501
-0.0328438
0.683541
-0.0770196
1.17056
-0.144165
1.56347
-0.229551
1.93021
-0.334604
2.33633
-0.458351
2.83775
-0.598702
3.47824
-0.730298
4.32906
-0.761891
5.54874
-0.561212
6.09546
-0.297513
5.32248
-0.0862414
4.36325
0.0366683
3.52763
0.0694291
2.8247
0.0604931
2.28656
0.0377491
1.8124
0.0212164
1.30112
0.00929144
0.715528
0.190801
-0.00698696
0.202488
-0.0235949
0.700149
-0.057656
1.20462
-0.111493
1.61731
-0.179812
1.99853
-0.262997
2.41952
-0.358192
2.93295
-0.461323
3.58137
-0.551937
4.41967
-0.562831
5.55963
-0.40019
5.93282
-0.196748
5.11904
-0.0516181
4.21812
0.0261146
3.4499
0.0437585
2.80706
0.0368741
2.29344
0.0239777
1.8253
0.0144375
1.31066
0.00654926
0.723416
0.197351
-0.00476088
0.207248
-0.0168868
0.712275
-0.0431445
1.23087
-0.0859516
1.66012
-0.140468
2.05305
-0.205921
2.48497
-0.279048
3.00608
-0.354896
3.65722
-0.417472
4.48225
-0.420205
5.56236
-0.300774
5.81339
-0.151614
4.96988
-0.0510401
4.11754
0.0025152
3.39635
0.0179161
2.79166
0.0176817
2.29368
0.0126688
1.83031
0.00859699
1.31473
0.00414196
0.727871
0.201492
-0.00310135
0.21035
-0.0115602
0.720734
-0.0309443
1.25026
-0.0633655
1.69254
-0.104924
2.09461
-0.154275
2.53432
-0.208609
3.06041
-0.263009
3.71162
-0.305827
4.52507
-0.305796
5.56233
-0.224443
5.73204
-0.121034
4.86647
-0.0517039
4.04821
-0.0126025
3.35725
0.00211078
2.77694
0.00679066
2.289
0.00674483
1.83035
0.00549436
1.31598
0.00281083
0.730554
0.204303
-0.00200285
0.212353
-0.00810469
0.726836
-0.0231977
1.26535
-0.0488287
1.71817
-0.0817853
2.12756
-0.120323
2.57286
-0.162255
3.10234
-0.203146
3.75251
-0.234139
4.55606
-0.233896
5.56209
-0.17914
5.67729
-0.10752
4.79485
-0.0571966
3.99789
-0.0258818
3.32593
-0.00993934
2.761
-0.00161532
2.28068
0.00198766
1.82675
0.00288178
1.31509
0.00167424
0.731762
0.205978
-0.00124874
0.213601
-0.00536329
0.73095
-0.0162403
1.27623
-0.034839
1.73677
-0.0587699
2.15149
-0.0864724
2.60056
-0.116482
3.13235
-0.145206
3.78123
-0.166666
4.57752
-0.166779
5.5622
-0.132127
5.64263
-0.0855784
4.7483
-0.0513536
3.96366
-0.0280773
3.30265
-0.01374
2.74666
-0.0047503
2.27169
3.00144e-05
1.82197
0.00162888
1.31349
0.00111763
0.732273
0.207095
-0.000874061
0.214475
-0.00408715
0.734163
-0.0132306
1.28537
-0.02893
1.75247
-0.0488187
2.17138
-0.0715071
2.62325
-0.0960626
3.15691
-0.119297
3.80447
-0.13664
4.59486
-0.137446
5.56301
-0.113324
5.61851
-0.0793637
4.71434
-0.0520423
3.93634
-0.0315449
3.28216
-0.0173684
2.73249
-0.00762776
2.26194
-0.00183203
1.81618
0.000486855
1.31117
0.000554776
0.732205
0.20765
-0.000637451
-0.00286248
-0.00914846
-0.0197427
-0.0328361
-0.0474557
-0.0631373
-0.0782605
-0.0893783
-0.090947
-0.0779652
-0.0585113
-0.0409887
-0.0268373
-0.0160683
-0.0081876
-0.00320176
-0.000844393
-0.000206452
-0.274799
-1.64458
-0.333285
-2.15017
-0.273888
-2.46467
-0.259016
-2.38499
-0.250294
-2.41672
-0.223626
-2.42508
-0.21456
-2.44259
-0.199417
-2.45978
-0.16489
-2.3746
-1.74251
-0.0894651
-1.55512
-0.0747021
-2.16494
-0.110713
-2.42866
-0.111441
-2.38426
-0.108729
-2.41943
-0.10348
-2.43033
-0.0940078
-2.45207
-0.0675581
-2.48623
-0.0232514
-2.4189
-1.76577
-0.0954629
-1.45966
-0.0620232
-2.19838
-0.0966254
-2.39406
-0.0746507
-2.40624
-0.0699069
-2.42418
-0.0596733
-2.44057
-0.0458554
-2.46588
-0.030709
-2.50138
-0.0129627
-2.43665
-1.77873
0.00117467
-1.46083
0.0132944
-2.2105
0.00597942
-2.38675
-0.00444068
-2.39582
-0.00826917
-2.42035
-0.0139395
-2.4349
-0.017724
-2.4621
-0.02467
-2.49443
-0.0338755
-2.42744
-1.8126
0.0206752
-1.48151
0.0207785
-2.2106
0.0101841
-2.37615
0.0070816
-2.39272
0.00204255
-2.41531
-0.00174326
-2.43111
-0.00918071
-2.45466
-0.0242242
-2.47939
-0.0268064
-2.42486
-1.83941
0.046478
-1.52798
0.0661845
-2.23031
0.053219
-2.36319
0.0481153
-2.38761
0.0307646
-2.39796
0.0149828
-2.41533
-0.00362132
-2.43606
-0.0235593
-2.45945
-0.0370494
-2.41137
-1.87646
0.054191
-1.58218
0.0627807
-2.2389
0.0487767
-2.34918
0.0373652
-2.3762
0.0257324
-2.38633
0.0128097
-2.40241
-0.00307092
-2.42018
-0.0240683
-2.43846
-0.0305258
-2.40491
-1.90699
0.0665696
-1.64875
0.0822147
-2.25454
0.0754155
-2.34238
0.0592137
-2.36
0.0430174
-2.37013
0.022461
-2.38185
-0.000274036
-2.39744
-0.0225954
-2.41613
-0.0380704
-2.38944
-1.94506
0.06786
-1.71661
0.0737238
-2.2604
0.0601677
-2.32883
0.0453216
-2.34515
0.0304872
-2.3553
0.016467
-2.36783
-0.000204106
-2.38077
-0.0219055
-2.39443
-0.0329715
-2.37837
-1.97803
0.074241
-1.79085
0.0837816
-2.26994
0.0757603
-2.32081
0.0608871
-2.33028
0.0442544
-2.33866
0.0241415
-2.34772
0.00187186
-2.3585
-0.019816
-2.37274
-0.0382072
-2.35998
-2.01624
0.0721065
-1.86295
0.072349
-2.27019
0.058243
-2.3067
0.0441366
-2.31617
0.030175
-2.3247
0.0161091
-2.33365
0.000346067
-2.34274
-0.0198576
-2.35254
-0.0338618
-2.34598
-2.0501
0.0758312
-1.93878
0.0799663
-2.27432
0.0732386
-2.29997
0.0599018
-2.30284
0.0423006
-2.3071
0.0213559
-2.31271
-0.000128111
-2.32125
-0.0210825
-2.33159
-0.0390599
-2.328
-2.08916
0.0753568
-2.01414
0.0739667
-2.27293
0.0606958
-2.2867
0.045614
-2.28775
0.0284166
-2.2899
0.0109257
-2.29522
-0.00644922
-2.30388
-0.0260853
-2.31195
-0.0393339
-2.31475
-2.12849
0.0836785
-2.09782
0.085783
-2.27504
0.0756857
-2.2766
0.0590142
-2.27108
0.039801
-2.27069
0.018024
-2.27344
-0.00617419
-2.27968
-0.0292809
-2.28884
-0.0479898
-2.29604
-2.17648
0.0868939
-2.18471
0.0749084
-2.26305
0.0562541
-2.25795
0.0414013
-2.25623
0.0280632
-2.25735
0.0139057
-2.25928
-0.00348674
-2.26229
-0.0254315
-2.2669
-0.0469185
-2.27456
-2.2234
0.0658587
0.0533792
0.0460016
0.0403433
0.0335642
0.0248545
0.0131383
-0.00318905
-0.0271729
)
;

boundaryField
{
    wall-4
    {
        type            calculated;
        value           uniform 0;
    }
    pressure-outlet-7
    {
        type            calculated;
        value           nonuniform List<scalar> 
20
(
0.215113
0.736388
1.29166
1.76306
2.18448
2.63787
3.17259
3.81959
4.60598
5.56458
5.60553
4.69489
3.91882
3.26801
2.72172
2.25406
1.81119
1.30881
0.731567
0.207443
)
;
    }
    velocity-inlet-6
    {
        type            calculated;
        value           nonuniform List<scalar> 10(-2.25057 -2.25057 -2.25057 -2.25057 -2.25057 -2.25057 -2.25057 -2.25057 -2.25057 -2.25057);
    }
    velocity-inlet-5
    {
        type            calculated;
        value           nonuniform List<scalar> 
20
(
-0.577988
-0.693586
-0.832303
-0.998764
-1.19852
-1.43822
-1.72586
-2.07104
-2.48524
-2.98229
-2.98229
-2.48524
-2.07104
-1.72586
-1.43822
-1.19852
-0.998764
-0.832303
-0.693586
-0.577988
)
;
    }
    frontAndBackPlanes
    {
        type            empty;
        value           nonuniform List<scalar> 0();
    }
}


// ************************************************************************* //
