/*--------------------------------*- C++ -*----------------------------------*\
  =========                 |
  \\      /  F ield         | OpenFOAM: The Open Source CFD Toolbox
   \\    /   O peration     | Website:  https://openfoam.org
    \\  /    A nd           | Version:  9
     \\/     M anipulation  |
\*---------------------------------------------------------------------------*/
FoamFile
{
    format      ascii;
    class       volVectorField;
    location    "22";
    object      U;
}
// * * * * * * * * * * * * * * * * * * * * * * * * * * * * * * * * * * * * * //

dimensions      [0 1 -1 0 0 0 0];

internalField   nonuniform List<vector> 
2200
(
(0.878841 -0.0304102 0)
(1.00578 -0.0512955 0)
(1.00325 -0.0353963 0)
(1.00027 -0.024474 0)
(1.00001 -0.0166937 0)
(1.00012 -0.0106899 0)
(0.99996 -0.0068043 0)
(0.999819 -0.00419968 0)
(0.999806 -0.00228493 0)
(1.00017 -0.000803504 0)
(1.00006 0.00102295 0)
(0.999829 0.00249105 0)
(0.999807 0.00437092 0)
(0.999955 0.00697573 0)
(1.00012 0.0107988 0)
(0.999989 0.0167879 0)
(1.00029 0.024559 0)
(1.00334 0.0354277 0)
(1.0058 0.0513235 0)
(0.878859 0.0304286 0)
(0.71195 -0.0327417 0)
(0.99661 -0.0629693 0)
(1.03323 -0.0561551 0)
(1.02485 -0.0464592 0)
(1.01587 -0.0362373 0)
(1.00964 -0.0266799 0)
(1.00595 -0.018434 0)
(1.00392 -0.0115624 0)
(1.0028 -0.00603072 0)
(1.00218 -0.00158722 0)
(1.00218 0.00223175 0)
(1.00272 0.00666267 0)
(1.00386 0.012096 0)
(1.00588 0.018885 0)
(1.00956 0.0271357 0)
(1.01584 0.0366357 0)
(1.02473 0.0467724 0)
(1.03298 0.056469 0)
(0.996465 0.0631331 0)
(0.711713 0.0327918 0)
(0.53582 -0.023873 0)
(0.969979 -0.0567887 0)
(1.05631 -0.0545439 0)
(1.0519 -0.0484477 0)
(1.03584 -0.0401466 0)
(1.02433 -0.0320939 0)
(1.01599 -0.0238734 0)
(1.01045 -0.0161285 0)
(1.00711 -0.00894238 0)
(1.00559 -0.0024086 0)
(1.00552 0.00363082 0)
(1.00697 0.0101426 0)
(1.01032 0.017225 0)
(1.01581 0.0248662 0)
(1.02412 0.0328651 0)
(1.03554 0.0407381 0)
(1.0516 0.0488941 0)
(1.05607 0.054741 0)
(0.969431 0.0570564 0)
(0.535071 0.0239287 0)
(0.39288 -0.0135355 0)
(0.91221 -0.0462364 0)
(1.05768 -0.0465718 0)
(1.06967 -0.0438777 0)
(1.0547 -0.0374268 0)
(1.03924 -0.0306409 0)
(1.02763 -0.0240162 0)
(1.01908 -0.0171429 0)
(1.01349 -0.0100619 0)
(1.01071 -0.00281372 0)
(1.01065 0.00450674 0)
(1.01332 0.0116536 0)
(1.01872 0.0185609 0)
(1.02713 0.0251506 0)
(1.03857 0.0315882 0)
(1.05406 0.0382737 0)
(1.06898 0.0446313 0)
(1.05668 0.0471657 0)
(0.911008 0.0465605 0)
(0.391429 0.0136205 0)
(0.308949 -0.00442059 0)
(0.847429 -0.0321072 0)
(1.04993 -0.0396969 0)
(1.07993 -0.0380308 0)
(1.06846 -0.0331905 0)
(1.05139 -0.0273954 0)
(1.03801 -0.0221894 0)
(1.02805 -0.0163272 0)
(1.02127 -0.00976586 0)
(1.01769 -0.00262087 0)
(1.01755 0.0049859 0)
(1.02088 0.0118996 0)
(1.02744 0.0181727 0)
(1.03715 0.0238419 0)
(1.0506 0.0288711 0)
(1.06759 0.0344204 0)
(1.07884 0.0390525 0)
(1.04839 0.0405355 0)
(0.845028 0.0324944 0)
(0.306649 0.00452053 0)
(0.266284 0.000122484 0)
(0.790574 -0.0195546 0)
(1.0337 -0.030593 0)
(1.08382 -0.0313068 0)
(1.07767 -0.0283351 0)
(1.06102 -0.0236419 0)
(1.04697 -0.019168 0)
(1.03574 -0.0143446 0)
(1.02783 -0.00872836 0)
(1.02363 -0.00207223 0)
(1.02334 0.00519682 0)
(1.02709 0.0116109 0)
(1.03467 0.0169033 0)
(1.04593 0.0213797 0)
(1.05969 0.0255054 0)
(1.07623 0.0298535 0)
(1.08212 0.0324917 0)
(1.03137 0.0314778 0)
(0.787002 0.0199562 0)
(0.263206 -3.3526e-05 0)
(0.243421 0.00120625 0)
(0.742503 -0.0116541 0)
(1.015 -0.0234452 0)
(1.08356 -0.0251063 0)
(1.08242 -0.0232755 0)
(1.06742 -0.0196168 0)
(1.05383 -0.0160147 0)
(1.04282 -0.0117692 0)
(1.03473 -0.00689772 0)
(1.02994 -0.00106358 0)
(1.0296 0.00499085 0)
(1.03379 0.010597 0)
(1.0415 0.0151012 0)
(1.05188 0.0189157 0)
(1.06541 0.0220319 0)
(1.08021 0.0253238 0)
(1.08086 0.0267482 0)
(1.01113 0.0246153 0)
(0.737126 0.0121661 0)
(0.239334 -0.00109636 0)
(0.230232 0.00115145 0)
(0.701707 -0.00739678 0)
(0.995456 -0.0193449 0)
(1.08134 -0.0213424 0)
(1.08513 -0.0196347 0)
(1.07174 -0.0166091 0)
(1.05864 -0.0133769 0)
(1.04846 -0.0093807 0)
(1.04086 -0.00494127 0)
(1.03617 6.52693e-05 0)
(1.03577 0.00485855 0)
(1.03967 0.00949979 0)
(1.04649 0.0133851 0)
(1.05636 0.0166866 0)
(1.06924 0.0196155 0)
(1.08207 0.0220825 0)
(1.07766 0.023332 0)
(0.990072 0.0207798 0)
(0.694184 0.00800709 0)
(0.224993 -0.00100713 0)
(0.222273 0.000714025 0)
(0.668661 -0.00452545 0)
(0.976636 -0.0156433 0)
(1.07896 -0.0178068 0)
(1.08755 -0.0163114 0)
(1.07509 -0.0138926 0)
(1.06178 -0.0108552 0)
(1.05169 -0.00730491 0)
(1.04421 -0.00338267 0)
(1.03963 0.000888259 0)
(1.03889 0.00510689 0)
(1.04222 0.00900202 0)
(1.04883 0.0123555 0)
(1.05854 0.0155096 0)
(1.0713 0.0175813 0)
(1.08337 0.0194277 0)
(1.07375 0.0203887 0)
(0.969027 0.0173663 0)
(0.658618 0.00525518 0)
(0.215594 -0.000529452 0)
(0.218158 0.000383612 0)
(0.646176 -0.00189328 0)
(0.960545 -0.0105937 0)
(1.07638 -0.0129002 0)
(1.08998 -0.0120162 0)
(1.07802 -0.0101345 0)
(1.0643 -0.00795782 0)
(1.05356 -0.00516675 0)
(1.04577 -0.00184375 0)
(1.04115 0.00193947 0)
(1.04027 0.00602602 0)
(1.04346 0.00924731 0)
(1.05024 0.0117833 0)
(1.05972 0.0134315 0)
(1.07318 0.0148223 0)
(1.08445 0.0159867 0)
(1.06936 0.0160075 0)
(0.950067 0.0126495 0)
(0.633162 0.00279886 0)
(0.209693 -0.000184511 0)
(0.216984 0.000135475 0)
(0.633676 -0.000217536 0)
(0.947505 -0.00576582 0)
(1.07344 -0.00783734 0)
(1.09204 -0.0075419 0)
(1.08127 -0.00605626 0)
(1.06744 -0.0043918 0)
(1.05644 -0.00248776 0)
(1.04818 1.29694e-05 0)
(1.04315 0.00304004 0)
(1.04201 0.00657237 0)
(1.04503 0.0088426 0)
(1.05182 0.0104493 0)
(1.06224 0.0110929 0)
(1.07545 0.012011 0)
(1.08465 0.012429 0)
(1.06387 0.0115741 0)
(0.93394 0.00819003 0)
(0.61725 0.00127203 0)
(0.206246 5.06623e-05 0)
(0.217304 -2.97261e-06 0)
(0.628234 0.000488591 0)
(0.939099 -0.00247665 0)
(1.07111 -0.00443766 0)
(1.09382 -0.00447702 0)
(1.08443 -0.00324668 0)
(1.07107 -0.00175186 0)
(1.06047 2.40115e-05 0)
(1.05235 0.00228183 0)
(1.04719 0.00474842 0)
(1.04562 0.00744429 0)
(1.04798 0.00902464 0)
(1.05399 0.00993638 0)
(1.06327 0.0108219 0)
(1.07553 0.0103772 0)
(1.08386 0.0100326 0)
(1.05853 0.00882758 0)
(0.921846 0.00556288 0)
(0.608103 0.000877598 0)
(0.204132 0.000177466 0)
(0.218529 1.12746e-06 0)
(0.627529 0.000895599 0)
(0.934423 -0.000522434 0)
(1.06919 -0.00199003 0)
(1.09463 -0.00203515 0)
(1.08623 -0.00131522 0)
(1.07342 -0.000284305 0)
(1.0632 0.00154385 0)
(1.05552 0.00382472 0)
(1.05046 0.00637382 0)
(1.04841 0.00881824 0)
(1.04994 0.0102975 0)
(1.05501 0.0110147 0)
(1.06303 0.0111345 0)
(1.07477 0.0102343 0)
(1.08172 0.00957742 0)
(1.05271 0.00792869 0)
(0.91156 0.00458944 0)
(0.600924 0.00105228 0)
(0.201707 0.000255752 0)
(0.220276 0.000234998 0)
(0.628212 0.00119286 0)
(0.930955 0.000857843 0)
(1.06753 -0.000176199 0)
(1.09465 -0.000315943 0)
(1.0867 0.000202735 0)
(1.07423 0.00125392 0)
(1.06411 0.00318717 0)
(1.05637 0.00551743 0)
(1.05113 0.00834862 0)
(1.04869 0.0107688 0)
(1.04975 0.012309 0)
(1.05446 0.0125381 0)
(1.06212 0.0118848 0)
(1.07315 0.0107444 0)
(1.07832 0.00938417 0)
(1.04671 0.00703507 0)
(0.903123 0.00378497 0)
(0.595395 0.001057 0)
(0.199401 0.000253436 0)
(0.223439 0.000414536 0)
(0.631007 0.00159244 0)
(0.930451 0.00235948 0)
(1.06628 0.00180228 0)
(1.09452 0.00159387 0)
(1.08759 0.00191719 0)
(1.07576 0.00287404 0)
(1.06591 0.00483702 0)
(1.05808 0.00737118 0)
(1.05235 0.0105043 0)
(1.04922 0.0129692 0)
(1.04949 0.0145213 0)
(1.05329 0.0146307 0)
(1.06012 0.0137417 0)
(1.06999 0.0122414 0)
(1.07352 0.01004 0)
(1.03968 0.00704984 0)
(0.894731 0.00360139 0)
(0.589654 0.00115773 0)
(0.196843 0.000270366 0)
(0.226859 0.000423328 0)
(0.63509 0.00195846 0)
(0.931634 0.0035613 0)
(1.06536 0.00322433 0)
(1.09469 0.00303788 0)
(1.08925 0.00342625 0)
(1.07856 0.0049074 0)
(1.06933 0.0073074 0)
(1.06152 0.010243 0)
(1.05516 0.0136365 0)
(1.05102 0.016068 0)
(1.05011 0.0174402 0)
(1.0526 0.0172799 0)
(1.05819 0.0161437 0)
(1.06622 0.0139242 0)
(1.06767 0.0109752 0)
(1.03169 0.00730988 0)
(0.886547 0.00381015 0)
(0.584248 0.00147537 0)
(0.19414 0.000334622 0)
(0.232084 0.000507141 0)
(0.643433 0.00248798 0)
(0.935068 0.00463006 0)
(1.0655 0.00510096 0)
(1.09496 0.00509599 0)
(1.09112 0.0055269 0)
(1.08177 0.00729207 0)
(1.07323 0.010059 0)
(1.06548 0.013548 0)
(1.05854 0.017242 0)
(1.05333 0.0197392 0)
(1.05123 0.0207816 0)
(1.0522 0.0202562 0)
(1.05627 0.0186663 0)
(1.06191 0.0161277 0)
(1.06121 0.0126595 0)
(1.02348 0.00869517 0)
(0.878348 0.0048489 0)
(0.577466 0.00204031 0)
(0.190335 0.000441754 0)
(0.236902 0.000627497 0)
(0.649771 0.00287645 0)
(0.939018 0.00556017 0)
(1.0669 0.00672905 0)
(1.09602 0.00736067 0)
(1.09338 0.00853904 0)
(1.08515 0.0109142 0)
(1.07687 0.0142665 0)
(1.0688 0.0182324 0)
(1.06088 0.0221429 0)
(1.05433 0.0246264 0)
(1.05082 0.0251621 0)
(1.0502 0.0241172 0)
(1.05252 0.0217942 0)
(1.0559 0.0185144 0)
(1.05292 0.0142105 0)
(1.01334 0.0096303 0)
(0.86819 0.00560764 0)
(0.569055 0.00251182 0)
(0.185578 0.00053958 0)
(0.244936 0.000854844 0)
(0.662553 0.00395313 0)
(0.947197 0.0077735 0)
(1.07008 0.0099306 0)
(1.09805 0.0112182 0)
(1.09651 0.012954 0)
(1.08913 0.0158979 0)
(1.08099 0.0196904 0)
(1.07226 0.0239562 0)
(1.06304 0.0278419 0)
(1.05489 0.0299673 0)
(1.04979 0.0296401 0)
(1.04768 0.0276023 0)
(1.04824 0.0244066 0)
(1.04957 0.020402 0)
(1.04462 0.015921 0)
(1.00398 0.0113349 0)
(0.858817 0.00695833 0)
(0.559588 0.00310757 0)
(0.179747 0.000642035 0)
(0.253088 0.0011133 0)
(0.674114 0.00467134 0)
(0.95598 0.00939155 0)
(1.07542 0.0125896 0)
(1.10246 0.0154168 0)
(1.10134 0.0185277 0)
(1.09435 0.0223926 0)
(1.08592 0.0269025 0)
(1.07621 0.0316268 0)
(1.06537 0.0354203 0)
(1.05516 0.0369127 0)
(1.04799 0.0355722 0)
(1.04398 0.0324527 0)
(1.04248 0.0283509 0)
(1.04179 0.0235136 0)
(1.03475 0.0181327 0)
(0.991933 0.0127716 0)
(0.845141 0.00799042 0)
(0.54682 0.00365736 0)
(0.172561 0.000755839 0)
(0.266086 0.00146663 0)
(0.693931 0.006664 0)
(0.970692 0.0130693 0)
(1.08426 0.0177557 0)
(1.10907 0.0214373 0)
(1.10795 0.0255168 0)
(1.10076 0.0304992 0)
(1.09151 0.035874 0)
(1.08029 0.0409786 0)
(1.06723 0.0445612 0)
(1.05455 0.045129 0)
(1.04508 0.0424463 0)
(1.03919 0.0378782 0)
(1.03582 0.0324622 0)
(1.03326 0.0266585 0)
(1.0247 0.0210557 0)
(0.98099 0.0155507 0)
(0.833653 0.0101444 0)
(0.533857 0.00456936 0)
(0.164363 0.000902638 0)
(0.281004 0.00205942 0)
(0.716186 0.00799096 0)
(0.988062 0.0161851 0)
(1.09604 0.0224929 0)
(1.11856 0.0280732 0)
(1.11664 0.0343806 0)
(1.10848 0.0407734 0)
(1.09771 0.047193 0)
(1.08434 0.0527815 0)
(1.06868 0.0560532 0)
(1.05322 0.0553808 0)
(1.04116 0.0511097 0)
(1.03303 0.0450917 0)
(1.02772 0.0385968 0)
(1.0235 0.0318587 0)
(1.01296 0.0250845 0)
(0.965922 0.018425 0)
(0.813793 0.011915 0)
(0.514072 0.00539694 0)
(0.153574 0.00107818 0)
(0.302639 0.00294958 0)
(0.746395 0.0118979 0)
(1.01135 0.0220138 0)
(1.11207 0.0303949 0)
(1.13145 0.0376441 0)
(1.12794 0.0456268 0)
(1.11784 0.0535242 0)
(1.10458 0.0611352 0)
(1.08817 0.06709 0)
(1.06902 0.0697376 0)
(1.05001 0.067676 0)
(1.03509 0.0617295 0)
(1.0249 0.0539876 0)
(1.01778 0.0456337 0)
(1.01192 0.0374818 0)
(0.999878 0.0298113 0)
(0.951253 0.0223634 0)
(0.798113 0.0149038 0)
(0.49601 0.00667252 0)
(0.142149 0.00119723 0)
(0.333204 0.00408231 0)
(0.787771 0.0147279 0)
(1.04216 0.0291287 0)
(1.13344 0.0402789 0)
(1.14841 0.0500082 0)
(1.14195 0.0607378 0)
(1.12862 0.0707105 0)
(1.11187 0.0792659 0)
(1.09171 0.0852369 0)
(1.06867 0.0869369 0)
(1.04617 0.0829636 0)
(1.02828 0.0746289 0)
(1.01547 0.0648816 0)
(1.00633 0.0551102 0)
(0.998733 0.0456265 0)
(0.984316 0.0365898 0)
(0.930707 0.0274967 0)
(0.768386 0.0178609 0)
(0.465107 0.00766945 0)
(0.126325 0.0013713 0)
(0.369699 0.00801613 0)
(0.837628 0.0244183 0)
(1.08079 0.0412154 0)
(1.15992 0.0558594 0)
(1.16959 0.0679588 0)
(1.15846 0.0818313 0)
(1.14088 0.0927184 0)
(1.11956 0.101647 0)
(1.09468 0.106968 0)
(1.0668 0.106889 0)
(1.03972 0.100435 0)
(1.01843 0.0898745 0)
(1.00353 0.0781033 0)
(0.992615 0.0662045 0)
(0.98322 0.0549588 0)
(0.966337 0.0440794 0)
(0.908854 0.0332169 0)
(0.744901 0.0220041 0)
(0.440612 0.00971332 0)
(0.112054 0.00134268 0)
(0.453596 0.0115975 0)
(0.91628 0.0343954 0)
(1.13179 0.0607642 0)
(1.19277 0.0786304 0)
(1.19555 0.0953423 5.54797e-35)
(1.17715 0.11057 -4.18556e-35)
(1.1536 0.121697 0)
(1.12649 0.130151 0)
(1.09623 0.13373 0)
(1.06348 0.131172 0)
(1.03256 0.121842 0)
(1.00828 0.108128 0)
(0.990196 0.0936507 0)
(0.976795 0.0798842 0)
(0.965299 0.0669396 0)
(0.945049 0.0546993 0)
(0.880245 0.041823 0)
(0.701012 0.0273012 0)
(0.390305 0.0103251 0)
(0.0880778 0.00111538 0)
(0.520144 0.0266714 -9.01539e-21)
(1.00601 0.0588434 6.16181e-21)
(1.18756 0.0931717 0)
(1.22874 0.114645 6.48409e-23)
(1.22204 0.134265 -5.25429e-23)
(1.19539 0.148929 4.41595e-35)
(1.16524 0.159115 0)
(1.13197 0.165812 4.45948e-21)
(1.09579 0.166973 -1.61352e-20)
(1.057 0.161406 3.59237e-21)
(1.02018 0.148427 0)
(0.99108 0.131729 -1.20417e-20)
(0.970626 0.115324 -1.51214e-20)
(0.954965 0.0994079 2.66037e-20)
(0.940052 0.0845037 -2.14239e-20)
(0.913752 0.06946 0)
(0.837077 0.052948 -8.26666e-21)
(0.644053 0.0347029 0)
(0.341864 0.0156797 -4.4646e-20)
(0.0704645 0.00195938 5.28482e-20)
(0.548487 0.0547066 2.01072e-22)
(1.05823 0.102588 -4.94166e-20)
(1.23127 0.144998 1.24447e-20)
(1.26166 0.163498 2.00158e-20)
(1.24594 0.182433 6.35124e-22)
(1.21152 0.194986 -2.4877e-22)
(1.17478 0.20336 0)
(1.13511 0.207904 0)
(1.09253 0.20668 2.51992e-20)
(1.04758 0.198331 0)
(1.00598 0.182774 4.11724e-20)
(0.973164 0.164297 1.29191e-20)
(0.946757 0.145534 3.44674e-22)
(0.925629 0.128324 -2.99182e-20)
(0.9069 0.112414 0)
(0.876991 0.0975139 0)
(0.79845 0.0779805 -1.3985e-19)
(0.613407 0.0562181 3.51022e-19)
(0.329608 0.0266519 -2.08635e-19)
(0.0700183 0.00683236 -2.47647e-19)
(0.551484 0.0797254 8.28342e-20)
(1.08704 0.1607 -2.44603e-20)
(1.26371 0.207573 -6.66052e-21)
(1.28792 0.223161 -3.81392e-20)
(1.26458 0.238865 1.3709e-20)
(1.22383 0.247335 5.92698e-21)
(1.18109 0.252408 2.15408e-21)
(1.13531 0.253883 0)
(1.08667 0.24971 -5.20435e-20)
(1.03574 0.238464 5.93909e-20)
(0.987593 0.220389 -1.12689e-19)
(0.948141 0.19884 5.51632e-20)
(0.919645 0.179521 -4.11463e-20)
(0.897219 0.16192 8.98975e-20)
(0.875309 0.14592 0)
(0.843707 0.13037 -3.55218e-20)
(0.768611 0.111631 0)
(0.598583 0.0812266 2.02086e-19)
(0.33312 0.0452874 -4.79624e-19)
(0.0823481 0.0114291 3.01028e-19)
(0.539588 0.111745 -3.89249e-19)
(1.10132 0.219692 1.55711e-19)
(1.28341 0.27483 2.52911e-20)
(1.30552 0.287957 0)
(1.27704 0.299957 2.13939e-20)
(1.23158 0.303703 -2.35353e-20)
(1.18368 0.304857 -2.18453e-21)
(1.13244 0.302608 0)
(1.07846 0.294765 3.66845e-20)
(1.02225 0.279841 -4.06823e-20)
(0.969589 0.257818 9.91819e-20)
(0.927885 0.235508 0)
(0.894478 0.215201 -8.65985e-20)
(0.867234 0.197572 4.75773e-20)
(0.844134 0.181481 1.30238e-19)
(0.813685 0.166336 -1.14602e-19)
(0.74424 0.145604 1.89908e-19)
(0.58971 0.110939 -4.21985e-19)
(0.344687 0.0652365 2.67906e-19)
(0.0944821 0.0186808 -3.36087e-19)
(0.522437 0.13592 2.39051e-19)
(1.10328 0.274749 -1.76134e-19)
(1.29304 0.342358 7.91518e-20)
(1.3148 0.353568 -1.09706e-19)
(1.2828 0.36227 7.47049e-20)
(1.23409 0.361666 -1.29018e-20)
(1.18225 0.358875 3.67706e-21)
(1.12684 0.352623 -2.16567e-20)
(1.06856 0.34084 -3.63323e-20)
(1.00765 0.322186 -8.75091e-20)
(0.95078 0.298247 -2.142e-19)
(0.904786 0.273436 -7.27353e-20)
(0.870294 0.251556 2.70726e-21)
(0.843819 0.233216 -1.72453e-19)
(0.819608 0.217132 -6.33767e-21)
(0.788885 0.200412 1.6858e-19)
(0.724699 0.17878 -5.25189e-20)
(0.583265 0.140455 -3.06939e-20)
(0.35281 0.0859655 0)
(0.102483 0.0257742 7.21515e-19)
(0.502999 0.157406 0)
(1.0946 0.325638 5.43258e-20)
(1.2947 0.40667 3.79868e-20)
(1.31776 0.4176 -1.2217e-20)
(1.28326 0.424075 -9.00866e-20)
(1.2322 0.419499 2.10605e-20)
(1.17738 0.412962 -1.43347e-21)
(1.11872 0.402756 3.98742e-20)
(1.05669 0.387178 -2.21453e-20)
(0.991691 0.364815 3.77302e-20)
(0.93056 0.33685 1.1564e-19)
(0.881645 0.308778 1.61345e-19)
(0.844825 0.285816 -1.01173e-19)
(0.815838 0.266386 1.87209e-19)
(0.793425 0.249827 -1.50581e-19)
(0.766847 0.234391 0)
(0.709609 0.212222 -4.0272e-19)
(0.578075 0.170239 5.41345e-19)
(0.356788 0.105485 4.09897e-20)
(0.106606 0.0323118 -7.65305e-19)
(0.487268 0.178112 -5.51729e-21)
(1.0847 0.374776 -3.70038e-19)
(1.29138 0.467892 -2.86147e-19)
(1.3156 0.478895 2.39483e-19)
(1.27897 0.483872 -5.40953e-20)
(1.2264 0.475934 3.03884e-20)
(1.16942 0.46608 -1.59426e-20)
(1.10815 0.452271 -1.00393e-21)
(1.04293 0.433084 -7.59357e-20)
(0.974539 0.407293 7.72641e-22)
(0.91139 0.375943 -1.26272e-19)
(0.862842 0.347091 -1.72022e-19)
(0.827195 0.322406 1.14227e-19)
(0.800253 0.3019 -6.73619e-20)
(0.77491 0.284326 1.64126e-19)
(0.745536 0.265993 0)
(0.689596 0.241624 -2.49871e-19)
(0.565494 0.197052 3.69643e-19)
(0.353313 0.122771 7.08072e-19)
(0.106411 0.0371928 -8.31362e-19)
(0.472137 0.196009 -7.0226e-19)
(1.07047 0.41994 3.54972e-19)
(1.28433 0.525798 2.78307e-19)
(1.30983 0.537452 -2.59741e-19)
(1.27151 0.541295 1.12113e-20)
(1.21784 0.530288 7.98335e-20)
(1.15915 0.517532 1.98459e-21)
(1.09586 0.500469 -1.47234e-20)
(1.02838 0.477908 -4.78066e-20)
(0.957836 0.448257 8.44187e-20)
(0.892498 0.413117 1.18374e-19)
(0.839774 0.379415 2.69443e-19)
(0.799986 0.351541 0)
(0.768978 0.328487 5.53588e-21)
(0.748247 0.310386 -4.57286e-19)
(0.72547 0.295466 1.04982e-19)
(0.676214 0.270525 5.3726e-19)
(0.55605 0.220914 -1.57694e-19)
(0.34397 0.137362 3.35729e-19)
(0.103302 0.0404545 -2.79692e-20)
(0.462607 0.214932 6.23262e-21)
(1.05818 0.463944 3.28064e-19)
(1.27479 0.581073 2.10968e-19)
(1.30095 0.593171 -4.61672e-19)
(1.26118 0.595716 2.97083e-19)
(1.20693 0.582049 -9.73576e-20)
(1.14702 0.56687 -5.60338e-21)
(1.08217 0.546912 2.78768e-20)
(1.01265 0.521312 8.23259e-20)
(0.939347 0.488395 -1.10494e-19)
(0.871079 0.450315 0)
(0.819053 0.414415 -1.06874e-19)
(0.783188 0.385944 1.227e-19)
(0.75733 0.363294 1.66349e-19)
(0.730835 0.34381 -9.53514e-20)
(0.702834 0.321783 -2.41725e-19)
(0.652171 0.294658 -7.3533e-20)
(0.537502 0.239362 -1.21049e-21)
(0.332153 0.147613 0)
(0.098168 0.0432222 0)
(0.453728 0.230344 -3.4623e-19)
(1.04433 0.50447 0)
(1.26333 0.632891 2.41231e-19)
(1.2904 0.646041 -1.10692e-19)
(1.2495 0.647354 -3.09305e-19)
(1.19473 0.631123 8.52159e-20)
(1.13372 0.613832 -1.1964e-20)
(1.0676 0.591381 -1.00151e-20)
(0.996406 0.563083 4.94345e-20)
(0.921266 0.527023 -4.68679e-20)
(0.851092 0.484624 6.63811e-20)
(0.796462 0.44497 3.33501e-19)
(0.754753 0.412254 1.34438e-20)
(0.72218 0.384879 -1.69553e-19)
(0.702463 0.361697 3.28974e-19)
(0.682413 0.346018 4.48092e-21)
(0.63775 0.315231 7.86721e-20)
(0.523121 0.257373 -3.82627e-19)
(0.319025 0.155695 3.8763e-19)
(0.0921278 0.04494 -4.63282e-19)
(0.447217 0.249665 2.7297e-23)
(1.03222 0.544007 0)
(1.25109 0.682085 0)
(1.2784 0.696233 1.03744e-19)
(1.23651 0.696166 1.20719e-19)
(1.18143 0.677532 -7.18108e-20)
(1.11953 0.658353 5.04566e-20)
(1.05229 0.633736 0)
(0.9794 0.603048 -8.27227e-20)
(0.901961 0.564366 1.61804e-19)
(0.829356 0.519677 2.04426e-19)
(0.772717 0.47752 -1.26092e-19)
(0.734092 0.441918 -1.58817e-19)
(0.709807 0.414105 3.75952e-19)
(0.68541 0.392112 -1.1634e-19)
(0.658651 0.366045 -1.41497e-19)
(0.610684 0.334475 -8.6712e-20)
(0.501019 0.269397 -4.15254e-19)
(0.304364 0.161564 5.8363e-20)
(0.0853907 0.0455802 5.03667e-19)
(0.443489 0.268556 -1.38242e-19)
(1.02032 0.58062 -2.18694e-19)
(1.2381 0.727769 2.36771e-20)
(1.26583 0.743584 7.76283e-23)
(1.22327 0.742477 4.06323e-20)
(1.16782 0.721531 -1.89739e-19)
(1.105 0.700554 0)
(1.03669 0.673948 1.03441e-20)
(0.962414 0.641246 -8.15653e-21)
(0.882936 0.600131 2.53753e-19)
(0.807529 0.551736 -5.17785e-20)
(0.749124 0.504863 5.73433e-20)
(0.708332 0.466811 0)
(0.67408 0.434603 -2.05443e-19)
(0.654546 0.406796 2.56817e-19)
(0.636328 0.385788 0)
(0.593893 0.348521 -1.89984e-19)
(0.4826 0.281365 5.55501e-19)
(0.288534 0.165469 6.61283e-20)
(0.0782353 0.0451721 -6.24265e-19)
(0.441511 0.285549 -3.06538e-19)
(1.01017 0.615985 3.93288e-19)
(1.22509 0.770891 0)
(1.25268 0.7881 2.57701e-19)
(1.20948 0.786043 0)
(1.15383 0.763166 1.78892e-19)
(1.09026 0.740551 0)
(1.02105 0.712135 0)
(0.945251 0.677737 -2.97095e-20)
(0.863595 0.634621 -2.48233e-19)
(0.786174 0.583999 -3.80679e-19)
(0.726768 0.535211 7.31509e-20)
(0.683733 0.492176 2.74637e-19)
(0.659987 0.458156 2.31685e-19)
(0.636271 0.430287 -8.24175e-19)
(0.610722 0.40034 -3.4142e-19)
(0.564835 0.363997 1.98403e-19)
(0.457425 0.287967 0)
(0.271273 0.167134 5.72758e-19)
(0.0704424 0.0437715 -6.77593e-19)
(0.44002 0.301262 3.37838e-19)
(0.999759 0.648391 -4.32077e-19)
(1.21196 0.810712 0)
(1.2395 0.829758 -1.02325e-20)
(1.19586 0.827114 -1.0612e-19)
(1.14 0.80253 0)
(1.07579 0.778449 -1.61349e-20)
(1.00564 0.748388 1.82275e-20)
(0.92848 0.712418 -3.41123e-20)
(0.84487 0.667575 2.33538e-20)
(0.764285 0.614664 0)
(0.701392 0.561544 2.91304e-19)
(0.658313 0.515592 3.88085e-21)
(0.622603 0.475869 1.25929e-19)
(0.604374 0.441758 1.5202e-19)
(0.587371 0.417069 0)
(0.545869 0.370061 -3.35538e-19)
(0.437088 0.2939 6.57707e-19)
(0.253478 0.166588 -7.00132e-19)
(0.0628245 0.0413684 1.47148e-18)
(0.438751 0.316198 0)
(0.990615 0.68006 0)
(1.19921 0.848334 -2.3776e-19)
(1.2262 0.868734 0)
(1.18208 0.865471 0)
(1.12619 0.839563 2.54496e-19)
(1.06153 0.814293 -2.00562e-20)
(0.990726 0.782832 1.69391e-20)
(0.912442 0.74572 -7.99838e-22)
(0.827245 0.700048 0)
(0.744583 0.645656 -6.14939e-20)
(0.678829 0.589679 -2.4184e-19)
(0.631166 0.539837 -3.04809e-19)
(0.606118 0.497942 -1.27084e-19)
(0.583539 0.463879 1.67527e-19)
(0.559175 0.4239 -3.98107e-19)
(0.514842 0.382291 7.2651e-19)
(0.409525 0.295112 6.83996e-21)
(0.234874 0.163871 -6.77542e-19)
(0.0552606 0.0383267 -1.0055e-19)
(0.437349 0.330776 0)
(0.981247 0.709263 -3.36709e-19)
(1.18659 0.883119 2.65135e-19)
(1.21316 0.905105 0)
(1.1687 0.901409 0)
(1.1128 0.874371 -5.619e-19)
(1.04783 0.848102 0)
(0.976515 0.815478 0)
(0.897253 0.777336 -5.27091e-20)
(0.810259 0.729982 4.77081e-20)
(0.724247 0.672667 -4.85771e-19)
(0.65451 0.615026 0)
(0.605622 0.56346 -3.3161e-19)
(0.565714 0.514167 1.15495e-20)
(0.546473 0.468977 -5.35797e-19)
(0.533045 0.435869 2.15875e-19)
(0.494451 0.378771 3.72215e-21)
(0.390116 0.293204 -7.76403e-19)
(0.217977 0.159578 3.68337e-19)
(0.0496037 0.0352617 1.07577e-19)
(0.436032 0.344887 0)
(0.973087 0.737907 -3.96388e-19)
(1.17449 0.916195 2.82215e-19)
(1.20029 0.93919 5.9466e-19)
(1.15547 0.93486 1.21486e-19)
(1.09967 0.906884 -8.495e-20)
(1.03454 0.879873 5.32724e-20)
(0.962827 0.846355 -1.12224e-19)
(0.882525 0.80741 5.63837e-20)
(0.792897 0.759832 2.82769e-19)
(0.702651 0.704116 4.02882e-19)
(0.62903 0.645589 7.81914e-20)
(0.575278 0.586152 4.81841e-19)
(0.546831 0.534439 3.14342e-19)
(0.523399 0.488981 3.87077e-19)
(0.500653 0.435188 -2.42265e-19)
(0.460778 0.383965 -2.86884e-19)
(0.361688 0.287214 3.37742e-19)
(0.199469 0.150264 -1.99477e-19)
(0.0455111 0.034138 3.51612e-19)
(0.434628 0.358523 5.21424e-19)
(0.9647 0.764046 6.2964e-19)
(1.16261 0.946756 1.54884e-19)
(1.18786 0.971014 1.60669e-20)
(1.14279 0.966168 -4.20967e-19)
(1.08709 0.937324 1.62722e-19)
(1.02184 0.909647 -6.07451e-20)
(0.949801 0.875353 -2.13218e-20)
(0.868496 0.835882 -4.34692e-20)
(0.778053 0.787743 -3.17408e-19)
(0.68856 0.729457 2.36467e-20)
(0.611706 0.667644 0)
(0.552407 0.61116 0)
(0.502921 0.552629 -1.59507e-19)
(0.47939 0.491626 -6.37716e-19)
(0.466684 0.443061 5.25896e-19)
(0.437682 0.361932 3.21808e-19)
(0.352984 0.266375 0)
(0.203289 0.129183 6.36733e-19)
(0.040224 0.0151576 -3.80884e-19)
(0.433383 0.371394 -2.78603e-19)
(0.957336 0.78958 2.40757e-19)
(1.15128 0.975848 -3.45191e-19)
(1.17577 1.00087 -3.72871e-19)
(1.13044 0.995323 -1.65653e-19)
(1.07488 0.965676 3.92834e-20)
(1.00951 0.937443 0)
(0.93716 0.902607 1.60589e-19)
(0.855321 0.862784 9.14681e-21)
(0.762986 0.814427 0)
(0.666299 0.758264 0)
(0.582442 0.697706 5.52129e-20)
(0.519341 0.633434 8.54234e-20)
(0.481948 0.572765 -1.72211e-19)
(0.451016 0.515202 4.61275e-19)
(0.424543 0.434096 -5.79508e-19)
(0.391622 0.355437 -6.91776e-19)
(0.331525 0.242579 6.13836e-19)
(0.229894 0.14534 -2.29651e-19)
(0.123993 0.0938473 1.31598e-19)
(0.431875 0.383483 3.21138e-19)
(0.949645 0.812606 0)
(1.14018 1.00259 0)
(1.16415 1.02868 -1.2574e-19)
(1.11868 1.02262 1.01776e-19)
(1.06326 0.992225 -2.0615e-20)
(0.997855 0.963486 -2.31312e-19)
(0.925407 0.92821 -2.41545e-19)
(0.842866 0.888104 2.62346e-20)
(0.748902 0.840204 -2.59927e-20)
(0.652832 0.783173 6.36947e-20)
(0.568643 0.721222 -4.51165e-19)
(0.499853 0.662714 -5.0133e-19)
(0.435027 0.597337 -9.18367e-20)
(0.394687 0.518521 0)
(0.372216 0.446959 -1.28075e-20)
(0.349017 0.306278 3.81693e-19)
(0.307359 0.146508 -6.43052e-19)
(0.269281 -0.0150721 4.76205e-19)
(0.0818682 -0.0852017 3.79546e-19)
(0.430488 0.394917 -6.99808e-19)
(0.942769 0.835159 -3.0197e-19)
(1.12959 1.02817 6.33036e-21)
(1.15284 1.05494 1.59479e-19)
(1.1072 1.04832 0)
(1.05194 1.01732 4.80451e-19)
(0.986514 0.988249 2.8869e-19)
(0.913863 0.952676 -4.64767e-20)
(0.830792 0.912706 9.34535e-22)
(0.736013 0.864828 -2.43007e-20)
(0.635786 0.809259 2.25707e-20)
(0.544511 0.751877 3.99078e-19)
(0.463902 0.689056 4.90033e-19)
(0.413142 0.620879 8.84972e-20)
(0.364372 0.555382 4.91905e-19)
(0.306866 0.442333 0)
(0.210848 0.305466 0)
(0.0508451 0.290809 4.77071e-19)
(-0.064451 0.630483 -3.3497e-20)
(-1.29681e-05 1.4963 -6.14697e-19)
(0.428668 0.405748 3.80842e-19)
(0.935585 0.855535 9.06768e-19)
(1.11913 1.05181 -1.36571e-18)
(1.14188 1.0797 8.24772e-19)
(1.09613 1.07286 -9.70434e-20)
(1.041 1.04149 6.25203e-19)
(0.975543 1.01226 0)
(0.902793 0.976762 2.47524e-19)
(0.819326 0.937178 0)
(0.722737 0.890577 2.15407e-19)
(0.620116 0.837184 -3.65926e-20)
(0.524612 0.778851 4.10295e-20)
(0.448907 0.721692 5.42475e-19)
(0.361272 0.662196 -2.01774e-19)
(0.277333 0.575658 -2.58082e-19)
(0.209265 0.507132 0)
(0.109973 0.59335 0)
(0.0410241 1.24041 0)
(0.0799907 2.42218 -2.68213e-19)
(0.111309 2.89073 -1.66535e-19)
(0.426936 0.416171 0)
(0.929165 0.875529 0)
(1.10922 1.07454 4.88603e-19)
(1.13127 1.10316 -6.87647e-19)
(1.08539 1.09606 4.7344e-19)
(1.03044 1.06449 -5.73177e-19)
(0.965044 1.03535 -3.34421e-20)
(0.892299 1.00002 2.60382e-20)
(0.808323 0.960976 3.65646e-21)
(0.711086 0.91528 -2.44411e-19)
(0.607211 0.862233 5.47354e-20)
(0.510839 0.811661 3.73515e-19)
(0.411088 0.759647 -5.34079e-19)
(0.34094 0.690643 -6.29405e-19)
(0.275188 0.640795 2.20586e-19)
(0.209941 0.757995 0)
(0.147828 1.48373 3.19141e-19)
(0.14651 2.66543 3.56845e-19)
(0.15157 3.07851 -3.99377e-19)
(0.142346 3.21814 4.40909e-19)
(0.42484 0.425728 0)
(0.922448 0.893366 7.36127e-19)
(1.09943 1.09539 -1.26662e-19)
(1.12106 1.12516 8.64649e-19)
(1.07509 1.1181 -4.96948e-19)
(1.02033 1.08653 0)
(0.954962 1.05755 0)
(0.882063 1.02263 0)
(0.797839 0.984671 -9.35578e-20)
(0.699519 0.940734 5.01217e-22)
(0.592001 0.89318 0)
(0.485199 0.842272 -3.63823e-19)
(0.40597 0.792497 0)
(0.295591 0.748629 4.47434e-19)
(0.219246 0.826538 -2.90712e-19)
(0.173799 1.43788 -2.44701e-19)
(0.182594 2.65608 -6.03096e-19)
(0.201419 3.12522 -3.00031e-19)
(0.191081 3.27268 -3.41049e-19)
(0.175802 3.31404 2.96393e-19)
(0.422933 0.434667 -2.48525e-19)
(0.916456 0.91093 1.49504e-20)
(1.09025 1.11554 -1.36434e-19)
(1.11127 1.14607 -6.92194e-19)
(1.06518 1.13896 0)
(1.01058 1.10747 0)
(0.945285 1.0789 0)
(0.872593 1.04461 -1.71184e-20)
(0.788239 1.00741 1.08328e-19)
(0.689206 0.965295 0)
(0.581451 0.917796 0)
(0.48438 0.87479 0)
(0.37066 0.838387 0)
(0.309779 0.832622 2.91961e-19)
(0.287578 1.1812 7.65798e-19)
(0.280171 2.32446 2.39821e-19)
(0.290818 3.07943 4.33654e-19)
(0.282381 3.29275 -2.72975e-19)
(0.231258 3.36181 1.00594e-19)
(0.196701 3.37456 0)
(0.420681 0.443078 2.51817e-19)
(0.909926 0.926826 -1.58704e-18)
(1.0809 1.13442 -4.50071e-19)
(1.1016 1.16616 -1.10042e-19)
(1.05544 1.15927 1.26854e-19)
(1.00108 1.12801 -8.97135e-19)
(0.935894 1.09981 6.10141e-20)
(0.863144 1.06608 4.29826e-19)
(0.778596 1.03041 0)
(0.679242 0.990657 -1.37882e-20)
(0.57055 0.948888 1.25429e-20)
(0.457006 0.908194 0)
(0.377712 0.877285 0)
(0.329511 1.00188 -3.61926e-19)
(0.302389 1.82326 -3.60297e-21)
(0.29702 2.92363 -1.24944e-19)
(0.314917 3.29686 2.00745e-19)
(0.288234 3.40121 6.50183e-20)
(0.219559 3.42773 9.90534e-20)
(0.193079 3.4363 -5.15688e-20)
(0.418354 0.451496 4.85074e-19)
(0.903539 0.944123 1.51768e-18)
(1.0714 1.15446 5.53539e-19)
(1.09157 1.18688 0)
(1.04538 1.17994 0)
(0.991243 1.14876 6.87285e-19)
(0.926189 1.121 -4.27527e-19)
(0.853827 1.0881 -3.94908e-19)
(0.76977 1.05346 -1.5955e-20)
(0.670642 1.01557 7.86073e-21)
(0.560425 0.976406 -2.4342e-19)
(0.458782 0.940552 0)
(0.381865 0.957516 0)
(0.352128 1.33815 -1.9773e-19)
(0.362997 2.42748 -2.59774e-19)
(0.40635 3.19807 0)
(0.433706 3.38651 7.40634e-20)
(0.363102 3.45315 2.14409e-19)
(0.286745 3.49822 -4.66852e-19)
(0.261158 3.52426 2.72488e-19)
(0.415109 0.460257 -9.18979e-19)
(0.8957 0.960881 -7.21957e-19)
(1.06066 1.17457 0)
(1.08068 1.2082 0)
(1.03457 1.20144 0)
(0.980834 1.17034 0)
(0.916179 1.14283 4.56829e-19)
(0.844222 1.1103 -5.06135e-19)
(0.760304 1.07682 0)
(0.660818 1.04195 -1.20894e-21)
(0.553288 1.00644 3.94476e-19)
(0.445371 0.980065 2.13687e-20)
(0.391601 1.06224 3.78902e-20)
(0.409501 1.70858 2.87949e-19)
(0.437646 2.87015 -7.79725e-20)
(0.473065 3.33123 0)
(0.453867 3.46506 -7.24857e-20)
(0.362471 3.55422 1.02013e-19)
(0.275777 3.62591 3.51348e-19)
(0.198932 3.60676 -3.08171e-19)
(0.411789 0.469255 4.35553e-19)
(0.887795 0.980087 -7.09308e-19)
(1.04942 1.19678 0)
(1.06902 1.23079 -1.76865e-19)
(1.02302 1.22373 6.7212e-19)
(0.969691 1.19244 0)
(0.905386 1.16509 0)
(0.833988 1.1332 9.45653e-19)
(0.751037 1.10117 1.69797e-20)
(0.653901 1.06785 -1.11722e-19)
(0.544059 1.03729 -1.62406e-19)
(0.457162 1.02987 1.34109e-19)
(0.42721 1.23023 0)
(0.456626 2.12056 -1.33031e-19)
(0.503436 3.13261 1.15039e-19)
(0.563233 3.43999 -4.4375e-20)
(0.558335 3.54618 0)
(0.486624 3.64578 -1.99112e-19)
(0.408945 3.69168 -7.69608e-19)
(0.324052 3.66275 -1.95167e-19)
(0.40703 0.478221 -8.44574e-19)
(0.877896 0.998222 1.00921e-18)
(1.03656 1.2187 7.5215e-19)
(1.05625 1.25385 -1.95007e-19)
(1.01053 1.24681 -1.02531e-18)
(0.957852 1.21542 0)
(0.894333 1.18812 3.94578e-19)
(0.824037 1.15648 -3.86272e-19)
(0.742043 1.1247 -3.96278e-20)
(0.644352 1.09382 9.52137e-20)
(0.53667 1.06638 1.11551e-21)
(0.458061 1.07865 -1.49141e-19)
(0.461739 1.43678 1.28628e-19)
(0.532557 2.49108 -1.71498e-20)
(0.602948 3.30156 1.25455e-19)
(0.659377 3.5021 -3.52791e-19)
(0.61758 3.56879 0)
(0.550626 3.58212 0)
(0.444925 3.55347 -8.93742e-19)
(0.197469 3.35201 1.77687e-18)
(0.402121 0.487684 4.00404e-19)
(0.867939 1.01948 9.73643e-19)
(1.02321 1.24333 -7.40317e-19)
(1.04271 1.27843 7.27782e-19)
(0.99727 1.27071 1.01331e-18)
(0.945321 1.23876 0)
(0.882529 1.21127 -4.29229e-19)
(0.813007 1.17971 -5.36582e-19)
(0.732211 1.14952 0)
(0.638323 1.12111 0)
(0.535431 1.10212 0)
(0.475132 1.16041 0)
(0.512068 1.65517 -1.3246e-19)
(0.599418 2.78035 6.0535e-20)
(0.678495 3.4091 0)
(0.724664 3.52667 2.16154e-19)
(0.721671 3.53628 0)
(0.790303 3.39168 3.46312e-19)
(0.88584 3.03385 -2.57586e-18)
(0.467049 2.67766 2.5327e-18)
(0.395365 0.496044 -7.82461e-19)
(0.855297 1.03878 -6.17075e-19)
(1.00768 1.26705 -4.76618e-19)
(1.02771 1.30327 -6.8069e-19)
(0.98283 1.29539 -4.81082e-19)
(0.931872 1.26313 0)
(0.870248 1.23539 -9.61035e-20)
(0.802515 1.20413 3.95639e-20)
(0.723671 1.17376 2.91449e-19)
(0.630562 1.14566 0)
(0.534405 1.13016 3.72742e-22)
(0.492954 1.22811 -4.23655e-22)
(0.568137 1.88429 0)
(0.682606 3.03211 -5.45347e-20)
(0.776054 3.45749 0)
(0.815467 3.50767 -3.60943e-19)
(0.816107 3.43709 9.22522e-19)
(0.809493 3.07104 -3.40577e-19)
(0.561565 2.08577 5.26873e-19)
(-0.358356 0.554618 -1.2928e-18)
(0.38808 0.505379 -1.27185e-20)
(0.842336 1.06195 -3.033e-19)
(0.991481 1.29455 6.62746e-19)
(1.01162 1.33041 -1.87856e-20)
(0.967187 1.32155 -1.27354e-19)
(0.917366 1.28843 0)
(0.857028 1.26031 4.36233e-19)
(0.790596 1.22866 4.46755e-19)
(0.713628 1.19939 -5.62795e-19)
(0.622704 1.17463 3.1908e-19)
(0.535832 1.17469 1.43023e-19)
(0.520084 1.35117 0)
(0.62539 2.14304 -1.05284e-19)
(0.753135 3.18325 1.02034e-19)
(0.836144 3.44542 2.1933e-19)
(0.845907 3.45712 0)
(0.780677 3.25387 -4.54389e-19)
(0.601805 2.47605 5.43218e-19)
(0.149157 0.791807 -6.46712e-19)
(-0.264232 -0.445075 -5.84672e-19)
(0.378423 0.51257 7.08594e-19)
(0.825761 1.08181 -2.9133e-19)
(0.972364 1.3201 4.41271e-19)
(0.993601 1.35753 3.48226e-19)
(0.950039 1.34853 2.46128e-19)
(0.90159 1.31516 6.46757e-19)
(0.842734 1.28664 -8.38287e-19)
(0.778552 1.2554 -5.43084e-19)
(0.703953 1.2267 6.04084e-19)
(0.615111 1.20285 7.52533e-20)
(0.543291 1.20765 5.07244e-20)
(0.554418 1.4482 1.09225e-19)
(0.698045 2.41047 -1.38519e-19)
(0.828075 3.27929 2.07985e-19)
(0.897334 3.42644 -3.24857e-19)
(0.877859 3.35908 3.26093e-19)
(0.744898 2.93345 -8.00718e-19)
(0.488593 1.82689 4.90307e-19)
(0.0758717 0.0999458 0)
(-0.0801022 -0.194243 -9.21656e-19)
(0.367743 0.520658 0)
(0.808506 1.10597 -1.09676e-18)
(0.952572 1.35052 2.34847e-20)
(0.974229 1.38751 -6.10434e-19)
(0.93126 1.37728 0)
(0.884553 1.34272 -4.62028e-19)
(0.827792 1.31375 7.12076e-19)
(0.765928 1.28207 5.0804e-19)
(0.695007 1.25369 -6.28766e-19)
(0.610229 1.23301 -3.16101e-19)
(0.548416 1.26154 -1.86353e-19)
(0.592526 1.61201 4.48504e-20)
(0.75331 2.63921 1.51083e-19)
(0.880796 3.31743 1.56076e-19)
(0.929059 3.37661 -3.42615e-19)
(0.861835 3.2033 5.27802e-19)
(0.633544 2.51398 3.68522e-19)
(0.171336 0.633313 -4.36459e-19)
(-0.126772 -0.25273 0)
(-0.116394 -0.212902 0)
(0.353413 0.525308 -6.54878e-19)
(0.786146 1.12424 1.06259e-18)
(0.929185 1.37696 0)
(0.952474 1.4165 0)
(0.910779 1.40616 0)
(0.866085 1.37145 0)
(0.811173 1.34185 -3.03351e-19)
(0.752024 1.30999 -1.47172e-20)
(0.683833 1.28232 -7.93587e-20)
(0.605599 1.26524 -4.15318e-20)
(0.55946 1.30808 3.65839e-19)
(0.637199 1.7305 -1.53156e-19)
(0.827946 2.84139 0)
(0.943835 3.32782 3.91747e-20)
(0.973243 3.3331 5.61297e-19)
(0.842235 2.99578 -2.24271e-19)
(0.48561 1.88073 3.67752e-19)
(0.0357212 0.0450117 2.14237e-19)
(-0.184919 -0.232777 -9.74046e-19)
(-0.0597462 -0.142263 -1.15816e-18)
(0.337522 0.530177 3.20844e-19)
(0.762835 1.147 4.95549e-19)
(0.905143 1.40941 -9.50862e-21)
(0.928832 1.44899 2.93964e-19)
(0.887931 1.43709 0)
(0.845858 1.40076 7.38125e-19)
(0.793881 1.37047 -2.02586e-19)
(0.738161 1.3382 7.36551e-20)
(0.674212 1.31122 -3.12645e-20)
(0.603469 1.29653 -4.61972e-20)
(0.570728 1.36571 -2.32507e-19)
(0.684649 1.90591 1.94765e-19)
(0.883166 2.98537 1.88954e-19)
(0.980408 3.31683 1.28193e-19)
(0.974108 3.241 -3.51236e-19)
(0.762178 2.67544 7.67599e-19)
(0.328009 1.19082 -4.5073e-19)
(-0.0751298 -0.218946 5.68881e-19)
(-0.206965 -0.251433 -1.68118e-18)
(-0.0642409 -0.156425 1.1884e-18)
(0.317659 0.52999 -3.00115e-19)
(0.734374 1.16219 0)
(0.876585 1.43486 -3.69097e-19)
(0.902072 1.47883 -5.58726e-19)
(0.863161 1.46705 0)
(0.824095 1.43056 -5.61858e-19)
(0.774456 1.39945 0)
(0.722352 1.36651 -4.2256e-19)
(0.662092 1.33844 2.31571e-19)
(0.602054 1.32888 -4.6379e-19)
(0.590916 1.42453 3.21622e-19)
(0.738256 2.0656 -7.6007e-20)
(0.944223 3.07169 -4.90542e-19)
(1.03276 3.30268 2.57419e-19)
(0.998424 3.14794 -3.27544e-19)
(0.699366 2.37145 -2.40773e-19)
(0.14609 0.400744 5.86689e-19)
(-0.124433 -0.295707 -6.84528e-19)
(-0.156329 -0.271692 2.54835e-22)
(-0.0721838 -0.141902 -1.23617e-19)
(0.296229 0.528707 5.82064e-19)
(0.704748 1.18153 -4.56972e-19)
(0.846679 1.46684 3.72604e-19)
(0.872523 1.51266 2.65309e-19)
(0.835375 1.4992 2.60574e-20)
(0.799823 1.46071 2.98723e-19)
(0.753706 1.42845 0)
(0.706101 1.39386 -3.05337e-20)
(0.649623 1.36667 0)
(0.598134 1.36115 4.33794e-19)
(0.604738 1.48431 -2.93808e-19)
(0.788716 2.21693 5.75431e-20)
(0.993766 3.13078 4.83479e-19)
(1.0579 3.27455 2.78793e-19)
(0.962958 2.99174 -1.4828e-19)
(0.55743 1.94364 2.48994e-19)
(0.0564417 0.0444787 -8.29321e-19)
(-0.189236 -0.272987 -4.95734e-19)
(-0.138294 -0.283564 -1.97596e-19)
(-0.0622645 -0.115791 9.20387e-19)
(0.270421 0.519384 4.14461e-21)
(0.668445 1.18952 2.26593e-19)
(0.810959 1.48836 0)
(0.839322 1.5412 4.94982e-19)
(0.805353 1.52901 -7.47944e-19)
(0.773649 1.49006 2.89157e-19)
(0.730487 1.45656 -2.09013e-19)
(0.687601 1.42156 3.63119e-19)
(0.637 1.39303 -3.60888e-19)
(0.596289 1.39216 5.55331e-20)
(0.627105 1.54545 -3.57705e-19)
(0.845011 2.34108 -4.91775e-19)
(1.04541 3.16145 4.42138e-20)
(1.10068 3.25435 -5.41451e-19)
(0.97151 2.86736 -3.21586e-19)
(0.546555 1.62362 6.0376e-19)
(-0.0599018 -0.111834 -5.00442e-19)
(-0.195537 -0.251452 2.99658e-19)
(-0.15937 -0.27721 5.07328e-22)
(-0.0359635 -0.0869693 -8.59689e-19)
(0.242524 0.506134 1.05659e-18)
(0.629769 1.19997 -2.20263e-19)
(0.772833 1.51652 -6.38539e-19)
(0.802515 1.57359 5.18302e-19)
(0.77224 1.56058 -3.36547e-19)
(0.743863 1.51944 5.45267e-19)
(0.704755 1.48457 3.61629e-19)
(0.667816 1.44683 0)
(0.624961 1.41633 4.20224e-19)
(0.592773 1.4185 -6.47606e-20)
(0.643705 1.59307 8.72224e-20)
(0.89131 2.42249 4.93759e-19)
(1.09797 3.17436 6.33669e-20)
(1.12092 3.23675 1.36627e-20)
(0.878435 2.71914 -5.0422e-19)
(0.300555 1.1493 -2.17166e-19)
(-0.241562 0.0056697 5.58611e-19)
(-0.328594 -0.241487 3.02883e-19)
(-0.297773 -0.307044 8.41986e-20)
(-0.0593076 -0.114957 8.07501e-19)
(0.209905 0.480932 0)
(0.582934 1.19402 2.05214e-19)
(0.727919 1.5306 -2.91988e-19)
(0.761827 1.59821 4.94319e-19)
(0.73574 1.58836 -6.7753e-19)
(0.711406 1.54666 2.74994e-19)
(0.676444 1.50991 0)
(0.644915 1.46967 0)
(0.608528 1.43775 0)
(0.586552 1.44278 1.1553e-19)
(0.657389 1.63816 -1.08383e-19)
(0.942542 2.4661 8.8901e-20)
(1.16174 3.17819 3.83479e-19)
(1.16407 3.23225 3.69197e-19)
(0.888453 2.69285 -6.9464e-19)
(0.2316 1.14976 3.90353e-19)
(-0.402847 0.0641657 -4.01101e-21)
(-0.541573 -0.513727 -8.84453e-19)
(-0.53042 -0.684099 1.43771e-19)
(-0.265995 -0.539482 0)
(0.175572 0.448689 9.51849e-19)
(0.532845 1.18678 -1.91906e-19)
(0.679597 1.54937 3.99563e-21)
(0.716864 1.62595 0)
(0.696085 1.61627 -3.183e-19)
(0.674223 1.57243 1.7498e-20)
(0.64411 1.5341 0)
(0.619024 1.49279 1.13441e-19)
(0.591798 1.45392 -8.95079e-20)
(0.575429 1.45717 0)
(0.656024 1.65224 0)
(0.985505 2.46697 -2.25005e-19)
(1.23654 3.15342 -4.04726e-19)
(1.26773 3.2085 8.66649e-20)
(0.991748 2.66423 -2.6313e-19)
(0.372336 1.15648 3.33658e-19)
(-0.235219 0.0774911 0)
(-0.639382 -0.787445 -8.67407e-19)
(-0.684493 -1.22041 -1.18566e-18)
(-0.47198 -1.081 3.11474e-18)
(0.137909 0.400815 7.83274e-19)
(0.474188 1.1567 -1.82114e-19)
(0.623938 1.54998 2.66982e-19)
(0.666826 1.64362 -6.58126e-19)
(0.65042 1.63921 0)
(0.633533 1.59598 0)
(0.608 1.55507 0)
(0.58897 1.51007 1.08587e-19)
(0.57091 1.46758 -8.56741e-20)
(0.565461 1.45814 0)
(0.645795 1.65506 0)
(1.00381 2.40329 3.5133e-19)
(1.34109 3.11373 -2.21345e-19)
(1.46125 3.15872 1.88391e-19)
(1.32443 2.74692 7.65212e-19)
(0.863532 1.49969 0)
(0.259509 0.387334 -2.1906e-19)
(-0.204396 -0.614671 -3.0229e-19)
(-0.611756 -1.4454 2.62821e-18)
(-0.527474 -1.45074 -3.23114e-18)
(0.100216 0.343355 -7.28886e-19)
(0.411631 1.11833 1.86816e-19)
(0.563827 1.54956 5.44743e-19)
(0.611264 1.66142 3.85684e-19)
(0.601267 1.65877 -3.11833e-19)
(0.587612 1.61542 -2.1684e-19)
(0.568514 1.57202 1.5485e-19)
(0.55413 1.52563 0)
(0.539954 1.47832 0)
(0.551677 1.45102 0)
(0.622587 1.62394 -1.77059e-19)
(1.01577 2.3155 -3.14041e-19)
(1.38975 2.99883 1.96406e-19)
(1.59397 3.00748 -1.3411e-19)
(1.52374 2.67424 -1.33317e-19)
(1.27592 1.84744 0)
(0.730321 0.716073 2.62096e-19)
(0.232155 -0.308933 -1.17544e-18)
(-0.156785 -1.05801 2.49344e-18)
(-0.391166 -1.44052 -1.36837e-18)
(0.0631687 0.271766 7.73779e-19)
(0.340369 1.04856 -6.35807e-19)
(0.495112 1.52464 0)
(0.549131 1.66614 1.88297e-19)
(0.544624 1.67322 1.38421e-19)
(0.537066 1.63323 3.03221e-19)
(0.521383 1.58572 -1.4476e-19)
(0.513022 1.53585 0)
(0.504643 1.48153 0)
(0.518971 1.44227 -2.67572e-19)
(0.572702 1.56972 3.15074e-20)
(0.926194 2.11174 1.40396e-19)
(1.33883 2.861 9.70665e-20)
(1.53023 2.81879 2.31953e-20)
(1.46775 2.60837 -1.13449e-19)
(1.33773 2.04641 -1.73959e-19)
(0.930448 1.13298 9.75154e-20)
(0.477268 0.215949 0)
(0.0770768 -0.590345 4.06091e-20)
(-0.144242 -0.893811 -8.20648e-19)
(0.0310079 0.196811 8.01206e-19)
(0.264983 0.962571 0)
(0.421028 1.49018 0)
(0.481206 1.66423 0)
(0.48252 1.67839 1.17061e-19)
(0.479346 1.64446 -2.92473e-19)
(0.468819 1.59485 -1.32487e-19)
(0.464111 1.5399 0)
(0.457433 1.48725 0)
(0.47917 1.42643 1.64251e-19)
(0.497847 1.50643 6.78853e-20)
(0.749197 1.86234 -5.59102e-20)
(1.13834 2.6786 -8.37362e-20)
(1.28722 2.68818 -1.66179e-19)
(1.28335 2.56512 1.99356e-19)
(1.19425 2.21282 -5.02045e-19)
(0.935644 1.56641 4.8513e-19)
(0.578687 0.811071 0)
(0.232928 0.136271 -3.79232e-20)
(0.000298247 -0.269775 -1.11897e-18)
(0.00871055 0.127633 -7.67394e-19)
(0.184158 0.833451 2.64997e-19)
(0.340512 1.41935 4.07517e-19)
(0.406555 1.64629 -2.26777e-20)
(0.416154 1.68005 -2.4765e-19)
(0.417778 1.65255 -1.632e-19)
(0.411643 1.60002 3.70086e-19)
(0.410862 1.54287 -8.5869e-21)
(0.395915 1.48967 0)
(0.427225 1.40158 4.22604e-20)
(0.414622 1.44094 -5.63687e-21)
(0.544447 1.69496 3.71522e-20)
(0.860394 2.46351 0)
(0.988797 2.61622 5.81211e-20)
(0.979346 2.57331 0)
(0.928317 2.38757 1.05645e-19)
(0.795062 1.99529 8.13398e-20)
(0.536836 1.3898 0)
(0.285362 0.823555 0)
(0.0889509 0.34428 -1.25835e-18)
(0.000426784 0.0688515 6.31626e-19)
(0.107247 0.674447 -2.36984e-19)
(0.25932 1.32534 1.84578e-19)
(0.326206 1.60728 -2.89921e-19)
(0.340751 1.66514 1.12467e-19)
(0.347934 1.65017 -3.83842e-20)
(0.343804 1.60121 2.4703e-20)
(0.348449 1.54331 -4.86913e-20)
(0.332761 1.48333 -3.09434e-20)
(0.344697 1.39774 -2.40073e-20)
(0.331584 1.40077 5.08637e-21)
(0.348495 1.59984 0)
(0.596268 2.32557 4.5745e-21)
(0.719236 2.63726 0)
(0.671953 2.66176 0)
(0.634761 2.59126 0)
(0.559116 2.36348 5.61053e-19)
(0.399393 1.91835 -1.49134e-18)
(0.231776 1.42882 1.17199e-21)
(0.0923992 0.821113 1.06896e-18)
(0.0036069 0.00797284 1.11742e-19)
(0.0443664 0.456349 1.04801e-19)
(0.177097 1.17906 -8.5406e-20)
(0.243046 1.54622 -6.31258e-20)
(0.265503 1.64389 5.06541e-20)
(0.274217 1.64005 3.57502e-20)
(0.276853 1.60073 2.55401e-20)
(0.283658 1.53864 0)
(0.271981 1.48451 -1.28267e-20)
(0.254656 1.42287 -7.89807e-21)
(0.249527 1.40678 1.63457e-20)
(0.192201 1.54222 0)
(0.347488 2.23609 4.56915e-21)
(0.457864 2.67976 -1.03355e-20)
(0.405424 2.78715 0)
(0.360541 2.7737 0)
(0.315362 2.64561 -2.9239e-20)
(0.218946 2.30244 0)
(0.119381 1.84487 -2.4047e-20)
(0.0428816 1.08692 0)
(0.00872397 -0.0560179 0)
(0.011393 0.276575 0)
(0.0863681 0.984977 0)
(0.149028 1.43792 0)
(0.18003 1.59742 -1.24522e-33)
(0.202111 1.61511 9.35448e-34)
(0.209172 1.59112 0)
(0.224557 1.53808 0)
(0.212101 1.49636 0)
(0.195384 1.45202 0)
(0.18382 1.43174 0)
(0.107815 1.51768 0)
(0.171613 2.11516 0)
(0.280673 2.67758 0)
(0.235442 2.86196 0)
(0.191989 2.89089 0)
(0.163308 2.81976 0)
(0.108107 2.54804 0)
(0.0334633 2.09634 0)
(0.00235275 1.25208 0)
(0.00555013 -0.077247 0)
(-0.00922643 0.253133 0)
(0.0123529 0.871155 0)
(0.0614227 1.34014 0)
(0.0991217 1.53512 0)
(0.131521 1.58161 0)
(0.151462 1.56896 0)
(0.173674 1.54133 0)
(0.167777 1.50081 0)
(0.169214 1.47543 0)
(0.140988 1.46306 0)
(0.0722704 1.52651 0)
(0.0665899 2.03518 0)
(0.172622 2.67904 0)
(0.126092 2.90875 0)
(0.0987518 2.96142 0)
(0.0841801 2.90815 0)
(0.0416565 2.68605 0)
(0.00281749 2.21698 0)
(-0.0115799 1.26979 0)
(-0.00416623 -0.0484405 0)
(-0.0198206 0.273432 0)
(-0.0276873 0.818487 0)
(0.00187434 1.25377 0)
(0.0390285 1.46163 0)
(0.0775435 1.53093 0)
(0.110346 1.53509 0)
(0.140261 1.53002 0)
(0.153001 1.49146 0)
(0.169114 1.4918 0)
(0.130755 1.50622 0)
(0.0656291 1.55573 0)
(0.0137702 2.00416 0)
(0.0988044 2.67101 0)
(0.0612117 2.93123 0)
(0.0482293 3.00675 0)
(0.0340998 2.97942 0)
(5.63265e-05 2.7702 0)
(-0.0130625 2.2916 0)
(-0.0145895 1.24456 0)
(-0.0052936 -0.000566134 0)
(-0.0248297 0.329402 0)
(-0.0423273 0.81784 0)
(-0.0289765 1.18594 0)
(0.00390741 1.38307 0)
(0.0449302 1.464 0)
(0.0860772 1.48342 0)
(0.12941 1.49688 0)
(0.159582 1.47556 0)
(0.184753 1.49632 0)
(0.169618 1.55353 0)
(0.0848286 1.60412 0)
(0.00525897 2.00349 0)
(0.063059 2.65622 0)
(0.0328901 2.94984 0)
(0.013267 3.05419 0)
(-0.00619345 3.04551 0)
(-0.0217056 2.81011 0)
(-0.0317537 2.29058 0)
(-0.0159108 1.18049 0)
(-0.00485369 0.0530082 0)
(-0.0227118 0.39836 0)
(-0.0428711 0.829166 0)
(-0.0356201 1.13936 0)
(-0.00877883 1.30915 0)
(0.0355738 1.38802 0)
(0.082184 1.41574 0)
(0.145238 1.43653 0)
(0.192747 1.43352 0)
(0.242039 1.48534 0)
(0.247857 1.59593 0)
(0.146984 1.69213 0)
(0.00773468 2.01982 0)
(0.0422637 2.66665 0)
(-0.00156228 2.99377 0)
(-0.0213448 3.10827 0)
(-0.0402505 3.0809 0)
(-0.0419891 2.83058 0)
(-0.0465501 2.26194 0)
(-0.0276325 1.06232 0)
(-0.00271033 0.0945742 0)
(-0.0154347 0.455467 0)
(-0.0323841 0.851054 0)
(-0.0267761 1.1055 0)
(-0.002896 1.24141 0)
(0.0454969 1.30662 0)
(0.0978699 1.3345 0)
(0.181077 1.35452 0)
(0.243314 1.367 0)
(0.342845 1.45244 0)
(0.32569 1.63992 0)
(0.232124 1.82202 0)
(0.00778051 2.07842 0)
(0.0078614 2.70551 0)
(-0.0434358 3.0412 0)
(-0.0549386 3.1447 0)
(-0.0637793 3.08351 0)
(-0.0662309 2.8322 0)
(-0.0605577 2.19177 0)
(-0.0292451 0.892958 0)
(-0.000514928 0.119217 0)
(-0.00849606 0.494141 0)
(-0.0183969 0.863814 0)
(-0.0115594 1.07464 0)
(0.0124677 1.17513 0)
(0.0623359 1.21991 0)
(0.120419 1.24035 0)
(0.214516 1.25378 0)
(0.290215 1.28111 0)
(0.418567 1.40708 0)
(0.385724 1.69735 0)
(0.307791 1.9898 0)
(0.0328653 2.21698 0)
(-0.0172377 2.75208 0)
(-0.0598979 3.07526 0)
(-0.0785347 3.15986 0)
(-0.0758154 3.08806 0)
(-0.0908311 2.81109 0)
(-0.0627713 2.10787 0)
(-0.0163924 0.739907 0)
(0.00122161 0.128417 0)
(-0.00325436 0.516565 0)
(-0.00847177 0.863962 0)
(0.00110015 1.04083 0)
(0.0254603 1.10876 0)
(0.0731603 1.13137 0)
(0.133858 1.13886 0)
(0.227454 1.14193 0)
(0.316302 1.18144 0)
(0.44418 1.3524 0)
(0.41139 1.76119 0)
(0.360016 2.16123 0)
(0.0996008 2.38295 0)
(-0.00162699 2.82685 0)
(-0.0588481 3.12796 0)
(-0.0966192 3.18274 0)
(-0.0996729 3.11137 0)
(-0.120386 2.75695 0)
(-0.058707 1.95023 0)
(-0.00322561 0.62192 0)
(0.00215308 0.127462 0)
(-0.000426666 0.530056 0)
(-0.00441304 0.857422 0)
(0.00590667 1.00455 0)
(0.0280615 1.04676 0)
(0.068383 1.05008 0)
(0.123614 1.04218 0)
(0.206277 1.03316 0)
(0.294462 1.08083 0)
(0.407992 1.30518 0)
(0.386286 1.81515 0)
(0.364263 2.30115 0)
(0.139761 2.56249 0)
(-0.0106402 2.96357 0)
(-0.0978607 3.2112 0)
(-0.136989 3.24137 0)
(-0.179256 3.13121 0)
(-0.1478 2.65149 0)
(-0.0536029 1.7002 0)
(5.94055e-05 0.529441 0)
(0.00222257 0.123246 0)
(-0.00066687 0.54285 0)
(-0.005852 0.853064 0)
(0.000731829 0.97422 0)
(0.0159653 0.99832 0)
(0.0422385 0.98728 0)
(0.0806885 0.965126 0)
(0.139151 0.946343 0)
(0.201844 0.995681 0)
(0.274823 1.26783 0)
(0.278955 1.8508 0)
(0.254786 2.42551 0)
(0.00704066 2.78954 0)
(-0.15451 3.18449 0)
(-0.23798 3.33545 0)
(-0.269962 3.32518 0)
(-0.266694 3.06271 0)
(-0.162776 2.39569 0)
(-0.050514 1.42962 0)
(-0.00474709 0.441813 0)
(0.00133335 0.122487 0)
(-0.00368894 0.562954 0)
(-0.0124963 0.858426 0)
(-0.0137485 0.961597 0)
(-0.0115012 0.975072 0)
(-0.00440006 0.954653 0)
(0.00713829 0.923633 0)
(0.0252034 0.901684 0)
(0.0373804 0.960021 0)
(0.0327231 1.26765 0)
(-0.0219312 1.90409 0)
(-0.0546735 2.59936 0)
(-0.304548 3.02495 0)
(-0.369619 3.32174 0)
(-0.409335 3.39506 0)
(-0.378547 3.27717 0)
(-0.287914 2.87999 0)
(-0.132349 2.0514 0)
(-0.0411371 1.19992 0)
(-0.00669721 0.35184 0)
(-0.000178769 0.13036 0)
(-0.00785695 0.595483 0)
(-0.0235014 0.885246 0)
(-0.0321442 0.972964 0)
(-0.0491888 0.985893 0)
(-0.0622724 0.961291 0)
(-0.0805532 0.929551 0)
(-0.108425 0.911391 0)
(-0.159441 0.988043 0)
(-0.242302 1.32069 0)
(-0.368048 1.9851 0)
(-0.406174 2.73413 0)
(-0.566624 3.12259 0)
(-0.548779 3.3129 0)
(-0.510734 3.33595 0)
(-0.416413 3.10542 0)
(-0.214295 2.44125 0)
(-0.083566 1.78122 0)
(-0.0249422 1.04006 0)
(-0.00520656 0.278125 0)
(-0.00168797 0.149484 0)
(-0.0122384 0.641669 0)
(-0.0337633 0.934953 0)
(-0.0535542 1.01984 0)
(-0.086485 1.03101 0)
(-0.118708 1.00782 0)
(-0.165946 0.982546 0)
(-0.23462 0.974168 0)
(-0.336499 1.06654 0)
(-0.467864 1.41672 0)
(-0.626378 2.08421 0)
(-0.650491 2.77733 0)
(-0.687196 3.10284 0)
(-0.619284 3.22095 0)
(-0.520909 3.18559 0)
(-0.317374 2.69647 0)
(-0.118548 2.07027 0)
(-0.0434782 1.59538 0)
(-0.0107901 0.952254 0)
(-0.00293396 0.234816 0)
(-0.00271684 0.17821 0)
(-0.0153072 0.699226 0)
(-0.0408673 1.00306 0)
(-0.0690392 1.09306 0)
(-0.112998 1.10532 0)
(-0.160862 1.08849 0)
(-0.229231 1.07423 0)
(-0.325354 1.07927 0)
(-0.457425 1.18078 0)
(-0.605813 1.52701 0)
(-0.746554 2.17117 0)
(-0.745065 2.75191 0)
(-0.715391 3.01228 0)
(-0.569474 3.09018 0)
(-0.402815 2.85353 0)
(-0.149494 2.30213 0)
(-0.0471359 1.85408 0)
(-0.0109036 1.49592 0)
(0.000158707 0.919804 0)
(-0.00026335 0.221297 0)
(-0.00317063 0.212893 0)
(-0.0163967 0.763126 0)
(-0.0438346 1.08383 0)
(-0.0767085 1.18212 0)
(-0.126913 1.1998 0)
(-0.18383 1.1914 0)
(-0.262788 1.18972 0)
(-0.370593 1.20853 0)
(-0.512657 1.31262 0)
(-0.660901 1.63029 0)
(-0.752877 2.22914 0)
(-0.745658 2.69725 0)
(-0.636176 2.88359 0)
(-0.413731 2.80138 0)
(-0.215871 2.47358 0)
(-0.0304157 2.06088 0)
(-0.00147879 1.76106 0)
(0.0117652 1.467 0)
(0.00786271 0.920281 0)
(0.00281814 0.230633 0)
(-0.00309979 0.248774 0)
(-0.015516 0.826568 0)
(-0.0421639 1.16914 0)
(-0.0759443 1.27921 0)
(-0.126894 1.30417 0)
(-0.185704 1.30396 0)
(-0.264967 1.31346 0)
(-0.3697 1.34374 0)
(-0.504569 1.44571 0)
(-0.634919 1.72139 0)
(-0.711082 2.2387 0)
(-0.655264 2.5949 0)
(-0.443845 2.64907 0)
(-0.237471 2.51227 0)
(-0.0752169 2.21354 0)
(0.0246341 1.94054 0)
(0.0235555 1.74467 0)
(0.0200163 1.4711 0)
(0.0121206 0.943945 0)
(0.00325585 0.25495 0)
(-0.00268259 0.281882 0)
(-0.0132368 0.884192 0)
(-0.0371337 1.25 0)
(-0.0690466 1.37308 0)
(-0.11665 1.40537 0)
(-0.17216 1.41186 0)
(-0.244554 1.42942 0)
(-0.336033 1.4674 0)
(-0.449271 1.56323 0)
(-0.547571 1.7944 0)
(-0.575562 2.20458 0)
(-0.462166 2.43841 0)
(-0.263615 2.43217 0)
(-0.103622 2.29749 0)
(0.00117054 2.06884 0)
(0.0393003 1.89968 0)
(0.0307599 1.75269 0)
(0.0213875 1.49686 0)
(0.010824 0.976581 0)
(0.00282545 0.280944 0)
(-0.00208177 0.309198 0)
(-0.0102012 0.932383 0)
(-0.0299992 1.32229 0)
(-0.0580111 1.46005 0)
(-0.0993368 1.49862 0)
(-0.147965 1.50936 0)
(-0.209418 1.53033 0)
(-0.283538 1.57024 0)
(-0.370108 1.65401 0)
(-0.43969 1.83726 0)
(-0.420251 2.14087 0)
(-0.30116 2.30215 0)
(-0.140741 2.26552 0)
(-0.0297493 2.15595 0)
(0.0300241 1.99931 0)
(0.039009 1.89633 0)
(0.02945 1.77728 0)
(0.0171302 1.53029 0)
(0.00857036 1.00312 0)
(0.00234122 0.303879 0)
(-0.00150659 0.329902 0)
(-0.00734856 0.970051 0)
(-0.0229171 1.38108 0)
(-0.0467076 1.53278 0)
(-0.0810442 1.57609 0)
(-0.122051 1.58941 0)
(-0.171998 1.6104 0)
(-0.229979 1.64823 0)
(-0.293294 1.71799 0)
(-0.340641 1.85588 0)
(-0.308226 2.07336 0)
(-0.196972 2.18759 0)
(-0.0765244 2.14759 0)
(-0.0032918 2.07046 0)
(0.0297412 1.97069 0)
(0.031912 1.90248 0)
(0.0214314 1.80418 0)
(0.0123405 1.55424 0)
(0.00662271 1.02323 0)
(0.00181554 0.322207 0)
(-0.00103753 0.344624 0)
(-0.00502921 0.998519 0)
(-0.0166268 1.42912 0)
(-0.0358612 1.59529 0)
(-0.0630273 1.64196 0)
(-0.0960788 1.65638 0)
(-0.135076 1.67484 0)
(-0.178791 1.70738 0)
(-0.223899 1.76251 0)
(-0.255177 1.86242 0)
(-0.225819 2.01194 0)
(-0.134368 2.09357 0)
(-0.0477693 2.06383 0)
(-0.000263975 2.01522 0)
(0.019944 1.95494 0)
(0.0188168 1.91028 0)
(0.0136677 1.82196 0)
(0.0080682 1.56971 0)
(0.00465217 1.03749 0)
(0.00126194 0.335899 0)
(-0.000702465 0.354666 0)
(-0.00340654 1.01871 0)
(-0.012025 1.46373 0)
(-0.0274784 1.64141 0)
(-0.0488772 1.69096 0)
(-0.0754361 1.70597 0)
(-0.105643 1.7216 0)
(-0.138721 1.74874 0)
(-0.170844 1.79198 0)
(-0.191388 1.86441 0)
(-0.169065 1.96597 0)
(-0.100543 2.02504 0)
(-0.0392829 2.00852 0)
(-0.00713825 1.98133 0)
(0.00762124 1.94667 0)
(0.00836108 1.91503 0)
(0.00691946 1.83119 0)
(0.00458333 1.5777 0)
(0.00297257 1.04633 0)
(0.00081303 0.34509 0)
(-0.000458001 0.361488 0)
(-0.00219469 1.03397 0)
(-0.00836017 1.49273 0)
(-0.0201007 1.6816 0)
(-0.0363084 1.73362 0)
(-0.0565573 1.74819 0)
(-0.0792026 1.76049 0)
(-0.10341 1.78158 0)
(-0.125976 1.8138 0)
(-0.139279 1.86495 0)
(-0.123789 1.93233 0)
(-0.0764364 1.9739 0)
(-0.03428 1.96697 0)
(-0.0122813 1.95337 0)
(-0.000610995 1.93426 0)
(0.00232134 1.9111 0)
(0.0033861 1.8327 0)
(0.0027781 1.58048 0)
(0.00199415 1.05137 0)
(0.000551694 0.351071 0)
(-0.00029572 0.365699 0)
(-0.00140198 1.04348 0)
(-0.00599927 1.51072 0)
(-0.0154066 1.70677 0)
(-0.02813 1.76081 0)
(-0.044256 1.77518 0)
(-0.0616676 1.78522 0)
(-0.0803359 1.802 0)
(-0.0969199 1.82713 0)
(-0.106156 1.86488 0)
(-0.0955526 1.9116 0)
(-0.0633573 1.94204 0)
(-0.0338268 1.94183 0)
(-0.0171699 1.93641 0)
(-0.00679599 1.92641 0)
(-0.00218833 1.90765 0)
(0.000445481 1.83166 0)
(0.00128107 1.58085 0)
(0.00119864 1.05424 0)
(0.000346404 0.354962 0)
(-0.000194521 0.368717 0)
(-0.000851253 1.05196 0)
(-0.00404976 1.52942 0)
(-0.0109659 1.73337 0)
(-0.0201374 1.78906 0)
(-0.0318791 1.80224 0)
(-0.0442643 1.80956 0)
(-0.0576363 1.82157 0)
(-0.0691456 1.8393 0)
(-0.0754201 1.86527 0)
(-0.0686463 1.89589 0)
(-0.0481255 1.91649 0)
(-0.0286486 1.91861 0)
(-0.0168428 1.91743 0)
(-0.00856959 1.91261 0)
(-0.00378384 1.89767 0)
(-0.000707644 1.82579 0)
(0.000648351 1.57874 0)
(0.000787454 1.05535 0)
(0.000221101 0.357319 0)
(-0.000148765 0.370141 0)
(-0.000582506 1.05547 0)
(-0.00312873 1.537 0)
(-0.00911146 1.74414 0)
(-0.0166948 1.80087 0)
(-0.0265211 1.8138 0)
(-0.0364381 1.82005 0)
(-0.047556 1.82976 0)
(-0.0567333 1.84438 0)
(-0.0618145 1.86496 0)
(-0.0571218 1.88841 0)
(-0.0425492 1.90477 0)
(-0.0280525 1.90889 0)
(-0.0179237 1.90939 0)
(-0.0103184 1.90643 0)
(-0.00519585 1.89272 0)
(-0.00174527 1.82229 0)
(2.70086e-05 1.57719 0)
(0.000358525 1.05585 0)
(0.000114707 0.358908 0)
(-0.000107399 0.372156 0)
(-0.000451938 1.06169 0)
(-0.00211519 1.55189 0)
(-0.00630142 1.76523 0)
(-0.0112583 1.82264 0)
(-0.0177835 1.83411 0)
(-0.0239326 1.83825 0)
(-0.0313446 1.84428 0)
(-0.037054 1.85333 0)
(-0.040622 1.86587 0)
(-0.0381737 1.8796 0)
(-0.0301147 1.8891 0)
(-0.0214464 1.89221 0)
(-0.0146712 1.89356 0)
(-0.00922007 1.89245 0)
(-0.0050946 1.88074 0)
(-0.00224699 1.81345 0)
(-0.000641418 1.57253 0)
(-9.59774e-05 1.05476 0)
(-6.77895e-05 0.358904 0)
(-0.267395 1.65512 1.83376e-22)
(0.415475 3.26717 -1.88551e-19)
(0.098508 3.49006 2.86304e-19)
(0.211136 3.45196 0)
(0.175732 3.39944 0)
(0.170493 3.34861 -1.77593e-19)
(0.173014 3.32259 2.31913e-19)
(0.14501 3.27179 -2.44717e-19)
(0.12415 3.16799 4.99085e-21)
(0.115448 2.56611 3.94231e-19)
(-0.103617 2.38609 5.93022e-23)
(0.145072 3.32122 1.75947e-19)
(0.0158212 3.45128 0)
(0.107419 3.40047 0)
(0.0835016 3.35215 5.26834e-21)
(0.0894917 3.31124 4.01503e-19)
(0.0847338 3.27444 -2.44963e-19)
(0.0588903 3.23623 -4.73419e-21)
(0.0559238 3.07473 4.51802e-21)
(0.00226839 2.07758 0)
(-0.0269696 2.10515 2.41853e-22)
(0.093561 3.15897 -5.92555e-22)
(0.03422 3.3565 0)
(0.0817559 3.33121 1.7949e-19)
(0.0603338 3.30551 -1.5001e-21)
(0.0615281 3.28205 -2.22526e-19)
(0.0512587 3.26683 -3.14785e-19)
(0.0355656 3.24344 -2.42702e-22)
(0.0435509 3.11517 4.69195e-21)
(-0.0160723 2.20721 0)
(-0.0390051 2.04276 4.93515e-20)
(0.0317129 3.13146 0)
(-0.00902788 3.31597 -9.72435e-20)
(0.0278357 3.31057 -6.13105e-20)
(0.0208432 3.28681 8.42936e-21)
(0.0275232 3.26244 -1.64565e-19)
(0.0316098 3.24455 1.4089e-19)
(0.0242858 3.23221 -5.45752e-21)
(0.0438645 3.12269 7.34602e-21)
(0.00804196 2.24753 1.9382e-19)
(-0.0456087 2.03731 -5.17637e-20)
(0.0175687 3.097 0)
(-0.00363828 3.27096 2.26802e-19)
(0.0173973 3.26364 -1.3028e-19)
(0.0169324 3.24908 -7.33745e-22)
(0.0203692 3.2371 -8.15005e-21)
(0.0226965 3.2334 -1.5335e-20)
(0.0234406 3.22287 -2.01163e-19)
(0.0440831 3.12568 5.47667e-21)
(-0.00309666 2.31051 -4.10793e-19)
(-0.0523121 2.08911 0)
(-0.00749623 3.0895 -1.41474e-19)
(-0.0267712 3.24607 2.27809e-20)
(-0.0118397 3.24842 -1.01089e-20)
(-0.00315973 3.23318 1.03986e-20)
(0.00483843 3.22033 1.74732e-19)
(0.0178282 3.21005 1.85969e-19)
(0.0220642 3.20501 4.00894e-19)
(0.0429832 3.12346 2.26226e-19)
(0.0110016 2.35332 -1.6366e-20)
(-0.0479386 2.14806 0)
(-0.0180654 3.08518 1.46351e-19)
(-0.0175669 3.21522 -1.56101e-19)
(-0.0101653 3.21322 -1.14154e-20)
(0.000963353 3.20259 2.37666e-20)
(0.00876034 3.19545 3.81283e-22)
(0.016558 3.19583 -1.30071e-20)
(0.0222514 3.19038 -2.12101e-19)
(0.0427883 3.12057 -2.20474e-19)
(0.0037845 2.41913 -1.70675e-20)
(-0.0500648 2.22732 1.83364e-19)
(-0.027942 3.08557 -8.50293e-21)
(-0.0314031 3.19491 5.88984e-21)
(-0.0228691 3.1962 0)
(-0.0125099 3.18598 0)
(-0.000994491 3.17834 0)
(0.014365 3.17102 0)
(0.0210917 3.16928 2.47439e-19)
(0.0410834 3.11262 -2.56553e-19)
(0.0156469 2.46365 2.50155e-19)
(-0.0444762 2.31106 2.54382e-20)
(-0.0324424 3.08713 2.07465e-19)
(-0.0202191 3.17003 0)
(-0.014421 3.16556 -1.3814e-20)
(-0.00383021 3.15763 1.41311e-20)
(0.00568135 3.15284 0)
(0.0144131 3.15463 -7.79268e-21)
(0.0207593 3.15241 -2.40096e-19)
(0.0403909 3.10885 2.57467e-19)
(0.0102897 2.53281 0)
(-0.0451264 2.40084 1.76666e-20)
(-0.0363157 3.08544 -3.21024e-19)
(-0.0302904 3.14998 0)
(-0.0224761 3.14714 0)
(-0.0134692 3.13939 1.55958e-20)
(-0.00218018 3.13404 -1.33181e-19)
(0.0123177 3.12844 -1.65237e-20)
(0.0193992 3.1294 1.42981e-19)
(0.0383874 3.09622 0)
(0.0194336 2.58103 0)
(-0.0386186 2.49411 -3.41945e-19)
(-0.0381559 3.0838 1.15564e-19)
(-0.0201153 3.12443 0)
(-0.0130003 3.11617 0)
(-0.00354294 3.10941 0)
(0.00569861 3.10624 2.77153e-19)
(0.0138259 3.10925 0)
(0.0200824 3.11038 -1.5263e-19)
(0.0380235 3.09031 9.51571e-21)
(0.0147852 2.65369 1.63118e-19)
(-0.0387113 2.58638 1.23993e-19)
(-0.040443 3.07399 -1.22288e-20)
(-0.0300516 3.10109 1.48291e-19)
(-0.0213341 3.09507 1.44543e-19)
(-0.0124112 3.08857 0)
(-0.00089692 3.08456 -1.43744e-19)
(0.0131044 3.0808 0)
(0.0212119 3.08457 0)
(0.0383331 3.07228 0)
(0.0224572 2.70642 -1.63875e-19)
(-0.0341859 2.68118 -1.36758e-19)
(-0.0428807 3.06385 1.41453e-19)
(-0.0230353 3.07209 -1.39885e-19)
(-0.0131177 3.06198 -2.22289e-19)
(-0.0029164 3.0568 0)
(0.00726467 3.05518 2.00103e-20)
(0.0162562 3.05921 -1.02006e-20)
(0.0246977 3.0629 7.69081e-20)
(0.0418187 3.06148 9.53929e-20)
(0.0206811 2.78034 -9.83313e-20)
(-0.0352404 2.76985 1.40283e-19)
(-0.046865 3.04309 -1.35765e-19)
(-0.0330438 3.04547 9.792e-21)
(-0.0208915 3.04037 5.70564e-20)
(-0.0109912 3.03644 -8.32287e-20)
(0.00026996 3.03414 0)
(0.0143476 3.03153 8.96038e-20)
(0.0258001 3.03563 4.95042e-21)
(0.0445083 3.03672 -1.86009e-19)
(0.0287878 2.83262 -6.54976e-21)
(-0.0289335 2.85752 -4.15629e-20)
(-0.0437318 3.02339 1.00457e-20)
(-0.0227858 3.01808 -5.22935e-20)
(-0.0110209 3.01451 2.1434e-20)
(-0.00220838 3.01406 1.01626e-19)
(0.0062882 3.01348 -4.34393e-20)
(0.0138833 3.01468 -4.25457e-20)
(0.0232271 3.01681 -4.43621e-20)
(0.0419321 3.02168 9.61532e-20)
(0.024674 2.90024 4.63794e-20)
(-0.0179003 2.9381 3.33915e-20)
(-0.026174 2.99891 1.47861e-20)
(-0.016247 3.00048 2.87912e-20)
(-0.00938945 3.00169 -5.90146e-20)
(-0.00409651 3.00263 2.00127e-20)
(0.000631103 3.00219 4.051e-20)
(0.00584645 3.0006 -4.22487e-20)
(0.010801 2.99896 -4.43619e-20)
(0.0217751 2.99729 6.0796e-21)
(0.0166151 2.94919 4.30091e-20)
)
;

boundaryField
{
    wall-4
    {
        type            noSlip;
    }
    pressure-outlet-7
    {
        type            zeroGradient;
    }
    velocity-inlet-6
    {
        type            fixedValue;
        value           uniform (0 3 0);
    }
    velocity-inlet-5
    {
        type            fixedValue;
        value           uniform (1 0 0);
    }
    frontAndBackPlanes
    {
        type            empty;
    }
}


// ************************************************************************* //
