/*--------------------------------*- C++ -*----------------------------------*\
  =========                 |
  \\      /  F ield         | OpenFOAM: The Open Source CFD Toolbox
   \\    /   O peration     | Website:  https://openfoam.org
    \\  /    A nd           | Version:  9
     \\/     M anipulation  |
\*---------------------------------------------------------------------------*/
FoamFile
{
    format      ascii;
    class       volScalarField;
    location    "1";
    object      p;
}
// * * * * * * * * * * * * * * * * * * * * * * * * * * * * * * * * * * * * * //

dimensions      [0 2 -2 0 0 0 0];

internalField   nonuniform List<scalar> 
8800
(
1.80846
1.76459
1.73326
1.70961
1.69114
1.67649
1.66482
1.65576
1.64934
1.64621
1.64745
1.65253
1.66042
1.67083
1.68397
1.70042
1.72124
1.74832
1.78465
1.83823
1.61309
1.61373
1.6133
1.61066
1.60567
1.59875
1.5909
1.58337
1.57705
1.57291
1.57202
1.57498
1.58056
1.58766
1.5955
1.60303
1.60909
1.613
1.61447
1.61396
1.61193
1.61443
1.61481
1.6139
1.61093
1.60677
1.60179
1.59673
1.59236
1.59009
1.59107
1.59465
1.59966
1.60493
1.6097
1.6134
1.6152
1.61559
1.61454
1.61271
1.59701
1.59697
1.59671
1.59599
1.59468
1.5926
1.58986
1.58679
1.5841
1.58265
1.58341
1.58599
1.5891
1.59217
1.59468
1.59642
1.59747
1.59793
1.59808
1.59808
1.58312
1.58303
1.58281
1.58237
1.58158
1.58039
1.57878
1.57691
1.57514
1.57419
1.57479
1.5765
1.5787
1.58063
1.58216
1.5832
1.58384
1.58416
1.58427
1.58427
1.57053
1.57052
1.5704
1.57014
1.5697
1.56903
1.5681
1.56701
1.566
1.5655
1.56601
1.56727
1.56864
1.56986
1.57078
1.5714
1.57177
1.57196
1.57203
1.57202
1.55857
1.55858
1.55854
1.55842
1.5582
1.55784
1.55734
1.55675
1.55622
1.55605
1.55652
1.55742
1.55837
1.55918
1.55978
1.56018
1.56041
1.56053
1.56057
1.56057
1.54718
1.54717
1.54715
1.54709
1.54697
1.5468
1.54657
1.54631
1.54612
1.5462
1.5467
1.54742
1.54812
1.54869
1.5491
1.54937
1.54953
1.54961
1.54964
1.54964
1.53596
1.53595
1.53594
1.53592
1.53588
1.53583
1.53577
1.53574
1.5358
1.53609
1.53666
1.53732
1.5379
1.53835
1.53866
1.53887
1.53899
1.53905
1.53907
1.53906
1.52479
1.52478
1.52479
1.52479
1.52481
1.52485
1.52492
1.52506
1.52534
1.52582
1.5265
1.52718
1.52773
1.52813
1.52841
1.52859
1.52869
1.52874
1.52875
1.52875
1.51359
1.51359
1.5136
1.51363
1.51369
1.5138
1.51399
1.51428
1.51475
1.51545
1.51629
1.51705
1.51763
1.51805
1.51832
1.5185
1.51859
1.51864
1.51866
1.51865
1.50229
1.50228
1.50231
1.50236
1.50246
1.50264
1.50294
1.50339
1.50406
1.50501
1.50607
1.50698
1.50765
1.50812
1.50842
1.50861
1.50871
1.50877
1.50878
1.50877
1.49081
1.4908
1.49083
1.49091
1.49106
1.49132
1.49173
1.49236
1.49327
1.49451
1.49587
1.49699
1.4978
1.49836
1.49872
1.49894
1.49907
1.49913
1.49915
1.49913
1.47907
1.47906
1.47911
1.47921
1.47942
1.47977
1.48032
1.48116
1.48236
1.48397
1.48571
1.48712
1.48814
1.48883
1.48927
1.48954
1.48969
1.48976
1.48978
1.48977
1.46698
1.46697
1.46704
1.46718
1.46745
1.46791
1.46864
1.46974
1.47131
1.4734
1.47563
1.47742
1.4787
1.47957
1.48012
1.48046
1.48065
1.48074
1.48077
1.48075
1.45444
1.45443
1.45451
1.4547
1.45506
1.45566
1.45662
1.45806
1.4601
1.4628
1.46565
1.46794
1.46956
1.47066
1.47136
1.47179
1.47202
1.47213
1.47217
1.47214
1.44127
1.44126
1.44137
1.44163
1.4421
1.4429
1.44415
1.44603
1.44868
1.45216
1.45582
1.45873
1.46079
1.46218
1.46307
1.46361
1.46391
1.46405
1.46409
1.46406
1.4273
1.42729
1.42743
1.42777
1.4284
1.42945
1.43111
1.43356
1.437
1.44149
1.44617
1.44988
1.4525
1.45426
1.45538
1.45606
1.45644
1.45662
1.45668
1.45663
1.41223
1.41223
1.41243
1.41288
1.41372
1.41512
1.41731
1.42053
1.425
1.4308
1.43677
1.44149
1.44481
1.44704
1.44846
1.44932
1.44979
1.45002
1.45009
1.45004
1.39571
1.39571
1.39599
1.3966
1.39774
1.39962
1.40253
1.40678
1.41261
1.42008
1.4277
1.43367
1.43786
1.44067
1.44247
1.44355
1.44416
1.44445
1.44453
1.44447
1.37717
1.37719
1.37759
1.37845
1.38001
1.38258
1.3865
1.39214
1.39976
1.40936
1.41903
1.42656
1.43184
1.43538
1.43765
1.43902
1.43979
1.44016
1.44027
1.44018
1.35582
1.35588
1.35647
1.35771
1.35992
1.36349
1.36885
1.37641
1.38639
1.3987
1.41089
1.42031
1.42693
1.43139
1.43426
1.43602
1.437
1.43747
1.43761
1.4375
1.33039
1.33054
1.33146
1.33333
1.33658
1.34171
1.34919
1.3594
1.37249
1.38818
1.4034
1.41509
1.42333
1.42894
1.4326
1.43487
1.43615
1.43677
1.43698
1.43684
1.2987
1.29909
1.30066
1.3037
1.30878
1.31643
1.3271
1.34103
1.35814
1.37792
1.39668
1.41099
1.42117
1.42823
1.43297
1.43597
1.43773
1.43861
1.43892
1.43876
1.25654
1.25763
1.2608
1.2664
1.27497
1.28691
1.30241
1.32142
1.34356
1.36813
1.39083
1.40806
1.42046
1.42933
1.43553
1.4397
1.44233
1.44378
1.44436
1.44421
1.19482
1.19888
1.20703
1.21877
1.23412
1.25308
1.27551
1.30106
1.32916
1.35901
1.38586
1.40612
1.42095
1.43191
1.44004
1.44601
1.45032
1.45325
1.4549
1.45502
1.09249
1.11798
1.13929
1.16277
1.18862
1.21701
1.24786
1.28081
1.31528
1.35054
1.38151
1.4048
1.42217
1.43552
1.44605
1.45454
1.46156
1.46747
1.47237
1.47657
0.990714
1.04043
1.07403
1.10852
1.14436
1.18177
1.22066
1.26072
1.30135
1.34188
1.37689
1.40319
1.42305
1.43874
1.45157
1.4624
1.47179
1.48009
1.48756
1.49653
0.926467
0.977747
1.01821
1.06041
1.10421
1.14938
1.19553
1.24212
1.28838
1.33341
1.37138
1.39941
1.42046
1.43707
1.45062
1.46191
1.47151
1.47976
1.48708
1.49516
0.872821
0.928555
0.972803
1.01983
1.06928
1.12056
1.17288
1.22525
1.27646
1.32519
1.36505
1.39361
1.4146
1.43093
1.44413
1.45505
1.46424
1.47212
1.47905
1.48633
0.827937
0.886215
0.933642
0.984612
1.03868
1.09506
1.15267
1.21012
1.26569
1.31739
1.35813
1.38609
1.40599
1.42121
1.43343
1.44355
1.4521
1.45944
1.46594
1.47263
0.78788
0.84869
0.898771
0.953096
1.01116
1.07202
1.13438
1.19647
1.25598
1.31012
1.35092
1.3773
1.39516
1.4085
1.4192
1.42815
1.43583
1.44253
1.44844
1.45457
0.750789
0.813902
0.866569
0.923997
0.985714
1.05071
1.11749
1.18397
1.24724
1.30355
1.34382
1.36768
1.38252
1.39313
1.40166
1.409
1.41555
1.42142
1.42686
1.43238
0.715437
0.780917
0.836001
0.896392
0.961552
1.03046
1.10151
1.17229
1.23936
1.29786
1.33723
1.35771
1.36843
1.37525
1.38078
1.38595
1.39097
1.39585
1.40062
1.40555
0.681297
0.748896
0.806338
0.869573
0.938061
1.01078
1.086
1.16111
1.23216
1.29316
1.33159
1.34792
1.35324
1.35492
1.3563
1.35845
1.36141
1.36498
1.36888
1.3731
0.647204
0.717294
0.777093
0.843091
0.914821
0.991222
1.07058
1.15011
1.22545
1.2895
1.32736
1.33898
1.33748
1.33225
1.32784
1.32573
1.32581
1.32757
1.33038
1.33378
0.613581
0.6858
0.747918
0.816627
0.89151
0.971523
1.05494
1.13897
1.21896
1.28685
1.32498
1.33173
1.32188
1.30745
1.29498
1.28674
1.28269
1.28185
1.28317
1.28612
0.579654
0.654327
0.718683
0.790026
0.867948
0.951465
1.03888
1.12744
1.21241
1.28504
1.32477
1.32713
1.30763
1.28117
1.25735
1.24022
1.23004
1.22544
1.22472
1.22666
0.545766
0.622711
0.689323
0.763221
0.844055
0.930934
1.02221
1.11525
1.20544
1.28377
1.3269
1.32625
1.29636
1.25463
1.21495
1.18465
1.16519
1.15489
1.15118
1.15182
0.511636
0.591114
0.659884
0.736241
0.819873
0.909909
1.00488
1.10227
1.19776
1.28258
1.33121
1.33005
1.29028
1.2301
1.16848
1.11848
1.08461
1.06538
1.0571
1.05639
0.477708
0.559533
0.630431
0.709161
0.795431
0.888455
0.986869
1.08837
1.18912
1.28097
1.33719
1.33911
1.29195
1.21117
1.12002
1.04046
0.983728
0.950168
0.934669
0.931103
0.443783
0.528171
0.601102
0.682089
0.770858
0.86667
0.96822
1.07354
1.17927
1.27835
1.34399
1.3533
1.30382
1.20304
1.07389
0.949944
0.856402
0.799434
0.771947
0.766043
0.41061
0.497215
0.572066
0.65519
0.746288
0.844648
0.949083
1.05786
1.16814
1.27427
1.35044
1.37146
1.32734
1.21205
1.03763
0.846782
0.691215
0.596877
0.554427
0.545053
0.37817
0.466795
0.543501
0.628639
0.721888
0.822539
0.929548
1.04135
1.15572
1.26832
1.35529
1.3914
1.36176
1.24435
1.02272
0.729154
0.459876
0.304898
0.24899
0.242792
0.346154
0.437045
0.515565
0.602588
0.697806
0.800546
0.909801
1.02425
1.14204
1.26031
1.35735
1.41006
1.40304
1.30241
1.04451
0.583082
0.0377508
-0.222085
-0.213399
-0.163455
0.315518
0.408041
0.488352
0.577215
0.674217
0.77887
0.890097
1.00667
1.12733
1.25024
1.35587
1.42426
1.44369
1.37907
1.1272
0.352406
-1.10352
-1.60813
-0.927813
-0.515294
0.285052
0.379815
0.461967
0.552465
0.651065
0.757402
0.870401
0.988745
1.11171
1.23812
1.35031
1.43154
1.47541
1.453
1.2467
0.379623
-1.81875
-3.02546
-1.59579
-0.406166
0.254954
0.352339
0.436347
0.528124
0.62815
0.735868
0.850049
0.969714
1.09429
1.22305
1.33965
1.42962
1.49065
1.5037
1.38752
0.821996
-0.407143
-0.991921
-0.958152
-0.546878
0.225436
0.326339
0.411773
0.504593
0.605761
0.714691
0.829638
0.950306
1.07591
1.20574
1.32405
1.41707
1.48338
1.50582
1.42353
1.09858
0.574435
0.157009
0.145899
0.079913
0.194156
0.303282
0.389049
0.482864
0.584697
0.694016
0.809524
0.930891
1.05618
1.18574
1.30323
1.39423
1.45496
1.46965
1.39442
1.16352
0.851076
0.560853
0.429441
0.340364
0.0762548
0.282105
0.367291
0.460909
0.56332
0.67315
0.789095
0.910588
1.0353
1.16305
1.27748
1.36218
1.40928
1.40515
1.32495
1.12932
0.889049
0.676962
0.537006
0.432484
0.226312
0.253445
0.335495
0.427327
0.52997
0.64177
0.757468
0.87856
1.00223
1.12764
1.23427
1.30127
1.32145
1.28212
1.16715
0.975135
0.764554
0.596111
0.45274
0.403681
0.138993
0.228499
0.308324
0.403379
0.507877
0.620324
0.736827
0.858872
0.983584
1.10799
1.20962
1.26657
1.27031
1.20874
1.07443
0.875895
0.644873
0.476618
0.311051
0.279343
0.0913936
0.193726
0.281177
0.379229
0.484712
0.59676
0.713169
0.833084
0.953599
1.0714
1.16352
1.20865
1.19751
1.1181
0.963305
0.742108
0.475677
0.265842
0.0569699
0.0645163
0.0489818
0.157586
0.249669
0.348992
0.455361
0.56759
0.684499
0.804755
0.925463
1.04167
1.12877
1.16435
1.14118
1.04923
0.88081
0.638214
0.305491
0.00128237
-0.344733
-0.341798
0.00993356
0.123069
0.217689
0.319751
0.428048
0.541883
0.660215
0.780494
0.900026
1.01232
1.09211
1.11815
1.08424
0.982224
0.803129
0.550969
0.148147
-0.297276
-0.922953
-1.19769
-0.0250874
0.0894878
0.186575
0.289726
0.399099
0.51361
0.632461
0.753075
0.871787
0.981527
1.05662
1.07645
1.03701
0.933057
0.757098
0.500893
0.0958953
-0.496384
-1.04146
-1.81331
-0.0629834
0.0521062
0.150324
0.255472
0.36674
0.483316
0.60377
0.725203
0.843546
0.951242
1.02254
1.03878
0.999148
0.902529
0.747156
0.522151
0.221026
-0.251855
-0.760189
-0.916896
-0.0988051
0.0161812
0.115095
0.221378
0.334106
0.452144
0.573572
0.695534
0.813541
0.919881
0.989167
1.00551
0.971689
0.892808
0.775717
0.630265
0.464377
0.276478
0.0969351
0.0630979
-0.134979
-0.021672
0.0776651
0.185171
0.299539
0.419189
0.541864
0.664549
0.782687
0.888737
0.957751
0.977878
0.955436
0.901572
0.829522
0.755752
0.69516
0.657636
0.659572
0.687373
-0.175508
-0.0613678
0.0385033
0.147316
0.263301
0.384552
0.508617
0.632328
0.751144
0.858058
0.928888
0.956303
0.948943
0.921376
0.887566
0.860286
0.848721
0.855303
0.877083
0.900414
-0.22168
-0.104199
-0.00264033
0.107892
0.225648
0.348677
0.474344
0.599434
0.719507
0.828363
0.903179
0.940735
0.949846
0.945958
0.941028
0.942585
0.95338
0.972223
0.995473
1.01358
-0.269207
-0.149023
-0.0454418
0.0670809
0.186814
0.311779
0.439285
0.566161
0.688269
0.800067
0.881716
0.928289
0.954496
0.970756
0.986074
1.00448
1.02655
1.05068
1.07483
1.091
-0.319976
-0.195927
-0.0896534
0.0252277
0.147275
0.274357
0.403962
0.533017
0.657837
0.773783
0.864169
0.922282
0.961583
0.993083
1.02204
1.05064
1.07884
1.10561
1.13003
1.14536
-0.37096
-0.243275
-0.134334
-0.0169147
0.107522
0.2369
0.368862
0.500428
0.62849
0.749314
0.847866
0.917356
0.968562
1.01134
1.0494
1.08418
1.11578
1.1439
1.16836
1.18358
-0.419963
-0.28965
-0.178322
-0.0584736
0.0683476
0.200131
0.334502
0.468834
0.60042
0.726721
0.833018
0.912412
0.973529
1.02461
1.06875
1.10734
1.14086
1.16968
1.194
1.20873
-0.466261
-0.334053
-0.220545
-0.0984145
0.0306716
0.164775
0.301554
0.438653
0.573835
0.705714
0.819407
0.907228
0.975992
1.0328
1.08085
1.12164
1.15623
1.18525
1.20913
1.22342
-0.509741
-0.375371
-0.259809
-0.135523
-0.00440125
0.131734
0.270682
0.410239
0.548775
0.685763
0.806229
0.900607
0.974902
1.03565
1.08612
1.12826
1.16325
1.19228
1.21584
1.22981
-0.546314
-0.411021
-0.293878
-0.168179
-0.0355241
0.102063
0.242563
0.384039
0.525225
0.666333
0.792033
0.891241
0.969437
1.03276
1.08475
1.12755
1.16283
1.19171
1.21493
1.22885
-0.5758
-0.439296
-0.321199
-0.194555
-0.0611797
0.0770107
0.218074
0.360356
0.503058
0.646811
0.776017
0.878341
0.958899
1.02379
1.07663
1.1198
1.15509
1.1838
1.20661
1.22051
-0.593204
-0.456907
-0.338856
-0.212416
-0.0795561
0.057863
0.198009
0.33958
0.482148
0.62656
0.757156
0.860901
0.942517
1.0081
1.0613
1.10462
1.13991
1.16855
1.19116
1.20507
-0.595337
-0.460554
-0.343466
-0.218786
-0.0882609
0.0462796
0.183421
0.322126
0.462272
0.604915
0.73453
0.837808
0.919187
0.984617
1.03773
1.08102
1.11629
1.14501
1.16708
1.18144
-0.576125
-0.444287
-0.33047
-0.210028
-0.0846162
0.0442123
0.175432
0.308404
0.443262
0.581237
0.707115
0.807749
0.887345
0.951631
1.00408
1.04707
1.08225
1.11108
1.13306
1.14785
-0.527315
-0.400915
-0.294028
-0.181669
-0.0654431
0.0536825
0.175158
0.29884
0.425058
0.554952
0.673945
0.769308
0.845008
0.906532
0.957219
0.999194
1.03397
1.06277
1.08491
1.10025
-0.434992
-0.321575
-0.227436
-0.129475
-0.0283763
0.0758024
0.183097
0.293599
0.407582
0.525798
0.634362
0.721194
0.789991
0.845986
0.892415
0.931343
0.96409
0.99168
1.01397
1.03012
-0.270254
-0.19445
-0.12587
-0.0521595
0.0263194
0.10984
0.198388
0.291883
0.390139
0.493121
0.587657
0.662451
0.720672
0.767112
0.804826
0.835757
0.861042
0.881353
0.897625
0.908597
-0.0433895
-0.0233931
0.00665347
0.0461737
0.0951706
0.153342
0.220209
0.295091
0.377198
0.465649
0.547778
0.612416
0.661743
0.699748
0.729173
0.752062
0.770035
0.784087
0.79413
0.799765
0.0992075
0.104651
0.115635
0.133853
0.160931
0.197877
0.245026
0.302133
0.368424
0.442666
0.513044
0.568402
0.609854
0.640711
0.663321
0.679384
0.690159
0.69681
0.70047
0.702265
0.170694
0.173752
0.180149
0.191101
0.208063
0.232548
0.26584
0.30866
0.360967
0.421802
0.480662
0.527009
0.561175
0.585849
0.603183
0.614934
0.622552
0.627193
0.629718
0.630891
0.214673
0.216686
0.220785
0.227924
0.23932
0.256352
0.280395
0.312586
0.353433
0.402463
0.450812
0.488977
0.516805
0.536535
0.5501
0.559101
0.564812
0.568228
0.57008
0.570971
0.241424
0.242847
0.245713
0.25071
0.258769
0.271032
0.288765
0.313141
0.34494
0.384069
0.423276
0.454341
0.476871
0.492672
0.503398
0.510432
0.514857
0.517493
0.518924
0.519618
0.2567
0.25774
0.259823
0.263458
0.269357
0.278426
0.291723
0.31034
0.33511
0.366147
0.397662
0.422749
0.44089
0.453543
0.462084
0.467654
0.471146
0.47322
0.474347
0.474894
0.263862
0.264641
0.266194
0.268908
0.273322
0.280148
0.290255
0.304576
0.323886
0.348426
0.37361
0.393746
0.408308
0.41844
0.425251
0.429681
0.432449
0.434091
0.434986
0.435419
0.265086
0.265677
0.266854
0.26891
0.272265
0.277476
0.285232
0.296308
0.311397
0.330763
0.350802
0.366898
0.378544
0.386639
0.39208
0.395612
0.397819
0.399129
0.39984
0.400183
0.261868
0.262321
0.263223
0.264799
0.267374
0.271384
0.277379
0.285987
0.297792
0.313065
0.328974
0.341799
0.351095
0.357555
0.361889
0.364707
0.366469
0.367513
0.368079
0.368351
0.255284
0.255634
0.25633
0.257548
0.25954
0.262647
0.267302
0.274016
0.283268
0.295303
0.307906
0.318098
0.325496
0.330646
0.334106
0.336349
0.337744
0.33857
0.33902
0.339236
0.246113
0.246385
0.246925
0.247871
0.249419
0.251836
0.255469
0.260717
0.267978
0.277464
0.287438
0.29553
0.301411
0.305502
0.308245
0.310027
0.311142
0.311803
0.312159
0.31233
0.234955
0.235166
0.235586
0.236323
0.23753
0.239417
0.242255
0.246368
0.252071
0.259545
0.267428
0.273836
0.2785
0.281751
0.283938
0.285357
0.286239
0.286763
0.287049
0.287183
0.222243
0.222408
0.222737
0.223313
0.224256
0.225732
0.227956
0.231183
0.235664
0.241552
0.247778
0.252851
0.256549
0.259125
0.260857
0.261982
0.262685
0.263099
0.263322
0.263428
0.208331
0.20846
0.208716
0.209165
0.209903
0.211059
0.212803
0.215334
0.218857
0.223496
0.228409
0.23242
0.235347
0.237387
0.238756
0.239643
0.240196
0.240523
0.240701
0.240785
0.193468
0.193568
0.193769
0.194122
0.194702
0.19561
0.196976
0.198963
0.201734
0.205384
0.209256
0.212419
0.214728
0.21634
0.217423
0.218128
0.218567
0.218826
0.218966
0.219032
0.177874
0.177953
0.178111
0.178387
0.178839
0.179549
0.180623
0.182185
0.184361
0.18723
0.190282
0.192776
0.194594
0.195863
0.196718
0.197275
0.197622
0.197828
0.197939
0.197991
0.161699
0.16176
0.161884
0.162101
0.162458
0.163015
0.163853
0.165074
0.16678
0.169033
0.171429
0.17339
0.174827
0.175834
0.176509
0.176943
0.177213
0.177373
0.177459
0.177499
0.145078
0.145126
0.145221
0.145389
0.145666
0.146102
0.146759
0.147715
0.14905
0.150815
0.152692
0.15423
0.155355
0.156136
0.156661
0.157004
0.157217
0.157341
0.157409
0.157443
0.1281
0.128138
0.128215
0.128346
0.128559
0.128896
0.129409
0.130154
0.131194
0.132569
0.13403
0.135227
0.136101
0.136713
0.137127
0.137396
0.137565
0.137666
0.13772
0.137745
0.110852
0.11088
0.110936
0.111039
0.111208
0.111468
0.111861
0.112435
0.113237
0.114298
0.11543
0.116359
0.11704
0.117517
0.117838
0.118044
0.118173
0.11825
0.118292
0.118311
0.0933903
0.0934138
0.0934591
0.0935354
0.0936603
0.0938591
0.0941607
0.0945994
0.0952108
0.0960188
0.0968799
0.0975858
0.0981032
0.0984626
0.0987043
0.0988641
0.0989624
0.0990169
0.0990472
0.099064
0.075765
0.0757807
0.0758143
0.0758732
0.0759711
0.076122
0.0763472
0.0766733
0.0771294
0.0777308
0.0783714
0.0788986
0.0792858
0.0795567
0.0797371
0.0798525
0.0799264
0.0799718
0.0799957
0.0800066
0.0580313
0.058044
0.0580695
0.0581104
0.0581825
0.0582909
0.0584505
0.0586825
0.0590044
0.0594273
0.0598804
0.0602588
0.0605435
0.0607471
0.0608864
0.0609734
0.0610206
0.0610454
0.061053
0.0610637
0.0402519
0.0402592
0.0402669
0.0402828
0.0403191
0.0403822
0.0404848
0.0406381
0.0408525
0.0411245
0.0414148
0.0416585
0.0418379
0.0419934
0.0421029
0.0421637
0.0422035
0.0422464
0.0422456
0.0422549
0.0223966
0.0224013
0.0223709
0.0223379
0.0223164
0.0223506
0.022412
0.0225
0.0226039
0.0227414
0.0228856
0.0230076
0.0231145
0.0232085
0.0232922
0.023382
0.0234131
0.0234905
0.0235975
0.0236512
0.00490856
0.00492386
0.00486408
0.00464877
0.00441642
0.0043643
0.00435477
0.00438803
0.00443501
0.00448094
0.00452433
0.00454723
0.00454013
0.00450075
0.0044646
0.00448139
0.00458893
0.00500523
0.00573137
0.00573317
-0.172964
0.0237305
0.167069
0.270501
0.303748
0.254194
0.132446
-0.0620249
-0.149962
-0.0957281
0.0782554
0.166641
0.203368
0.232137
0.216947
0.165516
0.0951682
0.0351147
0.0135672
0.0296247
0.185463
0.215944
0.219524
0.217111
0.198411
0.172022
0.143892
0.131068
0.139048
0.176302
0.239714
0.25
0.246144
0.242284
0.23392
0.225638
0.221883
0.231003
0.255111
0.294715
0.284695
0.29257
0.292382
0.295024
0.297557
0.302569
0.312197
0.333
0.362306
0.394965
0.34033
0.350793
0.355401
0.364333
0.375193
0.388433
0.40519
0.429935
0.457283
0.484398
0.410224
0.423374
0.432229
0.445044
0.460776
0.477955
0.496887
0.520315
0.544621
0.56902
0.492121
0.506715
0.517685
0.532078
0.548986
0.566717
0.58495
0.606452
0.62825
0.650063
0.580714
0.595139
0.607103
0.621111
0.637805
0.654753
0.671486
0.689845
0.708752
0.727482
0.67421
0.687407
0.698954
0.712985
0.728194
0.742798
0.756639
0.770896
0.784561
0.797567
0.765321
0.776246
0.787145
0.800741
0.814293
0.827396
0.838452
0.847498
0.854961
0.859975
0.854961
0.87147
0.88679
0.903682
0.918083
0.93053
0.940433
0.944766
0.946611
0.945864
0.95679
0.977403
0.995422
1.00887
1.01842
1.02678
1.03322
1.03734
1.0386
1.04137
1.04996
1.07126
1.09061
1.10831
1.12355
1.13425
1.14124
1.14643
1.15171
1.15759
1.30986
1.31886
1.30948
1.29678
1.28846
1.29255
1.30987
1.33811
1.36306
1.39211
1.60049
1.46682
1.39322
1.3532
1.33796
1.34229
1.36749
1.42042
1.52071
1.73172
1.67491
1.67698
1.67363
1.66307
1.65048
1.63831
1.62756
1.61852
1.61146
1.60695
1.60602
1.60915
1.61519
1.62337
1.63336
1.64493
1.65755
1.66953
1.67738
1.67511
1.60717
1.60957
1.61115
1.60995
1.60622
1.60077
1.59432
1.58773
1.58195
1.5779
1.57709
1.57992
1.58512
1.59163
1.59834
1.60444
1.60916
1.61162
1.61149
1.60875
1.60611
1.60658
1.6068
1.60627
1.60506
1.6029
1.59964
1.59578
1.59198
1.5892
1.58862
1.59075
1.59441
1.59844
1.60217
1.60494
1.60667
1.60767
1.60769
1.60732
1.58959
1.58957
1.58943
1.58902
1.5882
1.5869
1.58503
1.58273
1.58035
1.57855
1.57825
1.57976
1.58219
1.58478
1.587
1.58867
1.58977
1.59038
1.59065
1.59071
1.57677
1.57676
1.57664
1.57639
1.57594
1.5752
1.57414
1.57278
1.57132
1.57021
1.5701
1.57126
1.57293
1.57454
1.5759
1.57689
1.57752
1.57787
1.57802
1.57805
1.56446
1.56447
1.56444
1.56433
1.56409
1.56368
1.56309
1.56232
1.5615
1.56091
1.56098
1.56179
1.56293
1.56403
1.56489
1.5655
1.56589
1.5661
1.5662
1.56622
1.55284
1.55285
1.55283
1.55277
1.55265
1.55245
1.55214
1.55175
1.55135
1.55112
1.55134
1.55203
1.55286
1.55361
1.55419
1.55459
1.55484
1.55498
1.55504
1.55506
1.54156
1.54156
1.54154
1.54151
1.54146
1.54137
1.54125
1.5411
1.54099
1.54103
1.54139
1.54203
1.5427
1.54327
1.5437
1.54399
1.54417
1.54426
1.54431
1.54432
1.53037
1.53037
1.53036
1.53036
1.53035
1.53035
1.53035
1.53038
1.53048
1.53075
1.53126
1.53193
1.53255
1.53303
1.53339
1.53362
1.53376
1.53384
1.53388
1.53388
1.5192
1.51919
1.5192
1.51921
1.51924
1.51929
1.51939
1.51956
1.51985
1.52032
1.52101
1.52177
1.52241
1.52289
1.52323
1.52344
1.52357
1.52364
1.52367
1.52368
1.50796
1.50795
1.50796
1.50799
1.50805
1.50816
1.50835
1.50865
1.50911
1.50979
1.5107
1.51162
1.51234
1.51287
1.51322
1.51345
1.51358
1.51365
1.51369
1.51369
1.49657
1.49656
1.49658
1.49662
1.49672
1.49688
1.49716
1.4976
1.49825
1.49918
1.50036
1.5015
1.50237
1.50299
1.5034
1.50366
1.50381
1.50389
1.50393
1.50393
1.48498
1.48496
1.48498
1.48504
1.48517
1.48541
1.48579
1.48638
1.48726
1.48849
1.49002
1.49145
1.49253
1.49329
1.49379
1.4941
1.49428
1.49438
1.49442
1.49442
1.47308
1.47306
1.47309
1.47317
1.47335
1.47366
1.47417
1.47495
1.47611
1.47772
1.47968
1.48151
1.48287
1.48381
1.48443
1.48482
1.48505
1.48517
1.48522
1.48523
1.46078
1.46075
1.46079
1.46091
1.46114
1.46155
1.46222
1.46325
1.46476
1.46685
1.46938
1.47172
1.47344
1.47463
1.47541
1.4759
1.47619
1.47634
1.4764
1.47641
1.44794
1.44792
1.44797
1.44812
1.44842
1.44896
1.44984
1.4512
1.45316
1.45586
1.45912
1.4621
1.46429
1.46581
1.4668
1.46742
1.46778
1.46797
1.46805
1.46805
1.4344
1.43437
1.43444
1.43464
1.43504
1.43576
1.43691
1.43869
1.44125
1.44474
1.44893
1.45274
1.45553
1.45744
1.4587
1.45948
1.45994
1.46018
1.46028
1.46029
1.41992
1.41988
1.41998
1.42025
1.42079
1.42173
1.42326
1.42559
1.42893
1.43345
1.43883
1.4437
1.44723
1.44967
1.45126
1.45225
1.45282
1.45313
1.45325
1.45326
1.40418
1.40413
1.40427
1.40463
1.40536
1.40663
1.40867
1.41174
1.41612
1.42198
1.42887
1.43506
1.43954
1.44261
1.44463
1.44588
1.44661
1.44699
1.44715
1.44716
1.38673
1.38667
1.38687
1.38737
1.38837
1.3901
1.39284
1.39693
1.40268
1.41028
1.41909
1.42694
1.43259
1.43646
1.439
1.44059
1.44151
1.44199
1.44219
1.44221
1.36691
1.36685
1.36713
1.36786
1.36926
1.37165
1.37539
1.3809
1.3885
1.39834
1.40957
1.41945
1.42655
1.43142
1.43463
1.43664
1.43781
1.43843
1.43868
1.4387
1.34372
1.34366
1.3441
1.34518
1.34722
1.35063
1.35586
1.36336
1.37347
1.3862
1.40041
1.41275
1.4216
1.42771
1.43176
1.43432
1.43583
1.43663
1.43696
1.43699
1.31553
1.3155
1.31624
1.31795
1.32108
1.32614
1.33366
1.34405
1.35752
1.37392
1.39171
1.40696
1.41789
1.42552
1.43067
1.43398
1.43597
1.43704
1.43751
1.43756
1.27935
1.27949
1.28092
1.28394
1.28915
1.29711
1.30826
1.32284
1.34079
1.36169
1.38365
1.40218
1.41551
1.42498
1.43155
1.43594
1.4387
1.44026
1.44097
1.4411
1.22873
1.22979
1.23345
1.23981
1.24942
1.26262
1.27951
1.29996
1.32361
1.34981
1.37638
1.39843
1.41438
1.42596
1.43435
1.44031
1.44438
1.44697
1.44839
1.44885
1.15006
1.15487
1.16722
1.18223
1.20074
1.22271
1.2479
1.27595
1.30635
1.33841
1.36976
1.39537
1.41398
1.42785
1.43836
1.44638
1.4525
1.45719
1.46088
1.4631
1.05259
1.06697
1.09255
1.12034
1.15025
1.18221
1.21619
1.25199
1.28916
1.32706
1.36325
1.39255
1.41409
1.43063
1.44375
1.45436
1.46309
1.47028
1.47641
1.47937
0.964414
0.990084
1.02603
1.06392
1.10341
1.14429
1.18643
1.22955
1.27313
1.31643
1.3568
1.38897
1.41255
1.43081
1.44551
1.45765
1.46776
1.47614
1.4831
1.48689
0.90622
0.933762
0.97356
1.0167
1.06247
1.11017
1.15914
1.20875
1.2581
1.30614
1.34979
1.38367
1.40802
1.42666
1.44155
1.45372
1.46376
1.472
1.47876
1.48261
0.856426
0.886434
0.929571
0.976777
1.02731
1.08032
1.13497
1.19016
1.2446
1.29669
1.34268
1.37709
1.40105
1.419
1.43318
1.44473
1.45425
1.46208
1.46852
1.47235
0.813493
0.845303
0.891146
0.941699
0.996196
1.05374
1.11329
1.17347
1.23246
1.28805
1.33561
1.36954
1.39206
1.40845
1.42125
1.43171
1.44041
1.44767
1.4537
1.45747
0.774278
0.807971
0.856317
0.909864
0.967868
1.02948
1.09349
1.15824
1.22148
1.28026
1.32886
1.36142
1.38154
1.39548
1.40622
1.41509
1.42266
1.42913
1.43463
1.43828
0.73753
0.772952
0.823697
0.88003
0.941328
1.00673
1.07494
1.14407
1.21145
1.27335
1.32271
1.35319
1.36991
1.38039
1.38822
1.3949
1.40091
1.40636
1.41121
1.41463
0.702194
0.73937
0.792364
0.851384
0.915832
0.984862
1.05711
1.13055
1.20212
1.2673
1.31747
1.34534
1.35759
1.36339
1.36723
1.37088
1.37478
1.37884
1.38282
1.38592
0.667833
0.706535
0.761698
0.82332
0.890818
0.963348
1.03959
1.11732
1.19322
1.26206
1.31342
1.33843
1.34516
1.34476
1.3431
1.34252
1.34346
1.3456
1.34842
1.35095
0.633514
0.67385
0.731289
0.795477
0.865926
0.941884
1.02198
1.10404
1.18448
1.25747
1.31078
1.3331
1.33332
1.32488
1.3157
1.30915
1.30587
1.30529
1.3065
1.30827
0.599546
0.641361
0.700912
0.767572
0.840908
0.920196
1.00411
1.09043
1.17558
1.25333
1.30965
1.33004
1.32308
1.3045
1.28503
1.26996
1.26052
1.25598
1.2549
1.2556
0.565375
0.608724
0.670444
0.73954
0.815666
0.898145
0.985711
1.07626
1.16625
1.24929
1.30997
1.3299
1.31574
1.28484
1.25147
1.22411
1.20554
1.19503
1.19055
1.18973
0.531405
0.576103
0.639905
0.711353
0.790145
0.875696
0.966773
1.0614
1.15622
1.24501
1.31147
1.33316
1.3129
1.26789
1.2161
1.17097
1.13852
1.11881
1.1091
1.10602
0.497033
0.543476
0.609372
0.683068
0.764433
0.85288
0.947241
1.04573
1.14528
1.2401
1.31366
1.33996
1.31617
1.25654
1.18122
1.11049
1.05664
1.02234
1.00436
0.997662
0.46293
0.510984
0.578878
0.654802
0.738589
0.82973
0.927228
1.02931
1.1333
1.23413
1.31586
1.3499
1.32693
1.25454
1.15102
1.04387
0.956686
0.898763
0.867358
0.855028
0.428957
0.478857
0.548688
0.626704
0.712769
0.806416
0.906735
1.01213
1.12022
1.22684
1.31728
1.36193
1.34558
1.26599
1.1321
0.974423
0.834468
0.737661
0.684725
0.665066
0.396061
0.447225
0.518915
0.598892
0.687132
0.783141
0.885973
0.994306
1.1061
1.21799
1.3171
1.37447
1.37107
1.29412
1.13356
0.908203
0.680405
0.51729
0.434742
0.406578
0.363586
0.416326
0.48971
0.571564
0.661823
0.759969
0.865114
0.976009
1.091
1.20759
1.31464
1.38553
1.4004
1.33926
1.16592
0.854581
0.464306
0.166991
0.0547166
0.0458978
0.331992
0.386095
0.461186
0.544856
0.636993
0.737067
0.844264
0.95743
1.07514
1.19555
1.30957
1.3932
1.42888
1.39607
1.237
0.826161
0.0492088
-0.646985
-0.669536
-0.419929
0.301311
0.356696
0.433543
0.518984
0.612854
0.714632
0.823591
0.938646
1.05859
1.18214
1.30163
1.39593
1.45116
1.45218
1.3372
0.865146
-0.676151
-2.79311
-1.99548
-0.816779
0.270832
0.327689
0.406646
0.493806
0.589274
0.692476
0.80297
0.919462
1.04101
1.16678
1.29024
1.39252
1.46332
1.49393
1.43055
1.0695
-0.182772
-1.78603
-1.99037
-1.10922
0.241041
0.299441
0.380798
0.469311
0.565878
0.670266
0.78207
0.899518
1.02204
1.14911
1.27499
1.38176
1.46096
1.50838
1.48481
1.25807
0.628635
-0.142896
-0.274884
-0.25516
0.210916
0.272611
0.3565
0.44564
0.542673
0.64803
0.761061
0.879222
1.00221
1.12969
1.25603
1.3631
1.44195
1.4889
1.47011
1.31049
0.950007
0.565136
0.343985
0.316332
0.17479
0.250758
0.333273
0.4228
0.519983
0.626314
0.739147
0.857965
0.981666
1.10924
1.23451
1.33766
1.40851
1.44296
1.41456
1.28025
1.01021
0.759677
0.566876
0.453752
0.219417
0.269461
0.353257
0.446549
0.548849
0.659056
0.778693
0.900352
1.02495
1.15212
1.26491
1.34598
1.38747
1.37111
1.2832
1.10181
0.885008
0.701887
0.558071
0.461651
0.202954
0.223657
0.298627
0.387174
0.486754
0.59481
0.708889
0.829463
0.953432
1.07944
1.19883
1.29206
1.34434
1.34611
1.28094
1.1412
0.923976
0.742088
0.583849
0.451965
0.173221
0.205429
0.282312
0.368963
0.468266
0.57377
0.686222
0.804898
0.926815
1.05023
1.16525
1.25228
1.29298
1.2796
1.19447
1.03891
0.813032
0.631225
0.468779
0.320677
0.131209
0.17264
0.252152
0.341335
0.441755
0.549582
0.665434
0.786271
0.908666
1.03053
1.1412
1.21589
1.23949
1.20147
1.09205
0.914232
0.67576
0.464521
0.291967
0.110237
0.0923095
0.134548
0.220606
0.314549
0.41667
0.525803
0.64115
0.760435
0.880402
0.999107
1.1053
1.17201
1.18466
1.13525
1.01151
0.814812
0.540324
0.261631
0.0210402
-0.254321
0.0538679
0.0961786
0.185354
0.282225
0.385984
0.496549
0.613129
0.733535
0.854411
0.97228
1.07381
1.13268
1.1343
1.07196
0.935635
0.725298
0.414654
0.0364991
-0.356908
-0.981559
0.0195794
0.06197
0.154915
0.254296
0.359761
0.471509
0.588035
0.707842
0.827674
0.943399
1.0409
1.09241
1.08551
1.01557
0.875025
0.655857
0.340249
-0.16558
-0.722267
-1.84111
-0.0180629
0.0243262
0.118913
0.219993
0.327311
0.440644
0.558258
0.679065
0.799515
0.914507
1.00883
1.05565
1.04449
0.973911
0.839878
0.632749
0.343422
-0.134248
-0.725152
-1.00796
-0.0547567
-0.0122302
0.082998
0.185306
0.29439
0.409383
0.528455
0.650025
0.770518
0.884536
0.976275
1.02033
1.00898
0.945416
0.831289
0.668796
0.454426
0.182527
-0.182562
-0.460428
-0.0910071
-0.0488999
0.0460746
0.149314
0.259808
0.376383
0.496824
0.61935
0.740212
0.853807
0.944235
0.988464
0.981722
0.932787
0.850551
0.748498
0.642573
0.544051
0.468849
0.454987
-0.128602
-0.0871603
0.00746827
0.111496
0.22349
0.341622
0.463704
0.587362
0.708807
0.822545
0.913263
0.960623
0.962451
0.93299
0.884966
0.833405
0.792464
0.772435
0.777765
0.804729
-0.171322
-0.129166
-0.033331
0.072082
0.185633
0.30544
0.429208
0.554216
0.676792
0.791453
0.884428
0.936758
0.950448
0.942113
0.923961
0.908495
0.903648
0.912141
0.931977
0.957114
-0.217438
-0.173967
-0.0762427
0.031003
0.146413
0.2681
0.393694
0.52036
0.644485
0.760915
0.858112
0.916513
0.945306
0.955799
0.961307
0.969543
0.983819
1.0039
1.02765
1.05195
-0.267025
-0.221254
-0.120976
-0.0114213
0.10609
0.22984
0.357486
0.486148
0.612358
0.731612
0.833844
0.900261
0.94349
0.970651
0.99375
1.01712
1.04212
1.06805
1.09375
1.11724
-0.317279
-0.270374
-0.166888
-0.0547262
0.0651941
0.191234
0.321101
0.452021
0.580837
0.703763
0.811524
0.890713
0.944547
0.984801
1.02017
1.05315
1.08429
1.1134
1.13998
1.16364
-0.367173
-0.318947
-0.212725
-0.0979439
0.0244241
0.152859
0.28509
0.418512
0.550273
0.677435
0.791455
0.880102
0.9442
0.9959
1.03999
1.0791
1.11396
1.14476
1.17181
1.19584
-0.414342
-0.365463
-0.257159
-0.14004
-0.0152875
0.115517
0.250107
0.386121
0.520963
0.652428
0.773172
0.87136
0.944212
1.00342
1.05346
1.09643
1.1334
1.16514
1.19231
1.21559
-0.460199
-0.410127
-0.29917
-0.179891
-0.0528697
0.0800895
0.216942
0.355371
0.493219
0.628987
0.75637
0.861934
0.942025
1.00682
1.06075
1.10607
1.14423
1.17635
1.20343
1.22665
-0.500682
-0.449764
-0.337317
-0.2159
-0.087071
0.0476833
0.186367
0.326823
0.467274
0.606746
0.73969
0.851169
0.936672
1.00542
1.06187
1.1086
1.14742
1.17969
1.20669
1.22974
-0.534365
-0.483038
-0.368846
-0.246274
-0.116185
0.0196028
0.159378
0.301078
0.443226
0.585433
0.722466
0.838137
0.927322
0.998667
1.05668
1.10423
1.14335
1.17573
1.20262
1.22555
-0.558886
-0.50721
-0.392237
-0.269024
-0.138598
-0.00263905
0.13704
0.278713
0.421209
0.564622
0.703866
0.821961
0.913215
0.985951
1.0448
1.09278
1.13207
1.16447
1.19133
1.2142
-0.570361
-0.518447
-0.403589
-0.281037
-0.151781
-0.0173454
0.120465
0.260315
0.401366
0.543888
0.683054
0.801571
0.893328
0.966418
1.02547
1.07358
1.11296
1.14545
1.17234
1.19534
-0.56357
-0.512468
-0.399015
-0.278899
-0.152845
-0.0223507
0.111182
0.246682
0.38372
0.522786
0.659231
0.775851
0.866396
0.938718
0.997325
1.04521
1.08459
1.11711
1.14437
1.16748
-0.532525
-0.483134
-0.372809
-0.2579
-0.138281
-0.0151336
0.11069
0.238563
0.368406
0.500866
0.631487
0.743515
0.830801
0.900858
0.958059
1.00521
1.04432
1.07699
1.10464
1.12803
-0.465935
-0.419705
-0.317417
-0.212476
-0.104384
0.00657669
0.120241
0.236496
0.355503
0.477869
0.599163
0.70339
0.784683
0.850155
0.904023
0.94902
0.98704
1.01938
1.04743
1.07111
-0.347301
-0.308165
-0.223463
-0.13765
-0.0487473
0.0438061
0.14028
0.240718
0.345166
0.453828
0.562114
0.654922
0.72674
0.784127
0.831091
0.870305
0.903903
0.933375
0.960033
0.983059
-0.16547
-0.13282
-0.0866135
-0.0337508
0.0267333
0.0945057
0.169168
0.250382
0.337647
0.430471
0.52382
0.603353
0.663804
0.710749
0.747682
0.776974
0.800308
0.819428
0.83597
0.850822
0.0393718
0.0450362
0.0577428
0.079203
0.110398
0.151787
0.203278
0.264426
0.334464
0.412366
0.492933
0.562218
0.614372
0.65387
0.683754
0.706214
0.72275
0.734296
0.741465
0.745096
0.138685
0.141136
0.147154
0.158037
0.175323
0.200634
0.235233
0.279753
0.334107
0.397511
0.465108
0.52383
0.567628
0.599957
0.623375
0.639838
0.650909
0.657955
0.662111
0.664221
0.194718
0.196264
0.199884
0.206623
0.21773
0.23463
0.258756
0.291337
0.333056
0.383723
0.439286
0.48807
0.524229
0.550404
0.568853
0.581446
0.589705
0.594849
0.597806
0.599298
0.229337
0.230431
0.23289
0.237444
0.245028
0.256824
0.274162
0.29834
0.330331
0.370408
0.415416
0.455341
0.484839
0.505948
0.52059
0.530413
0.536759
0.540664
0.542903
0.544042
0.249934
0.250731
0.252493
0.255742
0.261185
0.269746
0.28252
0.300696
0.325311
0.356868
0.392964
0.425288
0.449168
0.466149
0.477827
0.485599
0.490581
0.493631
0.495377
0.496269
0.260901
0.261496
0.262795
0.265194
0.269218
0.275577
0.285166
0.298995
0.318018
0.342807
0.371584
0.397569
0.416784
0.430408
0.439737
0.445916
0.449867
0.452282
0.453662
0.454368
0.26493
0.265381
0.26636
0.268162
0.271192
0.276005
0.283302
0.293915
0.308674
0.328137
0.350983
0.371756
0.387156
0.398067
0.405524
0.410453
0.413594
0.415511
0.416609
0.417169
0.263819
0.264164
0.264911
0.266287
0.268599
0.27228
0.277887
0.286087
0.297575
0.312864
0.330959
0.34751
0.359808
0.368521
0.374471
0.378401
0.380912
0.382446
0.383319
0.383763
0.258835
0.2591
0.259675
0.260731
0.262513
0.265356
0.269691
0.276062
0.285033
0.297041
0.311352
0.324501
0.334295
0.341246
0.345992
0.349126
0.351121
0.352336
0.353032
0.353386
0.250898
0.251104
0.251548
0.252369
0.253751
0.255954
0.259326
0.26429
0.271308
0.28075
0.292055
0.302485
0.310274
0.315802
0.319579
0.322073
0.323662
0.32463
0.325181
0.32546
0.240688
0.240848
0.241194
0.241829
0.242904
0.244622
0.247252
0.251134
0.256638
0.264064
0.27299
0.281251
0.287428
0.291819
0.294821
0.296802
0.298063
0.298832
0.299273
0.299498
0.228719
0.228844
0.229113
0.229611
0.230451
0.23179
0.233847
0.236887
0.241204
0.247046
0.254088
0.260622
0.265519
0.269003
0.271385
0.272962
0.273968
0.274581
0.27493
0.275105
0.21538
0.215477
0.215688
0.216076
0.216731
0.217781
0.219392
0.221777
0.225169
0.229766
0.235321
0.240486
0.244361
0.247121
0.24901
0.250257
0.251049
0.251529
0.251801
0.25194
0.200973
0.201049
0.201213
0.201517
0.20203
0.202853
0.204116
0.205985
0.208648
0.212265
0.216642
0.220717
0.22378
0.225964
0.227455
0.228439
0.229066
0.229451
0.22967
0.22978
0.185728
0.185787
0.185916
0.186155
0.186558
0.187201
0.188192
0.189661
0.191755
0.194599
0.198045
0.201259
0.203672
0.205391
0.206569
0.207352
0.207851
0.208153
0.208327
0.208414
0.169832
0.169878
0.169979
0.170165
0.170481
0.170987
0.171763
0.172913
0.174555
0.176788
0.179497
0.182027
0.183929
0.185288
0.18622
0.186832
0.187222
0.187458
0.18759
0.187656
0.153423
0.153459
0.153538
0.153684
0.153931
0.154327
0.154934
0.155834
0.157118
0.158868
0.160994
0.162979
0.164478
0.165547
0.166277
0.16676
0.167067
0.167254
0.167361
0.167416
0.136616
0.136645
0.136706
0.13682
0.13701
0.137318
0.137793
0.138497
0.139502
0.14087
0.142531
0.144081
0.145248
0.146079
0.146649
0.147025
0.147266
0.147414
0.147497
0.147538
0.119499
0.11952
0.119567
0.119655
0.119805
0.120042
0.120409
0.120955
0.121733
0.122794
0.124083
0.125289
0.126198
0.126846
0.127294
0.127592
0.127779
0.127892
0.127958
0.127992
0.102136
0.102153
0.102191
0.102259
0.102374
0.102558
0.102838
0.103256
0.103853
0.104667
0.105657
0.106584
0.107283
0.107786
0.108128
0.108352
0.108497
0.108587
0.108637
0.108661
0.0845923
0.0846048
0.0846327
0.0846831
0.0847678
0.0849058
0.0851211
0.0854388
0.0858904
0.0865054
0.0872517
0.0879506
0.0884773
0.0888504
0.0891053
0.0892757
0.0893844
0.0894491
0.0894844
0.0895032
0.0669048
0.0669134
0.0669335
0.0669714
0.0670371
0.0671413
0.0672988
0.0675302
0.0678599
0.0683068
0.0688497
0.0693619
0.069755
0.0700402
0.0702341
0.0703543
0.0704293
0.0704798
0.0705125
0.0705276
0.0491331
0.0491408
0.0491617
0.0491906
0.0492355
0.0493032
0.0494089
0.0495655
0.0497907
0.050095
0.0504608
0.0508088
0.0510809
0.0512812
0.0514216
0.0515258
0.0515918
0.0516211
0.0516417
0.0516455
0.0313173
0.0313151
0.0313127
0.0313313
0.0313448
0.0313729
0.0314454
0.0315482
0.0316897
0.0318766
0.0320902
0.0322855
0.0324297
0.0325618
0.0326846
0.0327769
0.0328372
0.0328504
0.0328633
0.0328856
0.00491586
0.00490993
0.00478076
0.0045113
0.00438809
0.00435421
0.00436851
0.00441167
0.00445997
0.00450382
0.00453869
0.0045471
0.00452363
0.00447743
0.00446355
0.00451588
0.0047109
0.00536186
0.00589274
0.0144395
-1.31745
-0.39604
-0.013677
0.207683
0.331694
0.364608
0.294384
0.112876
-0.227238
-0.283302
-0.201566
-0.0229323
0.129189
0.228543
0.25741
0.230569
0.14921
0.0332699
-0.0523008
-0.0687361
0.0723322
0.134254
0.200885
0.220717
0.210955
0.176745
0.135401
0.0933593
0.0695142
0.0678219
0.181708
0.202352
0.229314
0.231355
0.220928
0.202444
0.185409
0.176242
0.177335
0.199257
0.238954
0.246651
0.262317
0.267156
0.265252
0.261782
0.262894
0.270689
0.285221
0.312203
0.28938
0.297455
0.313076
0.324476
0.331057
0.338687
0.35122
0.368111
0.386713
0.411167
0.350151
0.361922
0.380208
0.397338
0.410162
0.424701
0.441771
0.461872
0.479578
0.500348
0.423973
0.439347
0.45963
0.480368
0.496317
0.513367
0.531647
0.551072
0.568059
0.585947
0.509909
0.526832
0.547167
0.568239
0.584799
0.601868
0.619098
0.637219
0.652951
0.668981
0.603849
0.619982
0.63901
0.65892
0.674714
0.690855
0.706878
0.722761
0.734913
0.748163
0.702101
0.716853
0.733852
0.750953
0.765367
0.779376
0.792354
0.802832
0.812102
0.818346
0.793299
0.805888
0.822842
0.839552
0.853572
0.86709
0.878498
0.887695
0.888809
0.887507
0.896428
0.917923
0.939814
0.956868
0.971058
0.981823
0.990884
0.998444
1.00033
0.994041
0.983846
1.00631
1.0216
1.03483
1.0475
1.05828
1.06624
1.07253
1.0775
1.07929
1.14995
1.17607
1.19429
1.20674
1.21484
1.22215
1.23233
1.24387
1.25613
1.25746
1.49087
1.43479
1.38927
1.351
1.32838
1.32337
1.33473
1.36628
1.41811
1.49164
1.83754
1.78397
1.74765
1.72058
1.69976
1.68333
1.67026
1.65993
1.65216
1.64726
1.64627
1.64963
1.6562
1.66535
1.67709
1.69179
1.71028
1.73393
1.76526
1.80914
1.61321
1.61374
1.61229
1.60842
1.60239
1.59484
1.58705
1.58002
1.5747
1.57197
1.57308
1.5775
1.58394
1.59154
1.59938
1.60632
1.61135
1.61403
1.61448
1.61383
1.61279
1.61374
1.6148
1.61453
1.61259
1.60894
1.60432
1.5992
1.59443
1.59086
1.59017
1.59266
1.59704
1.60233
1.60743
1.61172
1.61452
1.61556
1.61523
1.61359
1.59703
1.59701
1.59688
1.59643
1.59542
1.59374
1.5913
1.58832
1.58533
1.58314
1.58273
1.58452
1.58752
1.59069
1.59351
1.59564
1.59703
1.59775
1.59802
1.5981
1.58311
1.58309
1.58294
1.58263
1.58202
1.58104
1.57963
1.57785
1.57596
1.5745
1.57429
1.57564
1.57759
1.5797
1.58146
1.58274
1.58356
1.58403
1.58423
1.58428
1.57054
1.57054
1.57047
1.57029
1.56995
1.5694
1.56859
1.56757
1.56647
1.56564
1.56563
1.56658
1.56798
1.56928
1.57036
1.57113
1.57162
1.57189
1.57201
1.57203
1.55858
1.55858
1.55857
1.55849
1.55833
1.55804
1.5576
1.55705
1.55646
1.55606
1.5562
1.55694
1.55791
1.5588
1.55951
1.56
1.56031
1.56048
1.56056
1.56058
1.54718
1.54718
1.54716
1.54712
1.54703
1.5469
1.54669
1.54644
1.54619
1.54611
1.5464
1.54705
1.54779
1.54843
1.54892
1.54925
1.54946
1.54958
1.54963
1.54964
1.53596
1.53596
1.53595
1.53593
1.5359
1.53586
1.5358
1.53575
1.53575
1.53591
1.53634
1.53699
1.53763
1.53814
1.53852
1.53878
1.53894
1.53902
1.53906
1.53907
1.52479
1.52478
1.52479
1.52479
1.5248
1.52483
1.52488
1.52498
1.52518
1.52555
1.52615
1.52685
1.52747
1.52795
1.52829
1.52851
1.52864
1.52872
1.52875
1.52875
1.51359
1.51359
1.51359
1.51361
1.51366
1.51374
1.51388
1.51412
1.51449
1.51507
1.51586
1.51669
1.51737
1.51786
1.5182
1.51842
1.51855
1.51862
1.51865
1.51866
1.50228
1.50228
1.50229
1.50233
1.5024
1.50254
1.50277
1.50314
1.50369
1.5045
1.50554
1.50655
1.50734
1.50791
1.50829
1.50853
1.50867
1.50874
1.50878
1.50878
1.4908
1.4908
1.49081
1.49086
1.49098
1.49117
1.4915
1.49201
1.49277
1.49385
1.49519
1.49647
1.49743
1.49811
1.49856
1.49885
1.49901
1.4991
1.49914
1.49914
1.47906
1.47905
1.47908
1.47915
1.4793
1.47957
1.48001
1.4807
1.48171
1.48311
1.48485
1.48647
1.48768
1.48852
1.48907
1.48942
1.48963
1.48973
1.48978
1.48978
1.46697
1.46696
1.467
1.4671
1.4673
1.46765
1.46824
1.46914
1.47046
1.47229
1.47453
1.47659
1.47812
1.47918
1.47988
1.48031
1.48057
1.4807
1.48076
1.48076
1.45442
1.45441
1.45446
1.45459
1.45485
1.45532
1.45609
1.45727
1.459
1.46137
1.46424
1.46688
1.46882
1.47017
1.47105
1.4716
1.47192
1.47209
1.47216
1.47216
1.44125
1.44124
1.4413
1.44148
1.44183
1.44245
1.44346
1.44501
1.44725
1.45032
1.45401
1.45739
1.45986
1.46156
1.46268
1.46337
1.46378
1.46399
1.46408
1.46409
1.42726
1.42726
1.42734
1.42757
1.42804
1.42886
1.43019
1.43222
1.43515
1.43912
1.44386
1.44817
1.45131
1.45347
1.45489
1.45577
1.45628
1.45655
1.45666
1.45667
1.41219
1.41219
1.4123
1.41262
1.41324
1.41434
1.4161
1.41877
1.4226
1.42774
1.43383
1.43932
1.4433
1.44604
1.44783
1.44894
1.44959
1.44993
1.45007
1.45008
1.39565
1.39565
1.39581
1.39624
1.39709
1.39857
1.40093
1.40447
1.40949
1.41615
1.42395
1.43093
1.43596
1.43941
1.44167
1.44308
1.4439
1.44433
1.44451
1.44452
1.3771
1.37711
1.37734
1.37795
1.37913
1.38115
1.38434
1.38908
1.39569
1.40434
1.4143
1.4231
1.42944
1.43379
1.43665
1.43843
1.43947
1.44001
1.44024
1.44025
1.35574
1.35576
1.35611
1.35699
1.35867
1.36151
1.36592
1.37234
1.3811
1.3923
1.40494
1.416
1.42393
1.42939
1.43299
1.43525
1.43658
1.43728
1.43757
1.43759
1.33029
1.33034
1.3309
1.33225
1.33475
1.33888
1.34512
1.35394
1.36561
1.38007
1.39599
1.40973
1.41958
1.42641
1.43098
1.43388
1.4356
1.43653
1.43692
1.43695
1.29859
1.29871
1.29972
1.30196
1.30595
1.31225
1.32137
1.33367
1.34923
1.36777
1.38759
1.40443
1.41653
1.42504
1.43085
1.43465
1.43698
1.43826
1.43882
1.4389
1.25644
1.2568
1.25894
1.26326
1.27029
1.2805
1.29422
1.31151
1.33216
1.35564
1.37987
1.40015
1.41477
1.42528
1.43271
1.43783
1.44118
1.44317
1.44416
1.44438
1.19501
1.19634
1.20252
1.21246
1.22601
1.24318
1.26391
1.28796
1.31488
1.34398
1.37295
1.39681
1.41411
1.42684
1.43628
1.44326
1.44835
1.45194
1.45425
1.45519
1.0997
1.10857
1.12835
1.15081
1.17542
1.20254
1.2322
1.26417
1.29797
1.33295
1.36667
1.39406
1.41409
1.42927
1.44109
1.45052
1.45821
1.46464
1.47004
1.47471
1.00361
1.02329
1.05722
1.09119
1.12632
1.16294
1.20112
1.24066
1.2811
1.32177
1.36016
1.39105
1.41376
1.43133
1.44547
1.45721
1.46725
1.47608
1.48382
1.49285
0.939266
0.95831
0.997829
1.03918
1.08221
1.12674
1.17246
1.21892
1.26546
1.31121
1.35333
1.3865
1.41063
1.42923
1.44418
1.45652
1.46691
1.4758
1.48336
1.49171
0.886907
0.907261
0.950407
0.996063
1.04438
1.09485
1.14676
1.19924
1.25121
1.30135
1.34627
1.38054
1.40483
1.42324
1.43787
1.44985
1.45984
1.46834
1.47549
1.48314
0.842565
0.863725
0.909544
0.958802
1.0114
1.06675
1.12391
1.18165
1.23841
1.29229
1.33915
1.37343
1.39679
1.41406
1.42764
1.43873
1.44801
1.45591
1.46265
1.46967
0.802986
0.82503
0.873265
0.925517
0.981824
1.04143
1.10325
1.16574
1.22687
1.28407
1.3322
1.36554
1.38698
1.40225
1.41412
1.42387
1.43214
1.4393
1.44556
1.45186
0.766302
0.789366
0.839707
0.89481
0.95448
1.01802
1.08413
1.15109
1.21639
1.27672
1.32571
1.3573
1.37585
1.38818
1.39759
1.40546
1.41237
1.41857
1.42414
1.42992
0.73134
0.755466
0.807881
0.865648
0.928551
0.995761
1.06601
1.13729
1.20674
1.27025
1.31998
1.34919
1.36381
1.37211
1.3781
1.38339
1.38848
1.39344
1.39822
1.40328
0.697475
0.722544
0.776972
0.837356
0.903336
0.974123
1.04837
1.12396
1.19766
1.26462
1.3153
1.34174
1.35135
1.35426
1.35555
1.35727
1.35985
1.36315
1.3669
1.37109
0.664363
0.689874
0.746506
0.809447
0.878413
0.952668
1.03085
1.11073
1.18889
1.25972
1.31194
1.33554
1.33911
1.33493
1.3298
1.32649
1.32554
1.32654
1.32889
1.33212
0.631303
0.657275
0.716128
0.781572
0.853478
0.931108
1.01312
1.09732
1.18008
1.25539
1.31004
1.33126
1.32793
1.31468
1.30074
1.29031
1.28426
1.28195
1.28232
1.28439
0.598231
0.624788
0.68573
0.753618
0.828345
0.909254
0.995001
1.08346
1.17101
1.25134
1.30967
1.32958
1.31896
1.29447
1.26855
1.24788
1.23434
1.22717
1.22472
1.22537
0.564991
0.592175
0.6552
0.725484
0.802966
0.886993
0.97634
1.06894
1.16136
1.24723
1.31062
1.3311
1.31367
1.27587
1.23388
1.19843
1.17364
1.15908
1.1524
1.15101
0.531831
0.559604
0.624668
0.697238
0.777333
0.864349
0.957097
1.05369
1.15089
1.24268
1.31255
1.33615
1.31369
1.26131
1.19836
1.14155
1.09955
1.07341
1.06016
1.05578
0.498469
0.527043
0.594126
0.668943
0.751534
0.841354
0.937306
1.03763
1.13943
1.23728
1.31483
1.34461
1.3206
1.25412
1.16516
1.07773
1.00904
0.964369
0.940597
0.931773
0.465335
0.494751
0.563752
0.640726
0.725679
0.818096
0.917035
1.02081
1.12691
1.23069
1.31675
1.35576
1.33532
1.25836
1.13963
1.00912
0.898585
0.82367
0.783032
0.767156
0.432649
0.462853
0.533741
0.612759
0.699925
0.79477
0.896383
1.0033
1.1133
1.22263
1.31745
1.36828
1.35765
1.27789
1.12964
0.940309
0.762357
0.636732
0.570565
0.546741
0.40075
0.431584
0.504237
0.585151
0.674436
0.771536
0.875538
0.985192
1.09866
1.213
1.31619
1.38034
1.38556
1.31481
1.14529
0.879048
0.583365
0.367286
0.268495
0.241991
0.369341
0.401005
0.475359
0.558154
0.649373
0.74849
0.854669
0.966722
1.08313
1.20174
1.31247
1.3899
1.41511
1.36688
1.19657
0.836048
0.299874
-0.133249
-0.237631
-0.184928
0.339
0.37119
0.447263
0.531873
0.624905
0.725895
0.833953
0.948049
1.06691
1.18896
1.30591
1.39523
1.44109
1.42524
1.28626
0.832267
-0.334134
-1.54823
-1.30496
-0.65598
0.309101
0.342027
0.419951
0.506304
0.601014
0.703584
0.813446
0.929318
1.05009
1.17483
1.29648
1.39511
1.45883
1.47591
1.38587
0.94491
-0.593318
-2.78102
-2.45394
-0.853657
0.279637
0.313407
0.393576
0.481395
0.577423
0.681214
0.792432
0.909619
1.03178
1.15822
1.28305
1.38807
1.4641
1.50555
1.4711
1.19026
0.228598
-0.808325
-1.03982
-0.772264
0.250309
0.285619
0.368632
0.457509
0.554316
0.659108
0.77148
0.889389
1.01236
1.13987
1.26618
1.37358
1.45368
1.50222
1.48367
1.2956
0.848408
0.31111
0.141197
0.130633
0.220944
0.260325
0.344646
0.434186
0.531316
0.637242
0.750388
0.868598
0.991704
1.1194
1.2457
1.35163
1.42794
1.46978
1.44599
1.30109
1.0012
0.704286
0.47167
0.396116
0.202774
0.244132
0.323879
0.413211
0.510832
0.617514
0.728979
0.848386
0.972244
1.09976
1.22384
1.32453
1.39031
1.41653
1.37568
1.2439
1.00354
0.774854
0.594804
0.486682
0.246723
0.259439
0.343046
0.435506
0.537853
0.648833
0.766598
0.888082
1.01197
1.1379
1.24702
1.32045
1.35008
1.32072
1.21902
1.03172
0.825565
0.655841
0.514984
0.351843
0.17705
0.243066
0.322835
0.415579
0.519031
0.631335
0.74653
0.868275
0.993207
1.11917
1.22474
1.28733
1.30022
1.25195
1.12767
0.932505
0.715032
0.549968
0.390071
0.199127
0.112306
0.211101
0.29422
0.391448
0.496706
0.60915
0.726341
0.847407
0.969885
1.09057
1.18643
1.23691
1.23211
1.15909
1.01344
0.805112
0.55989
0.379144
0.198347
-0.0877668
0.0696983
0.176259
0.266869
0.365135
0.47079
0.582463
0.698397
0.81812
0.938351
1.05524
1.14536
1.18593
1.16909
1.08394
0.922385
0.689501
0.392089
0.14091
-0.112735
-0.623179
0.0279698
0.139227
0.232372
0.333378
0.440834
0.554145
0.672262
0.792779
0.913261
1.0277
1.11089
1.14134
1.11219
1.01419
0.839237
0.589799
0.221569
-0.147268
-0.627884
-1.90644
-0.00803178
0.107246
0.203363
0.30586
0.414613
0.52855
0.646801
0.766982
0.885818
0.996553
1.07381
1.09637
1.05905
0.955046
0.775395
0.520825
0.0980127
-0.434826
-1.08917
-3.16859
-0.0453217
0.0704482
0.168175
0.272385
0.382713
0.498306
0.618089
0.739241
0.857869
0.966612
1.03957
1.05731
1.017
0.915438
0.747575
0.498972
0.142241
-0.436258
-0.923275
-1.0841
-0.0825883
0.0342515
0.132938
0.238697
0.350705
0.468003
0.588911
0.710552
0.828639
0.935497
1.00559
1.02148
0.983876
0.894859
0.756603
0.56865
0.331187
0.00732385
-0.380539
-0.457408
-0.118808
-0.00263594
0.096572
0.203463
0.317014
0.435864
0.557909
0.68022
0.798241
0.904313
0.973334
0.990963
0.962218
0.895375
0.801225
0.695331
0.591878
0.500081
0.451778
0.465328
-0.156809
-0.0412671
0.0583075
0.16645
0.281599
0.402044
0.525378
0.648522
0.766931
0.873272
0.942986
0.966024
0.951048
0.910516
0.858727
0.810801
0.779402
0.771318
0.789738
0.816858
-0.201149
-0.0826298
0.018141
0.127768
0.244641
0.366741
0.491586
0.615955
0.735301
0.843045
0.915314
0.947863
0.948759
0.933424
0.915285
0.904354
0.906184
0.920711
0.944569
0.964382
-0.2473
-0.12655
-0.0238687
0.0876355
0.20634
0.330314
0.456871
0.582795
0.703792
0.813982
0.891927
0.934276
0.951938
0.958575
0.964725
0.975844
0.99318
1.01538
1.04002
1.05917
-0.297929
-0.172521
-0.0674535
0.0462304
0.167087
0.293091
0.421606
0.549529
0.672919
0.786664
0.872737
0.92442
0.957753
0.982343
1.00521
1.02937
1.05499
1.08096
1.10604
1.12409
-0.349336
-0.219936
-0.11206
0.00411779
0.127363
0.255578
0.386333
0.516611
0.642993
0.761295
0.855587
0.920149
0.965317
1.00283
1.0368
1.0689
1.09912
1.12696
1.1522
1.17038
-0.400508
-0.267093
-0.156573
-0.0378646
0.0877918
0.218361
0.351531
0.484464
0.614269
0.737769
0.840452
0.914769
0.971261
1.01862
1.06006
1.09699
1.12979
1.15874
1.18384
1.20247
-0.448461
-0.312708
-0.199835
-0.0787451
0.0492289
0.182202
0.317787
0.453518
0.586913
0.716056
0.825968
0.909955
0.975178
1.02936
1.07569
1.11557
1.14985
1.17922
1.20428
1.2224
-0.495106
-0.355973
-0.240836
-0.117446
0.0126956
0.147877
0.285788
0.424177
0.561096
0.695616
0.812902
0.904197
0.975946
1.03494
1.08434
1.12595
1.16094
1.19046
1.21553
1.23347
-0.536185
-0.394957
-0.27779
-0.152615
-0.020579
0.116365
0.256201
0.396817
0.536793
0.676008
0.799285
0.896306
0.972762
1.03494
1.0863
1.12887
1.16425
1.19377
1.21877
1.2366
-0.570481
-0.427321
-0.308774
-0.182333
-0.049215
0.0888361
0.229776
0.371824
0.513957
0.656604
0.78431
0.885293
0.964846
1.02908
1.08158
1.12471
1.16026
1.18977
1.21469
1.23239
-0.594858
-0.451068
-0.33184
-0.204852
-0.0714742
0.0665679
0.207395
0.349518
0.492428
0.636796
0.766988
0.870246
0.9515
1.01685
1.06995
1.11335
1.14902
1.17849
1.20343
1.22095
-0.606416
-0.462231
-0.34347
-0.217398
-0.0853668
0.0509374
0.189918
0.33037
0.472057
0.615928
0.746362
0.850133
0.931808
0.997435
1.0507
1.0942
1.12994
1.15949
1.18452
1.20211
-0.598944
-0.45672
-0.340025
-0.21677
-0.0883215
0.0438244
0.17843
0.314703
0.452614
0.593341
0.721471
0.823728
0.904453
0.969474
1.02242
1.06581
1.10158
1.13119
1.15685
1.17413
-0.56722
-0.42865
-0.316242
-0.198849
-0.0773304
0.0472262
0.174111
0.302934
0.433937
0.568347
0.691232
0.789625
0.867612
0.930814
0.982707
1.02562
1.06135
1.09118
1.11739
1.1348
-0.499338
-0.369179
-0.265593
-0.159009
-0.0494981
0.0628502
0.177806
0.295377
0.415938
0.540468
0.654741
0.746311
0.819033
0.878301
0.927458
0.968766
1.00382
1.03368
1.06036
1.07818
-0.376
-0.266069
-0.181137
-0.0937932
-0.0031269
0.0913555
0.189798
0.292222
0.398718
0.509704
0.61167
0.692927
0.756902
0.808682
0.851477
0.887668
0.919036
0.946869
0.972386
0.990631
-0.151912
-0.110593
-0.0612353
-0.00452067
0.0596305
0.13088
0.208854
0.293144
0.383237
0.478627
0.566416
0.635515
0.688679
0.730269
0.76315
0.78926
0.810266
0.827905
0.843691
0.856326
0.0416255
0.0504176
0.0673152
0.0935336
0.129789
0.176235
0.23261
0.298291
0.372379
0.45373
0.53005
0.590092
0.63547
0.669848
0.695791
0.715149
0.729112
0.738399
0.743635
0.746135
0.139609
0.143628
0.151908
0.16578
0.186883
0.2167
0.256205
0.305675
0.364673
0.432044
0.496568
0.547338
0.585039
0.612642
0.632372
0.645962
0.654862
0.660341
0.663377
0.664793
0.195315
0.197757
0.202797
0.21155
0.225367
0.245699
0.273914
0.31101
0.357265
0.411966
0.465415
0.507545
0.53841
0.56047
0.575781
0.586038
0.592606
0.596557
0.598696
0.599715
0.229767
0.231451
0.234858
0.240793
0.250322
0.264716
0.285316
0.3133
0.349344
0.393187
0.436784
0.471258
0.496314
0.513968
0.526015
0.533954
0.538966
0.541957
0.54358
0.544365
0.25025
0.251463
0.253896
0.258141
0.265013
0.275532
0.290857
0.312138
0.340201
0.375068
0.410249
0.43819
0.458418
0.472559
0.482127
0.488382
0.492306
0.494638
0.495907
0.496521
0.261139
0.262036
0.263831
0.266966
0.272056
0.279908
0.291485
0.307801
0.329666
0.357273
0.385463
0.407952
0.424212
0.435535
0.443159
0.448125
0.451233
0.453078
0.454082
0.454568
0.26511
0.265788
0.267138
0.269495
0.273338
0.279294
0.288139
0.300726
0.317791
0.339594
0.362067
0.380079
0.393108
0.402166
0.408255
0.41221
0.414678
0.416145
0.416942
0.417328
0.263958
0.264475
0.265505
0.267303
0.270238
0.274804
0.281618
0.291377
0.304721
0.321921
0.339782
0.354154
0.364561
0.371793
0.376648
0.379805
0.38178
0.38295
0.383584
0.383888
0.258941
0.25934
0.26013
0.261514
0.263778
0.267306
0.272586
0.280187
0.290635
0.304193
0.318355
0.329791
0.338086
0.343856
0.34773
0.350243
0.351809
0.352738
0.353243
0.353485
0.250981
0.251289
0.251902
0.252976
0.254731
0.25747
0.26158
0.267513
0.275708
0.286394
0.297606
0.30669
0.313289
0.317879
0.320962
0.322962
0.32421
0.324948
0.325347
0.325538
0.240753
0.240992
0.241468
0.242301
0.243668
0.245804
0.249014
0.25366
0.260095
0.268515
0.277383
0.284585
0.289822
0.29347
0.295919
0.297508
0.298498
0.299086
0.299407
0.29956
0.228769
0.228956
0.229328
0.22998
0.231046
0.232714
0.235226
0.238867
0.243923
0.250556
0.257562
0.263264
0.267419
0.270313
0.272259
0.273525
0.274315
0.274783
0.275035
0.275153
0.215419
0.215565
0.215855
0.216364
0.217198
0.218505
0.220474
0.223332
0.227306
0.232533
0.238064
0.242575
0.245866
0.24816
0.249701
0.2507
0.251321
0.251686
0.251884
0.251979
0.201003
0.201117
0.201344
0.201742
0.202396
0.20342
0.204963
0.207205
0.21033
0.214445
0.218807
0.222369
0.22497
0.226784
0.228
0.22879
0.229284
0.229577
0.229736
0.22981
0.185751
0.185841
0.18602
0.186332
0.186844
0.187646
0.188858
0.190621
0.193077
0.196313
0.199752
0.20256
0.204609
0.206038
0.207003
0.207631
0.208022
0.208253
0.208379
0.208438
0.169851
0.16992
0.170059
0.170303
0.170706
0.171335
0.172284
0.173665
0.175592
0.178136
0.18084
0.183052
0.184669
0.185801
0.18656
0.18705
0.187356
0.187535
0.187629
0.187675
0.153437
0.153492
0.153601
0.153793
0.154107
0.154599
0.155342
0.156422
0.157931
0.159927
0.162048
0.163787
0.16506
0.165948
0.166544
0.166932
0.167173
0.167316
0.167394
0.16743
0.136628
0.13667
0.136755
0.136903
0.137147
0.137531
0.138112
0.138958
0.140137
0.141696
0.143354
0.144711
0.145701
0.146392
0.146858
0.14716
0.14735
0.147462
0.147522
0.14755
0.119507
0.11954
0.119605
0.119721
0.119911
0.120207
0.120656
0.121311
0.122226
0.123435
0.124723
0.125778
0.126551
0.127093
0.127459
0.127697
0.127843
0.12793
0.127978
0.128001
0.102143
0.102169
0.10222
0.10231
0.102456
0.102683
0.103027
0.10353
0.104231
0.10516
0.106149
0.106961
0.107557
0.107974
0.108252
0.108433
0.108548
0.108616
0.108651
0.108668
0.0845972
0.0846165
0.0846544
0.0847203
0.084829
0.0850026
0.0852651
0.0856455
0.086176
0.0868763
0.0876222
0.0882343
0.0886811
0.0889915
0.0892003
0.0893364
0.0894209
0.0894698
0.0894955
0.0895088
0.0669079
0.0669218
0.0669496
0.0670009
0.0670832
0.0672123
0.0674039
0.0676814
0.0680677
0.0685765
0.0691206
0.0695728
0.06991
0.0701471
0.070301
0.0703963
0.0704573
0.0704987
0.0705212
0.0705325
0.0491346
0.0491502
0.049174
0.04921
0.049266
0.0493504
0.0494797
0.0496686
0.0499326
0.0502767
0.0506441
0.050954
0.0511895
0.0513572
0.0514791
0.0515627
0.05161
0.0516309
0.0516474
0.0516456
0.0313161
0.0313136
0.0313221
0.0313446
0.0313533
0.0314039
0.0314929
0.0316128
0.0317784
0.0319836
0.0321943
0.0323624
0.0324944
0.0326272
0.0327328
0.032814
0.0328568
0.0328251
0.0328781
0.032907
0.013579
0.0135821
0.0135157
0.0134625
0.0133846
0.0132958
0.0132783
0.0133317
0.0134121
0.0135089
0.0136167
0.0137044
0.0137615
0.0137774
0.0137936
0.0138853
0.0141507
0.0144557
0.0143104
0.0144541
-0.590721
-0.161943
0.115383
0.279421
0.366849
0.337991
0.224275
-0.0501776
-0.319975
0.0044673
-0.0228302
0.115817
0.190347
0.249947
0.250897
0.196027
0.0932401
-0.017266
-0.0509074
-0.0440986
0.144395
0.197229
0.213233
0.219603
0.195364
0.157366
0.112695
0.0816766
0.0770062
0.107994
0.215405
0.23355
0.232309
0.227404
0.212362
0.192882
0.179956
0.178874
0.197726
0.239628
0.261272
0.269133
0.266953
0.266499
0.263549
0.261252
0.26602
0.281845
0.310852
0.348194
0.310585
0.319509
0.321671
0.327616
0.33463
0.344132
0.359158
0.382733
0.410629
0.439809
0.373689
0.385543
0.392315
0.403421
0.417187
0.432835
0.451443
0.475969
0.501988
0.527318
0.450231
0.464029
0.474316
0.488058
0.504714
0.522418
0.541159
0.563939
0.587069
0.609436
0.535827
0.550548
0.562057
0.576417
0.593268
0.610598
0.628014
0.648285
0.668732
0.689218
0.626755
0.640701
0.65267
0.666698
0.682758
0.698751
0.715249
0.731299
0.747265
0.763879
0.721403
0.733456
0.744444
0.758104
0.772345
0.785602
0.797836
0.809246
0.820041
0.828732
0.806399
0.819143
0.831794
0.846317
0.860809
0.872889
0.882223
0.890962
0.89548
0.897843
0.911029
0.930149
0.947827
0.964527
0.976797
0.986736
0.995427
0.999635
0.999488
0.998423
0.994198
1.01314
1.02864
1.04133
1.0531
1.06268
1.06971
1.07471
1.07903
1.08399
1.15966
1.1864
1.20131
1.2111
1.21839
1.2269
1.23791
1.25056
1.25801
1.26783
1.45971
1.41185
1.3684
1.33744
1.3239
1.32669
1.34789
1.3899
1.45135
1.54272
1.67437
1.67665
1.66882
1.65687
1.64428
1.63275
1.62283
1.61474
1.60886
1.60596
1.60713
1.61185
1.61902
1.62814
1.63894
1.65115
1.66376
1.67435
1.67771
1.67565
1.60798
1.61073
1.61087
1.60834
1.60368
1.59764
1.59101
1.58471
1.57965
1.57702
1.5781
1.58226
1.58828
1.59498
1.60151
1.60701
1.61072
1.61191
1.61033
1.60795
1.60638
1.60673
1.60667
1.60568
1.60414
1.60139
1.59776
1.59382
1.5904
1.58855
1.5894
1.59252
1.59642
1.60039
1.6037
1.60588
1.60731
1.60778
1.60753
1.60706
1.58959
1.58953
1.58927
1.58867
1.58762
1.58603
1.58392
1.58153
1.57934
1.57816
1.57883
1.58088
1.58351
1.58595
1.58791
1.58928
1.59013
1.59055
1.5907
1.5907
1.57677
1.57671
1.57654
1.5762
1.57561
1.57471
1.57349
1.57205
1.5707
1.56999
1.57053
1.57206
1.57375
1.57527
1.57644
1.57724
1.57772
1.57796
1.57805
1.57804
1.56447
1.56447
1.5644
1.56423
1.56391
1.56341
1.56272
1.56191
1.56116
1.56084
1.56132
1.56236
1.56349
1.56449
1.56523
1.56572
1.56602
1.56616
1.56622
1.56622
1.55284
1.55284
1.55281
1.55272
1.55256
1.55231
1.55196
1.55155
1.5512
1.55116
1.55164
1.55245
1.55325
1.55392
1.55441
1.55473
1.55492
1.55502
1.55505
1.55505
1.54156
1.54155
1.54153
1.54149
1.54142
1.54131
1.54118
1.54104
1.54098
1.54117
1.5417
1.54237
1.54301
1.5435
1.54386
1.54409
1.54422
1.54429
1.54432
1.54431
1.53037
1.53037
1.53036
1.53036
1.53035
1.53034
1.53036
1.53042
1.53059
1.53097
1.53159
1.53225
1.53281
1.53323
1.53352
1.5337
1.53381
1.53386
1.53388
1.53388
1.5192
1.5192
1.5192
1.51922
1.51926
1.51934
1.51947
1.51969
1.52006
1.52065
1.5214
1.52211
1.52267
1.52307
1.52335
1.52352
1.52361
1.52366
1.52368
1.52367
1.50795
1.50795
1.50797
1.50801
1.5081
1.50824
1.50848
1.50885
1.50942
1.51024
1.51118
1.51201
1.51263
1.51306
1.51335
1.51353
1.51363
1.51367
1.51369
1.51368
1.49657
1.49657
1.4966
1.49666
1.49679
1.49701
1.49736
1.49789
1.49868
1.49976
1.50097
1.50197
1.50271
1.50322
1.50355
1.50375
1.50386
1.50391
1.50393
1.50392
1.48496
1.48497
1.48501
1.4851
1.48528
1.48558
1.48605
1.48678
1.48783
1.48925
1.49078
1.49204
1.49294
1.49356
1.49396
1.49421
1.49434
1.49441
1.49443
1.49441
1.47306
1.47307
1.47312
1.47325
1.47348
1.47388
1.47452
1.47548
1.47685
1.47869
1.48066
1.48225
1.48339
1.48416
1.48465
1.48495
1.48512
1.4852
1.48523
1.48521
1.46076
1.46077
1.46084
1.461
1.46132
1.46184
1.46268
1.46394
1.46573
1.46811
1.47062
1.47265
1.47409
1.47506
1.47569
1.47607
1.47628
1.47638
1.47641
1.47639
1.44792
1.44793
1.44803
1.44825
1.44866
1.44935
1.45045
1.45209
1.45442
1.45749
1.46071
1.46329
1.46512
1.46636
1.46715
1.46762
1.46789
1.46802
1.46806
1.46803
1.43437
1.43439
1.43452
1.43481
1.43535
1.43627
1.43771
1.43986
1.44287
1.44683
1.45097
1.45425
1.45658
1.45814
1.45914
1.45975
1.46008
1.46024
1.46029
1.46026
1.41988
1.41991
1.42008
1.42048
1.4212
1.42241
1.42431
1.42712
1.43104
1.43615
1.44144
1.44562
1.44857
1.45055
1.45182
1.45258
1.453
1.45321
1.45327
1.45322
1.40414
1.40418
1.40442
1.40494
1.40592
1.40754
1.41006
1.41375
1.41886
1.42544
1.43219
1.4375
1.44123
1.44373
1.44533
1.4463
1.44683
1.44709
1.44717
1.44711
1.38667
1.38674
1.38707
1.3878
1.38913
1.39132
1.39469
1.39958
1.40624
1.41472
1.4233
1.43001
1.43472
1.43788
1.4399
1.44112
1.4418
1.44212
1.44222
1.44215
1.36684
1.36695
1.36743
1.36846
1.37031
1.37333
1.3779
1.38442
1.39314
1.40402
1.41489
1.42331
1.42923
1.43321
1.43576
1.43731
1.43818
1.43859
1.43872
1.43862
1.34363
1.34382
1.34455
1.34606
1.34873
1.35298
1.3593
1.36807
1.37951
1.39341
1.40706
1.41756
1.42495
1.42996
1.4332
1.43518
1.4363
1.43684
1.43701
1.43689
1.31542
1.31577
1.31695
1.31931
1.32334
1.32956
1.33847
1.35039
1.36537
1.38301
1.39994
1.41289
1.42206
1.42836
1.43252
1.43511
1.4366
1.43734
1.43758
1.43743
1.27926
1.28004
1.2822
1.28624
1.29276
1.30226
1.31511
1.33139
1.35088
1.37298
1.39366
1.4094
1.42066
1.42858
1.43398
1.4375
1.43961
1.44071
1.44111
1.44095
1.22889
1.23132
1.23626
1.24418
1.25556
1.27059
1.28929
1.31139
1.3364
1.36355
1.38831
1.40703
1.42063
1.4305
1.43759
1.44255
1.44584
1.44782
1.44875
1.4487
1.15067
1.16086
1.17429
1.19102
1.21129
1.23489
1.26155
1.29084
1.32216
1.35473
1.38363
1.40537
1.4214
1.43346
1.44263
1.44964
1.455
1.45911
1.46253
1.46253
1.05784
1.07925
1.10614
1.13499
1.16591
1.19889
1.23381
1.27036
1.30798
1.34597
1.37911
1.40408
1.42286
1.43754
1.44932
1.45893
1.46685
1.47343
1.47873
1.47888
0.974192
1.00774
1.04468
1.0834
1.1236
1.16513
1.2078
1.25123
1.29476
1.33764
1.37426
1.40158
1.4222
1.43851
1.45184
1.46293
1.47214
1.47976
1.48578
1.48673
0.916967
0.953141
0.994667
1.03922
1.08602
1.13443
1.18381
1.2334
1.28223
1.32922
1.36828
1.39673
1.41789
1.43448
1.44792
1.45897
1.46808
1.47552
1.48139
1.48262
0.868315
0.907378
0.952624
1.00159
1.05345
1.10739
1.16245
1.21744
1.2709
1.32121
1.36163
1.39002
1.41059
1.42646
1.43922
1.44971
1.45835
1.46545
1.47107
1.47245
0.82616
0.867509
0.915798
0.968404
1.02454
1.08322
1.14327
1.20309
1.26067
1.31365
1.35452
1.38182
1.40082
1.41519
1.42672
1.43625
1.44421
1.45081
1.45614
1.45763
0.787781
0.831382
0.882395
0.938251
0.998175
1.06114
1.12575
1.19005
1.25147
1.30671
1.34731
1.37256
1.38904
1.40113
1.41083
1.41901
1.42602
1.43198
1.43696
1.43847
0.751728
0.797525
0.851101
0.91
0.973455
1.04045
1.10937
1.17801
1.24318
1.30056
1.34041
1.3627
1.37564
1.3845
1.39165
1.39797
1.4037
1.40885
1.41336
1.41481
0.71714
0.765003
0.821059
0.882861
0.949707
1.02054
1.09368
1.16663
1.23566
1.29535
1.33425
1.35274
1.36095
1.36539
1.36902
1.37279
1.3768
1.38084
1.38473
1.38613
0.683449
0.733145
0.791643
0.856262
0.926394
1.00097
1.07826
1.15558
1.22873
1.29118
1.32925
1.34329
1.34539
1.34388
1.34261
1.34281
1.3444
1.34695
1.34995
1.35112
0.649824
0.701594
0.762465
0.829836
0.903151
0.981371
1.06277
1.14454
1.22217
1.28803
1.3259
1.33508
1.3296
1.3201
1.31201
1.30711
1.30529
1.30572
1.30752
1.30839
0.616505
0.670119
0.733271
0.803311
0.879741
0.96152
1.04695
1.13325
1.21569
1.28584
1.32456
1.32902
1.3145
1.29445
1.27679
1.26455
1.25771
1.25507
1.25522
1.25562
0.582961
0.638539
0.70398
0.776625
0.856007
0.941235
1.0306
1.12141
1.20896
1.28433
1.32552
1.32614
1.30149
1.26784
1.23677
1.21371
1.19937
1.19215
1.18987
1.18958
0.549444
0.606919
0.674582
0.749726
0.831977
0.920458
1.01361
1.10885
1.20169
1.28317
1.32878
1.3275
1.29251
1.24194
1.19217
1.15304
1.12718
1.11288
1.10693
1.10559
0.515902
0.575322
0.645135
0.722685
0.807665
0.899212
0.995937
1.09542
1.19356
1.28184
1.33401
1.33388
1.28996
1.21965
1.14434
1.08109
1.03714
1.01157
0.999905
0.996837
0.482543
0.54381
0.615719
0.695599
0.783134
0.877588
0.977611
1.08106
1.18433
1.2798
1.34052
1.34558
1.29646
1.20537
1.09631
0.996867
0.923988
0.880113
0.85922
0.853541
0.449524
0.512645
0.586528
0.668598
0.758546
0.855662
0.958688
1.06577
1.17385
1.27651
1.34732
1.36197
1.31407
1.20496
1.05394
0.900114
0.780029
0.705903
0.671618
0.662971
0.417097
0.481921
0.55771
0.641845
0.734035
0.833568
0.93936
1.0497
1.16208
1.27153
1.35313
1.38136
1.3433
1.22494
1.02665
0.790176
0.587955
0.467037
0.415437
0.404805
0.385399
0.451867
0.529446
0.615533
0.709789
0.811512
0.919705
1.03286
1.14903
1.26458
1.35671
1.40108
1.38188
1.27021
1.02795
0.661941
0.291017
0.089931
0.0436567
0.0554972
0.35439
0.422414
0.501818
0.589755
0.685927
0.789684
0.899942
1.01556
1.13484
1.25555
1.35711
1.41789
1.42399
1.33939
1.074
0.483048
-0.356286
-0.744608
-0.53901
-0.33121
0.324349
0.393901
0.475049
0.564743
0.662607
0.76815
0.880182
0.997714
1.11969
1.2445
1.35367
1.42889
1.46097
1.41769
1.18324
0.286911
-1.81745
-2.69663
-1.2599
-0.663292
0.294551
0.365994
0.449078
0.540255
0.639575
0.746661
0.860186
0.979245
1.1031
1.23089
1.34562
1.43188
1.48556
1.4817
1.31484
0.605057
-1.07948
-2.12989
-1.56614
-0.738692
0.265256
0.339129
0.42386
0.516235
0.616741
0.725016
0.839843
0.959879
1.08505
1.21457
1.33243
1.4247
1.48996
1.511
1.4134
1.0059
0.186933
-0.255878
-0.28236
-0.219888
0.235849
0.314322
0.399969
0.493452
0.595188
0.704354
0.819621
0.940686
1.06614
1.19583
1.31394
1.4064
1.47087
1.49165
1.4172
1.14675
0.759581
0.404718
0.334508
0.256819
0.208623
0.292855
0.378448
0.472168
0.574346
0.684112
0.799228
0.920809
1.04597
1.17452
1.29027
1.37785
1.43144
1.43902
1.36185
1.15369
0.878456
0.649692
0.506416
0.39269
0.720925
0.841246
0.965529
1.09301
1.21529
1.31286
1.37291
0.493646
0.191102
0.215235
0.291332
0.378689
0.478684
0.585302
0.698301
0.817606
0.939929
1.06377
1.18024
1.26962
1.31517
1.30982
1.23355
1.0864
0.864476
0.680285
0.523065
0.152505
0.190855
0.268755
0.355804
0.454915
0.56115
0.674737
0.794633
0.917339
1.0408
1.15407
1.23618
1.26907
1.24225
1.14516
0.980363
0.750569
0.556262
0.393759
0.112228
0.153789
0.236152
0.328124
0.429919
0.538727
0.65521
0.775279
0.89601
1.01554
1.12374
1.19314
1.21032
1.16627
1.04849
0.859456
0.605751
0.364092
0.166123
0.0729176
0.114805
0.20318
0.298485
0.401041
0.510679
0.625991
0.745793
0.866406
0.985116
1.0891
1.1525
1.15985
1.10382
0.97357
0.769808
0.475522
0.151682
-0.162821
0.0374756
0.0790003
0.169863
0.268207
0.373061
0.484394
0.601393
0.721544
0.84178
0.958308
1.05761
1.11226
1.109
1.04199
0.902143
0.686621
0.367505
-0.0707247
-0.567605
0.00194921
0.0435999
0.137705
0.237929
0.344132
0.456514
0.57319
0.69334
0.813471
0.928882
1.02481
1.07385
1.06437
0.993236
0.854495
0.636892
0.332557
-0.199721
-0.783452
-1.3262
-0.0359363
0.0058215
0.100701
0.202487
0.310843
0.425104
0.543579
0.664832
0.785298
0.899738
0.99264
1.03771
1.02586
0.957775
0.831906
0.643816
0.381678
0.00626443
-0.530135
-0.873731
-0.072006
-0.0301754
0.064892
0.167625
0.277374
0.393109
0.512816
0.634809
0.755487
0.869255
0.960151
1.00392
0.994331
0.937286
0.838121
0.705619
0.548832
0.374028
0.179885
0.0594328
-0.108672
-0.0675298
0.0269699
0.130598
0.24186
0.359233
0.480489
0.603563
0.724629
0.838202
0.928485
0.973919
0.971091
0.931489
0.866629
0.791748
0.72312
0.673027
0.653721
0.673599
-0.148419
-0.107344
-0.0125473
0.0920192
0.20474
0.323685
0.446597
0.570897
0.692874
0.80698
0.898585
0.948401
0.955905
0.936757
0.904336
0.872444
0.852291
0.850024
0.864805
0.891186
-0.193157
-0.151033
-0.0545244
0.0517405
0.1662
0.286929
0.411583
0.537389
0.660649
0.776075
0.871083
0.926406
0.947017
0.948587
0.943068
0.940761
0.946871
0.962088
0.983676
1.00677
-0.239891
-0.196804
-0.0982893
0.00996157
0.126379
0.249059
0.375655
0.503274
0.628398
0.746108
0.845685
0.907455
0.94378
0.963208
0.978218
0.994832
1.01518
1.03856
1.06295
1.08543
-0.289388
-0.245075
-0.143773
-0.0329913
0.085685
0.210567
0.339303
0.46907
0.596508
0.717514
0.82249
0.895225
0.944131
0.977946
1.00772
1.03643
1.06489
1.09249
1.11822
1.14008
-0.339441
-0.293916
-0.18975
-0.0763722
0.0447655
0.171991
0.303026
0.435167
0.565443
0.690438
0.801408
0.884986
0.94438
0.990811
1.0309
1.06724
1.10044
1.13032
1.15661
1.17835
-0.387741
-0.341272
-0.23494
-0.119153
0.00440092
0.134027
0.267444
0.402172
0.535455
0.664764
0.781972
0.875891
0.944341
1.00009
1.04747
1.08875
1.12475
1.15589
1.18242
1.20367
-0.433298
-0.386554
-0.278239
-0.160275
-0.0343799
0.0975296
0.233277
0.370528
0.506898
0.640549
0.764745
0.866674
0.943434
1.00569
1.05786
1.10212
1.1397
1.17141
1.19794
1.21837
-0.47686
-0.429089
-0.318627
-0.198382
-0.0704614
0.0634716
0.201293
0.340814
0.480039
0.617745
0.748056
0.856815
0.939814
1.00675
1.06208
1.10816
1.14662
1.1785
1.20485
1.22475
-0.513475
-0.465323
-0.353453
-0.231781
-0.102308
0.033044
0.172404
0.313593
0.455032
0.596022
0.731211
0.844986
0.932536
1.00274
1.06006
1.10724
1.14609
1.17801
1.20416
1.22368
-0.542776
-0.494275
-0.381196
-0.258611
-0.128322
0.0077102
0.147604
0.289471
0.431977
0.575014
0.713405
0.830516
0.920924
0.99309
1.0516
1.09933
1.13836
1.17022
1.19611
1.2151
-0.560326
-0.51182
-0.39882
-0.27634
-0.14642
-0.0109999
0.127982
0.268996
0.411055
0.554305
0.693806
0.812369
0.904069
0.977102
1.03611
1.0841
1.12321
1.15498
1.18078
1.19962
-0.56296
-0.514868
-0.402864
-0.281739
-0.153878
-0.0211126
0.114902
0.252914
0.392308
0.533445
0.671592
0.789466
0.880837
0.95369
1.01258
1.06052
1.09959
1.1314
1.15702
1.17564
-0.54425
-0.497128
-0.38814
-0.270719
-0.14759
-0.0202838
0.109863
0.242
0.375851
0.512013
0.645941
0.76061
0.849803
0.921195
0.979215
1.02668
1.06558
1.0974
1.12302
1.14187
-0.497149
-0.451704
-0.348098
-0.238207
-0.123721
-0.00595854
0.114397
0.236987
0.361862
0.489701
0.616077
0.724607
0.809256
0.877342
0.93312
0.979229
1.01744
1.04905
1.07474
1.09403
-0.409037
-0.366628
-0.274833
-0.178687
-0.0791052
0.0235431
0.129279
0.238164
0.350367
0.466333
0.58157
0.68052
0.757504
0.819404
0.870286
0.912768
0.948442
0.978507
1.00351
1.02382
-0.252674
-0.226036
-0.160665
-0.089466
-0.0133872
0.0675999
0.153653
0.244713
0.340612
0.441233
0.541764
0.627553
0.693322
0.745177
0.786951
0.821066
0.849092
0.871803
0.889905
0.904132
-0.0486641
-0.0349302
-0.00952593
0.0252593
0.0695404
0.123211
0.18582
0.25681
0.33543
0.420851
0.507885
0.582362
0.638728
0.681992
0.715408
0.741348
0.761587
0.77754
0.789642
0.797525
0.0978103
0.101299
0.109335
0.123718
0.146206
0.178154
0.220221
0.272438
0.334286
0.404762
0.478774
0.54274
0.59065
0.626453
0.652933
0.672088
0.685354
0.693919
0.698945
0.70151
0.169988
0.171862
0.176455
0.184962
0.198731
0.21928
0.248047
0.286075
0.333721
0.390502
0.451927
0.50557
0.545441
0.574556
0.595315
0.609657
0.619176
0.62518
0.628669
0.630416
0.214166
0.215463
0.218417
0.223898
0.233001
0.247042
0.267423
0.29544
0.331963
0.377064
0.427145
0.471346
0.504042
0.527555
0.543979
0.555081
0.562296
0.566751
0.569308
0.570605
0.241056
0.241987
0.244059
0.247888
0.254285
0.264295
0.279138
0.300068
0.328114
0.36369
0.404036
0.439999
0.466563
0.485502
0.498573
0.507299
0.512911
0.516354
0.518326
0.519332
0.256427
0.257113
0.258621
0.261404
0.266069
0.27343
0.284476
0.30031
0.321939
0.349912
0.38216
0.411166
0.432599
0.447812
0.458248
0.465177
0.469611
0.472324
0.473876
0.474669
0.263655
0.264173
0.265299
0.267374
0.270859
0.276381
0.284733
0.296836
0.313583
0.335548
0.3612
0.384446
0.401656
0.413854
0.422194
0.427712
0.431233
0.433382
0.434612
0.43524
0.264928
0.265322
0.266175
0.267747
0.270391
0.274596
0.280987
0.290309
0.303324
0.320574
0.340911
0.359459
0.373225
0.382977
0.389639
0.394041
0.396849
0.398564
0.399544
0.400042
0.261746
0.262049
0.262703
0.263907
0.265936
0.269167
0.274094
0.281318
0.291466
0.305015
0.321111
0.335868
0.346847
0.354632
0.359946
0.363455
0.365695
0.367062
0.367843
0.368239
0.25519
0.255423
0.255928
0.256859
0.258427
0.260928
0.26475
0.27037
0.278303
0.28895
0.30167
0.313382
0.322117
0.328316
0.332554
0.335353
0.337132
0.338214
0.338832
0.339147
0.24604
0.246222
0.246614
0.247336
0.248554
0.250498
0.253476
0.257865
0.264078
0.272452
0.282498
0.291783
0.298722
0.30365
0.307015
0.309235
0.310652
0.311518
0.31201
0.31226
0.234898
0.235039
0.235343
0.235906
0.236856
0.238372
0.240697
0.244132
0.249006
0.255593
0.263521
0.270868
0.276368
0.280279
0.282956
0.284726
0.285852
0.286536
0.286929
0.287128
0.222199
0.222309
0.222548
0.222987
0.223729
0.224915
0.226735
0.229428
0.233254
0.238436
0.244691
0.2505
0.254858
0.257959
0.26008
0.261482
0.262376
0.262921
0.263229
0.263385
0.208296
0.208382
0.208568
0.208911
0.20949
0.210419
0.211845
0.213956
0.216962
0.22104
0.225971
0.23056
0.234007
0.236463
0.238142
0.239249
0.239953
0.240382
0.240626
0.240751
0.193441
0.193508
0.193653
0.193923
0.194378
0.195107
0.196226
0.197882
0.200243
0.203451
0.207335
0.210954
0.213672
0.21561
0.216937
0.217815
0.218375
0.218715
0.218908
0.219005
0.177852
0.177905
0.17802
0.178231
0.178586
0.179156
0.180033
0.181334
0.183189
0.185709
0.188766
0.191619
0.193761
0.195288
0.196335
0.197028
0.19747
0.197739
0.197893
0.19797
0.161682
0.161723
0.161812
0.161978
0.162258
0.162706
0.163393
0.164409
0.165861
0.167839
0.17024
0.172481
0.17417
0.175379
0.176206
0.17675
0.177095
0.177304
0.177423
0.177483
0.145065
0.145097
0.145166
0.145294
0.145511
0.14586
0.146398
0.147195
0.148331
0.14988
0.15176
0.153516
0.15484
0.155782
0.156426
0.156852
0.157124
0.157288
0.157381
0.157429
0.12809
0.128116
0.128171
0.128272
0.12844
0.128709
0.129127
0.129748
0.130634
0.13184
0.133304
0.134672
0.135701
0.136436
0.136941
0.137277
0.137491
0.137623
0.137698
0.137735
0.110845
0.110863
0.110903
0.110981
0.111113
0.111324
0.111645
0.112122
0.112805
0.113736
0.114867
0.115927
0.116727
0.117301
0.117694
0.117952
0.118116
0.118217
0.118275
0.118303
0.0933844
0.0933996
0.0934332
0.0934923
0.0935903
0.0937488
0.0939951
0.0943605
0.0948815
0.0955907
0.0964524
0.0972587
0.0978668
0.0983004
0.0985958
0.098793
0.0989195
0.0989938
0.0990343
0.0990567
0.0757613
0.075771
0.0757948
0.07584
0.0759165
0.0760386
0.0762236
0.0764959
0.0768842
0.0774119
0.0780524
0.0786532
0.0791081
0.0794346
0.0796566
0.0798015
0.0798938
0.0799523
0.079986
0.0800019
0.0580288
0.0580362
0.0580548
0.0580876
0.0581421
0.0582314
0.0583632
0.0585562
0.0588311
0.0592034
0.0596549
0.0600826
0.0604121
0.0606533
0.0608238
0.0609351
0.0610007
0.061036
0.0610492
0.0610577
0.0402502
0.0402558
0.0402626
0.0402572
0.0403007
0.0403461
0.0404278
0.0405545
0.0407379
0.0409812
0.0412693
0.0415452
0.0417546
0.041919
0.0420544
0.0421394
0.0421827
0.0422214
0.0422527
0.0422482
0.022396
0.0224015
0.0223876
0.0223095
0.0223201
0.0223272
0.0223796
0.0224518
0.0225518
0.022669
0.0228122
0.0229506
0.0230621
0.0231649
0.0232508
0.0233359
0.0234108
0.0234208
0.0235562
0.0236399
0.0135759
0.013568
0.0134637
0.0134673
0.0133319
0.0132776
0.0133003
0.0133715
0.0134594
0.0135628
0.0136641
0.0137357
0.0137748
0.0137788
0.0138247
0.0139866
0.014348
0.0143479
0.0144002
0.00583
-0.533702
-0.151576
0.0689613
0.227771
0.295923
0.287489
0.202995
0.0376745
-0.136818
-0.137886
-0.0317243
0.0736082
0.173475
0.224553
0.229369
0.195403
0.131007
0.0609892
0.0131996
-0.00331329
0.13663
0.17392
0.214321
0.220838
0.2093
0.185932
0.157168
0.134242
0.124709
0.132849
0.213018
0.225196
0.243517
0.244991
0.238253
0.229593
0.222743
0.223212
0.231664
0.255177
0.26345
0.270749
0.285774
0.29374
0.29622
0.299692
0.306615
0.319366
0.337986
0.363143
0.318062
0.328093
0.345024
0.35953
0.369631
0.381453
0.396423
0.41516
0.433877
0.456337
0.385973
0.398959
0.418654
0.437962
0.452806
0.469107
0.487215
0.507011
0.524184
0.543941
0.465655
0.482085
0.50277
0.52404
0.540468
0.557696
0.575671
0.594501
0.610916
0.627864
0.556119
0.572761
0.592333
0.613106
0.629439
0.646272
0.662972
0.679935
0.694125
0.709463
0.652998
0.668569
0.68675
0.705219
0.720712
0.735753
0.749725
0.763441
0.774207
0.784448
0.74841
0.761756
0.777571
0.793951
0.807591
0.821107
0.834339
0.843111
0.848537
0.849922
0.842541
0.858492
0.878276
0.895975
0.911022
0.924418
0.935746
0.944016
0.945351
0.939348
0.943795
0.967267
0.988174
1.00252
1.01395
1.02278
1.03011
1.0355
1.03896
1.03674
1.03873
1.06298
1.08081
1.09966
1.11635
1.12952
1.13801
1.14381
1.14972
1.15114
1.31533
1.31529
1.31547
1.30294
1.29172
1.28869
1.29972
1.32283
1.35266
1.37291
1.7057
1.52375
1.42483
1.36977
1.3428
1.33782
1.35193
1.38985
1.46121
1.60629
0.202823
0.236412
0.310968
0.400153
0.498612
0.60639
1.38589
1.33007
1.19298
0.969024
0.780503
0.610093
0.398219
0.243376
-0.0374608
-0.512633
-1.39227
)
;

boundaryField
{
    wall-4
    {
        type            zeroGradient;
    }
    pressure-outlet-7
    {
        type            fixedValue;
        value           uniform 0;
    }
    velocity-inlet-6
    {
        type            zeroGradient;
    }
    velocity-inlet-5
    {
        type            zeroGradient;
    }
    frontAndBackPlanes
    {
        type            empty;
    }
}


// ************************************************************************* //
