/*--------------------------------*- C++ -*----------------------------------*\
  =========                 |
  \\      /  F ield         | OpenFOAM: The Open Source CFD Toolbox
   \\    /   O peration     | Website:  https://openfoam.org
    \\  /    A nd           | Version:  9
     \\/     M anipulation  |
\*---------------------------------------------------------------------------*/
FoamFile
{
    format      ascii;
    class       volVectorField;
    location    "17";
    object      U;
}
// * * * * * * * * * * * * * * * * * * * * * * * * * * * * * * * * * * * * * //

dimensions      [0 1 -1 0 0 0 0];

internalField   nonuniform List<vector> 
2200
(
(0.878534 -0.0303464 0)
(1.00564 -0.051292 0)
(1.00281 -0.0353244 0)
(0.999836 -0.0243226 0)
(0.999513 -0.01652 0)
(0.999905 -0.0106784 0)
(1.00021 -0.00673323 0)
(1.00034 -0.00397374 0)
(1.00031 -0.00204885 0)
(1.00016 -0.000629009 0)
(1.00011 0.000741309 0)
(1.00033 0.00225254 0)
(1.00037 0.00416637 0)
(1.00025 0.00693473 0)
(0.999931 0.0108118 0)
(0.999528 0.016628 0)
(0.999861 0.0243967 0)
(1.00285 0.0353859 0)
(1.00564 0.0513086 0)
(0.878523 0.0303674 0)
(0.712623 -0.0327172 0)
(0.99676 -0.062754 0)
(1.03409 -0.0559432 0)
(1.02549 -0.0460168 0)
(1.01605 -0.0354706 0)
(1.00951 -0.0255597 0)
(1.00566 -0.017608 0)
(1.00347 -0.0114004 0)
(1.00223 -0.00621424 0)
(1.00192 -0.00180248 0)
(1.00185 0.00250595 0)
(1.00221 0.00682924 0)
(1.00342 0.0119278 0)
(1.00551 0.0179678 0)
(1.00935 0.0258981 0)
(1.01591 0.0357424 0)
(1.02533 0.0462379 0)
(1.03391 0.0560864 0)
(0.996634 0.0629006 0)
(0.712468 0.0327427 0)
(0.536201 -0.0238804 0)
(0.970399 -0.0567177 0)
(1.05629 -0.0542885 0)
(1.05263 -0.0487038 0)
(1.03699 -0.0404849 0)
(1.02476 -0.0321345 0)
(1.01582 -0.0238714 0)
(1.01009 -0.0160112 0)
(1.00692 -0.0089601 0)
(1.00565 -0.00257582 0)
(1.00566 0.0036242 0)
(1.00685 0.00988776 0)
(1.00988 0.0167738 0)
(1.01561 0.0246058 0)
(1.02458 0.0327317 0)
(1.03681 0.0410147 0)
(1.05243 0.0491488 0)
(1.05607 0.0546728 0)
(0.969937 0.0569369 0)
(0.535548 0.0239502 0)
(0.393861 -0.0132903 0)
(0.912536 -0.0456575 0)
(1.058 -0.0462947 0)
(1.06906 -0.0432673 0)
(1.05463 -0.0375711 0)
(1.0393 -0.0312821 0)
(1.02761 -0.0246003 0)
(1.01926 -0.0172557 0)
(1.01409 -0.00987384 0)
(1.01163 -0.00266287 0)
(1.01149 0.00420581 0)
(1.01376 0.0113464 0)
(1.01891 0.0185823 0)
(1.02723 0.0257186 0)
(1.03886 0.0322941 0)
(1.05418 0.0383817 0)
(1.06851 0.0439046 0)
(1.0572 0.0467646 0)
(0.9114 0.0459288 0)
(0.39255 0.0133643 0)
(0.312681 -0.00405498 0)
(0.850893 -0.0310524 0)
(1.05044 -0.0376492 0)
(1.07894 -0.0357783 0)
(1.06745 -0.0312301 0)
(1.05152 -0.0262317 0)
(1.03804 -0.0214292 0)
(1.0275 -0.0159355 0)
(1.02045 -0.00965129 0)
(1.01675 -0.00252805 0)
(1.01659 0.00459874 0)
(1.02004 0.0116012 0)
(1.02689 0.0176806 0)
(1.0373 0.022971 0)
(1.05067 0.0274387 0)
(1.06649 0.0322294 0)
(1.07787 0.036566 0)
(1.04914 0.0382361 0)
(0.848957 0.0313662 0)
(0.310759 0.0041191 0)
(0.271678 0.000389544 0)
(0.79629 -0.0188448 0)
(1.03655 -0.0291937 0)
(1.08405 -0.0293449 0)
(1.07648 -0.0256075 0)
(1.06024 -0.0210846 0)
(1.04705 -0.0169978 0)
(1.03644 -0.0126474 0)
(1.02841 -0.00774476 0)
(1.02362 -0.00184409 0)
(1.02347 0.00453074 0)
(1.0279 0.0101323 0)
(1.03556 0.0147073 0)
(1.04591 0.0187095 0)
(1.059 0.0226126 0)
(1.07523 0.026909 0)
(1.08256 0.030443 0)
(1.03447 0.0300287 0)
(0.793228 0.0192313 0)
(0.269046 -0.000313382 0)
(0.250246 0.00141793 0)
(0.748761 -0.0107225 0)
(1.01851 -0.0225208 0)
(1.08506 -0.0239422 0)
(1.08225 -0.0213177 0)
(1.06645 -0.0173991 0)
(1.05329 -0.0136218 0)
(1.04305 -0.00975757 0)
(1.03519 -0.00553192 0)
(1.03053 -0.000908157 0)
(1.0302 0.00443822 0)
(1.0343 0.00877885 0)
(1.04174 0.0126561 0)
(1.0518 0.0162229 0)
(1.06482 0.0195487 0)
(1.08041 0.0230842 0)
(1.08286 0.0253717 0)
(1.01524 0.0235231 0)
(0.744021 0.011156 0)
(0.246729 -0.00130126 0)
(0.240565 0.00125131 0)
(0.712802 -0.00481437 0)
(0.999645 -0.0152035 0)
(1.08271 -0.017251 0)
(1.08485 -0.0162133 0)
(1.06987 -0.0137239 0)
(1.05607 -0.011057 0)
(1.04537 -0.00793123 0)
(1.03772 -0.00414537 0)
(1.03361 -9.56761e-05 0)
(1.0331 0.00456192 0)
(1.03641 0.00836415 0)
(1.04348 0.0117255 0)
(1.05377 0.0141644 0)
(1.06726 0.0162654 0)
(1.082 0.0183267 0)
(1.07931 0.0188719 0)
(0.994891 0.0162528 0)
(0.706618 0.00527481 0)
(0.236086 -0.00112388 0)
(0.238611 0.000877424 0)
(0.692136 -0.000820861 0)
(0.984132 -0.00771285 0)
(1.07804 -0.00982539 0)
(1.08463 -0.0102578 0)
(1.07074 -0.0094278 0)
(1.05678 -0.00841468 0)
(1.04636 -0.00618067 0)
(1.03899 -0.00302081 0)
(1.03501 0.000758013 0)
(1.03441 0.00488384 0)
(1.03744 0.00822813 0)
(1.04415 0.0107529 0)
(1.05374 0.01219 0)
(1.06759 0.0126439 0)
(1.08084 0.0128113 0)
(1.07336 0.0117821 0)
(0.977617 0.00901984 0)
(0.684099 0.00141068 0)
(0.232858 -0.000724377 0)
(0.239956 0.000552566 0)
(0.683763 0.000636382 0)
(0.97367 -0.00307766 0)
(1.07368 -0.00508111 0)
(1.08398 -0.00611633 0)
(1.0722 -0.00631099 0)
(1.05906 -0.00585516 0)
(1.04905 -0.00435153 0)
(1.04169 -0.00186298 0)
(1.03747 0.0015932 0)
(1.03662 0.00519014 0)
(1.03937 0.00811402 0)
(1.04573 0.00990781 0)
(1.05546 0.0107249 0)
(1.06763 0.0103255 0)
(1.07878 0.00928983 0)
(1.06751 0.00752369 0)
(0.965552 0.00471719 0)
(0.673525 0.000129732 0)
(0.232877 -0.000313824 0)
(0.241984 0.00013429 0)
(0.681236 0.000626622 0)
(0.96837 -0.00127457 0)
(1.07059 -0.0031813 0)
(1.08313 -0.00440167 0)
(1.0732 -0.00483686 0)
(1.06203 -0.00447155 0)
(1.05319 -0.00288419 0)
(1.04653 -0.000560323 0)
(1.04234 0.00276101 0)
(1.04107 0.00599107 0)
(1.04315 0.00866073 0)
(1.04839 0.0100722 0)
(1.05584 0.0108393 0)
(1.06675 0.00990268 0)
(1.07616 0.00853364 0)
(1.06226 0.00641099 0)
(0.957228 0.00343631 0)
(0.66827 0.000379659 0)
(0.232768 3.92697e-05 0)
(0.243116 1.42699e-05 0)
(0.681011 0.000653771 0)
(0.964486 -0.000397222 0)
(1.06721 -0.00233907 0)
(1.08128 -0.00375632 0)
(1.07291 -0.00427218 0)
(1.06327 -0.00389119 0)
(1.0555 -0.00206361 0)
(1.04962 0.000551994 0)
(1.04571 0.00410458 0)
(1.04425 0.00737079 0)
(1.04558 0.0100672 0)
(1.04942 0.0112628 0)
(1.0555 0.0112495 0)
(1.06507 0.0104345 0)
(1.07207 0.008658 0)
(1.05625 0.0061019 0)
(0.95006 0.00300095 0)
(0.663941 0.000691831 0)
(0.231685 0.000148654 0)
(0.2446 0.000249523 0)
(0.681513 0.000880958 0)
(0.960682 0.000714888 0)
(1.0631 -0.000802908 0)
(1.07824 -0.00229481 0)
(1.072 -0.00316935 0)
(1.06341 -0.00256313 0)
(1.05641 -0.00083139 0)
(1.05087 0.00183834 0)
(1.04692 0.00539419 0)
(1.04517 0.00865811 0)
(1.04597 0.0112596 0)
(1.04905 0.0122149 0)
(1.0544 0.0121575 0)
(1.06159 0.0110655 0)
(1.06642 0.00862954 0)
(1.04895 0.0056157 0)
(0.942888 0.0024774 0)
(0.659758 0.000668715 0)
(0.22993 0.000159315 0)
(0.246783 0.000344537 0)
(0.683196 0.00115749 0)
(0.959532 0.00196765 0)
(1.05963 0.000624854 0)
(1.07605 -0.000479525 0)
(1.07176 -0.00121707 0)
(1.06481 -0.000487377 0)
(1.05865 0.00126286 0)
(1.05334 0.00395104 0)
(1.04907 0.00729769 0)
(1.04676 0.0103177 0)
(1.04687 0.012429 0)
(1.04902 0.013058 0)
(1.05309 0.012635 0)
(1.05815 0.0109778 0)
(1.06068 0.00827903 0)
(1.04172 0.0051265 0)
(0.936619 0.00220895 0)
(0.656379 0.000711921 0)
(0.228486 0.000177077 0)
(0.249943 0.000345432 0)
(0.687328 0.00150025 0)
(0.960044 0.00254738 0)
(1.0577 0.00228434 0)
(1.07476 0.00172691 0)
(1.07228 0.00141989 0)
(1.06709 0.00225088 0)
(1.06188 0.00396762 0)
(1.05687 0.00656514 0)
(1.05227 0.00962627 0)
(1.04908 0.0123102 0)
(1.0481 0.0137615 0)
(1.0489 0.0139901 0)
(1.0515 0.0129713 0)
(1.05453 0.0111251 0)
(1.05507 0.00844237 0)
(1.03489 0.00543999 0)
(0.930629 0.00269732 0)
(0.652435 0.00110392 0)
(0.226436 0.000281497 0)
(0.253001 0.000361611 0)
(0.691234 0.00168658 0)
(0.961636 0.0030266 0)
(1.05786 0.00337236 0)
(1.07475 0.00337075 0)
(1.07329 0.00384802 0)
(1.06917 0.00523694 0)
(1.06461 0.00728741 0)
(1.05979 0.00998804 0)
(1.05488 0.0128445 0)
(1.05089 0.0150666 0)
(1.04883 0.0157729 0)
(1.04839 0.0152964 0)
(1.04949 0.0137054 0)
(1.05091 0.0114216 0)
(1.04988 0.00858523 0)
(1.0288 0.0056981 0)
(0.925138 0.0031664 0)
(0.64817 0.00145097 0)
(0.223763 0.000351444 0)
(0.257514 0.000507663 0)
(0.698228 0.00222148 0)
(0.965402 0.00418394 0)
(1.0591 0.00523506 0)
(1.07595 0.00603265 0)
(1.07519 0.00709821 0)
(1.07165 0.00875131 0)
(1.0673 0.0110387 0)
(1.06226 0.0137964 0)
(1.05668 0.0164773 0)
(1.05161 0.0181833 0)
(1.0482 0.0181938 0)
(1.04658 0.0168882 0)
(1.04612 0.0149205 0)
(1.04625 0.0123263 0)
(1.04409 0.00948199 0)
(1.02243 0.00666772 0)
(0.918893 0.00403737 0)
(0.642259 0.00186342 0)
(0.220067 0.000437803 0)
(0.26216 0.000659228 0)
(0.704326 0.00265049 0)
(0.969992 0.00515351 0)
(1.06215 0.00684982 0)
(1.07861 0.00865933 0)
(1.07801 0.0106144 0)
(1.07461 0.0131131 0)
(1.07012 0.0158879 0)
(1.06454 0.0187937 0)
(1.05797 0.0212737 0)
(1.05158 0.0223128 0)
(1.0468 0.0215004 0)
(1.04401 0.0193498 0)
(1.04248 0.0166412 0)
(1.04161 0.0134567 0)
(1.03854 0.0102737 0)
(1.01609 0.00722445 0)
(0.912055 0.00453942 0)
(0.635636 0.00217241 0)
(0.215855 0.000509058 0)
(0.26971 0.00088698 0)
(0.715703 0.00370288 0)
(0.978196 0.00717591 0)
(1.06731 0.00987968 0)
(1.08297 0.012137 0)
(1.08232 0.0148304 0)
(1.07875 0.0178804 0)
(1.07379 0.0212343 0)
(1.06736 0.0245364 0)
(1.05947 0.0269705 0)
(1.05143 0.0274204 0)
(1.04506 0.0257225 0)
(1.04089 0.0227188 0)
(1.03814 0.0192587 0)
(1.03622 0.0156853 0)
(1.03235 0.0122594 0)
(1.00935 0.00906472 0)
(0.904654 0.00592979 0)
(0.627472 0.00278697 0)
(0.210486 0.000632137 0)
(0.277677 0.00117246 0)
(0.726633 0.00440529 0)
(0.986991 0.00861715 0)
(1.0743 0.0120798 0)
(1.08919 0.0157778 0)
(1.0881 0.019699 0)
(1.08389 0.0238559 0)
(1.07796 0.0281081 0)
(1.07012 0.0318763 0)
(1.06035 0.0343092 0)
(1.05023 0.0341155 0)
(1.04206 0.0313997 0)
(1.03645 0.0274611 0)
(1.03261 0.0230696 0)
(1.02984 0.0186868 0)
(1.02522 0.0145186 0)
(1.00101 0.0105391 0)
(0.894496 0.0069081 0)
(0.616857 0.0033145 0)
(0.203985 0.000770995 0)
(0.290397 0.00155055 0)
(0.744542 0.00637476 0)
(1.00037 0.0120009 0)
(1.0838 0.016768 0)
(1.09723 0.0209136 0)
(1.09546 0.0258567 0)
(1.09022 0.0310692 0)
(1.08293 0.0361908 0)
(1.07324 0.0405845 0)
(1.0612 0.0430118 0)
(1.0487 0.0421369 0)
(1.03855 0.0382973 0)
(1.0314 0.0331597 0)
(1.02642 0.0276797 0)
(1.0228 0.0224343 0)
(1.01743 0.0176861 0)
(0.992424 0.0133885 0)
(0.884564 0.00897806 0)
(0.605318 0.0042415 0)
(0.196109 0.000929983 0)
(0.304653 0.00215308 0)
(0.764495 0.00743948 0)
(1.01613 0.0146298 0)
(1.09617 0.0206634 0)
(1.10827 0.0269858 0)
(1.10504 0.033737 0)
(1.09821 0.0403848 0)
(1.08874 0.0467892 0)
(1.07649 0.0519254 0)
(1.06149 0.0543037 0)
(1.04601 0.0525847 0)
(1.03343 0.0474625 0)
(1.02443 0.0410233 0)
(1.01807 0.0342915 0)
(1.01344 0.0278935 0)
(1.00712 0.021787 0)
(0.980078 0.0159467 0)
(0.868583 0.0105018 0)
(0.588165 0.00495071 0)
(0.186077 0.00111825 0)
(0.326287 0.0030797 0)
(0.792252 0.0116259 0)
(1.03761 0.0206193 0)
(1.11235 0.0286992 0)
(1.12192 0.0357769 0)
(1.11693 0.0442983 0)
(1.10773 0.0525252 0)
(1.09541 0.0601418 0)
(1.07987 0.0657042 0)
(1.0613 0.0677326 0)
(1.04247 0.0648125 0)
(1.0273 0.0580324 0)
(1.01645 0.0498658 0)
(1.00878 0.041516 0)
(1.00309 0.0336165 0)
(0.995717 0.0266537 0)
(0.967403 0.0202365 0)
(0.854307 0.0136086 0)
(0.571796 0.00639192 0)
(0.174871 0.00131547 0)
(0.355925 0.00425123 0)
(0.830668 0.0139994 0)
(1.06503 0.0270143 0)
(1.13249 0.0372218 0)
(1.13983 0.0476041 0)
(1.13149 0.0588187 0)
(1.1189 0.0687442 0)
(1.10283 0.0774023 0)
(1.08322 0.0832262 0)
(1.06052 0.0844899 0)
(1.03785 0.079974 0)
(1.01965 0.0713171 0)
(1.00651 0.0613678 0)
(0.997079 0.0514698 0)
(0.990084 0.0421535 0)
(0.981177 0.0331904 0)
(0.949348 0.0246458 0)
(0.829065 0.0161848 0)
(0.544057 0.0072928 0)
(0.159494 0.00149141 0)
(0.391973 0.00837923 0)
(0.875919 0.0238636 0)
(1.1004 0.0391235 0)
(1.15879 0.0524461 0)
(1.16155 0.0660847 0)
(1.14862 0.0789436 0)
(1.1314 0.0902884 0)
(1.11043 0.0994803 0)
(1.08596 0.10476 0)
(1.05838 0.104523 0)
(1.0314 0.0978536 0)
(1.00998 0.0868522 0)
(0.994529 0.0746891 0)
(0.983325 0.0625786 0)
(0.974738 0.0512032 0)
(0.964141 0.0408717 0)
(0.92979 0.0308159 0)
(0.808132 0.0207323 0)
(0.521711 0.00970579 0)
(0.145637 0.00156635 0)
(0.476893 0.0119372 0)
(0.951143 0.0335927 0)
(1.14734 0.0585637 0)
(1.19105 0.0754877 0)
(1.18729 0.0929282 7.1999e-35)
(1.16757 0.107294 -4.85517e-35)
(1.14429 0.119295 0)
(1.11755 0.127717 0)
(1.08757 0.131312 0)
(1.0548 0.128697 0)
(1.02354 0.119014 0)
(0.998799 0.105106 0)
(0.980747 0.0905934 0)
(0.967446 0.0767636 0)
(0.956993 0.0637929 0)
(0.943781 0.051525 0)
(0.903978 0.0395094 0)
(0.7691 0.0263307 0)
(0.472568 0.0107906 0)
(0.119754 0.00143196 0)
(0.54097 0.0272409 -7.68283e-21)
(1.03669 0.058349 5.14892e-21)
(1.19939 0.0908554 0)
(1.22694 0.111524 8.36876e-22)
(1.21362 0.131652 -6.78156e-22)
(1.18623 0.14564 5.12238e-35)
(1.15647 0.15625 0)
(1.12342 0.162903 4.74364e-21)
(1.08719 0.164301 -1.70102e-20)
(1.04845 0.158765 3.76198e-21)
(1.01181 0.145928 0)
(0.982757 0.129374 -1.23745e-20)
(0.961316 0.112605 -1.5507e-20)
(0.945029 0.0964706 2.72766e-20)
(0.931573 0.081505 -2.19457e-20)
(0.914138 0.0671346 0)
(0.865462 0.0517194 -8.46474e-21)
(0.717893 0.0352148 0)
(0.427677 0.0182733 -4.57943e-20)
(0.102509 0.00271357 5.4361e-20)
(0.565013 0.0542207 -1.8184e-22)
(1.08437 0.103518 -4.61028e-20)
(1.24173 0.143073 1.22078e-20)
(1.25966 0.161025 1.76592e-20)
(1.23714 0.179763 -6.62517e-22)
(1.20288 0.191393 1.78728e-21)
(1.16642 0.20024 0)
(1.12667 0.205097 0)
(1.08399 0.204313 2.65582e-20)
(1.03906 0.196232 0)
(0.996744 0.180932 4.23761e-20)
(0.962755 0.162068 1.32758e-20)
(0.936624 0.143578 3.81466e-22)
(0.916039 0.126506 -3.06166e-20)
(0.898549 0.110687 0)
(0.877451 0.0964663 0)
(0.827811 0.080623 -1.43492e-19)
(0.68886 0.0617963 3.6103e-19)
(0.41646 0.0332848 -2.14569e-19)
(0.104354 0.0101178 -2.55837e-19)
(0.566725 0.0832558 8.05986e-20)
(1.11172 0.162488 -2.3499e-20)
(1.27299 0.207383 -6.17263e-21)
(1.28588 0.221547 -3.38344e-20)
(1.25623 0.236065 1.36037e-20)
(1.21585 0.243547 6.39714e-22)
(1.17295 0.249456 3.80978e-21)
(1.12699 0.251247 0)
(1.07841 0.247318 -5.48004e-20)
(1.02732 0.236095 6.1396e-20)
(0.978884 0.217822 -1.15826e-19)
(0.939641 0.197259 5.65453e-20)
(0.909997 0.178394 -4.19225e-20)
(0.886472 0.161504 9.17512e-20)
(0.866092 0.1464 0)
(0.843001 0.132191 -3.61525e-20)
(0.795345 0.117777 0)
(0.668619 0.093212 2.07469e-19)
(0.417553 0.0571822 -4.92495e-19)
(0.118148 0.0172368 3.09306e-19)
(0.552671 0.114493 -3.78414e-19)
(1.12427 0.222843 1.51166e-19)
(1.29188 0.276468 2.41991e-20)
(1.30346 0.286656 0)
(1.269 0.296996 1.8616e-20)
(1.22385 0.300057 -2.02159e-20)
(1.1757 0.302078 -3.8742e-21)
(1.1246 0.299909 0)
(1.07081 0.292265 3.86111e-20)
(1.01443 0.277711 -4.21073e-20)
(0.961815 0.257011 1.01568e-19)
(0.91945 0.234889 0)
(0.885707 0.214776 -8.81557e-20)
(0.858599 0.197688 4.86035e-20)
(0.836671 0.183176 1.32281e-19)
(0.813629 0.169223 -1.16323e-19)
(0.769545 0.153702 1.93269e-19)
(0.65507 0.126528 -4.30115e-19)
(0.423954 0.0812879 2.73368e-19)
(0.12875 0.0261303 -3.43599e-19)
(0.53324 0.138879 2.32733e-19)
(1.12372 0.27859 -1.71471e-19)
(1.30095 0.344503 7.5607e-20)
(1.31309 0.352184 -1.0404e-19)
(1.27512 0.35937 7.01724e-20)
(1.22662 0.358276 -1.1756e-20)
(1.17462 0.356179 3.72513e-21)
(1.11939 0.349891 -2.42203e-20)
(1.06101 0.338515 -3.8212e-20)
(0.999673 0.32059 -9.01726e-20)
(0.941711 0.296578 -2.18966e-19)
(0.894505 0.272138 -7.38503e-20)
(0.860219 0.251679 2.82217e-21)
(0.833983 0.233876 -1.74471e-19)
(0.811899 0.219146 -6.29031e-21)
(0.789882 0.205184 1.70408e-19)
(0.749761 0.189075 -5.30033e-20)
(0.645318 0.159728 -3.11858e-20)
(0.42588 0.104966 0)
(0.133865 0.034273 7.33398e-19)
(0.513245 0.161161 0)
(1.11479 0.330533 5.29129e-20)
(1.30245 0.409094 3.66548e-20)
(1.31612 0.416136 -1.21035e-20)
(1.2755 0.421295 -8.51935e-20)
(1.22478 0.416296 1.85907e-20)
(1.16994 0.410295 4.49404e-22)
(1.11139 0.400071 4.39211e-20)
(1.04916 0.384913 -2.30178e-20)
(0.984152 0.36309 3.95009e-20)
(0.924157 0.335703 1.18007e-19)
(0.877503 0.309643 1.63527e-19)
(0.840839 0.287008 -1.02094e-19)
(0.811913 0.268149 1.88948e-19)
(0.789581 0.252269 -1.51825e-19)
(0.76843 0.239612 0)
(0.731306 0.221642 -4.06023e-19)
(0.633893 0.191221 5.45878e-19)
(0.423209 0.125988 4.14115e-20)
(0.134302 0.0412352 -7.7251e-19)
(0.496186 0.182015 -5.80954e-21)
(1.10352 0.380075 -3.61113e-19)
(1.29851 0.470442 -2.75927e-19)
(1.3136 0.477306 2.30068e-19)
(1.27092 0.481054 -5.06014e-20)
(1.21894 0.472707 2.77062e-20)
(1.16212 0.463325 -1.20251e-20)
(1.10114 0.449473 -2.48371e-21)
(1.03613 0.430684 -7.96936e-20)
(0.968467 0.405201 1.01876e-21)
(0.905314 0.374959 -1.28235e-19)
(0.854501 0.345003 -1.73904e-19)
(0.81839 0.320817 1.15143e-19)
(0.791547 0.300873 -6.78939e-20)
(0.769107 0.284859 1.65219e-19)
(0.74778 0.270967 0)
(0.712998 0.252227 -2.51477e-19)
(0.619555 0.218084 3.72048e-19)
(0.414577 0.144771 7.13616e-19)
(0.131552 0.0463866 -8.36335e-19)
(0.481376 0.200777 -6.86693e-19)
(1.08921 0.426421 3.4678e-19)
(1.29091 0.528814 2.68534e-19)
(1.30734 0.535636 -2.49311e-19)
(1.26314 0.538044 1.11546e-20)
(1.21035 0.526708 7.40106e-20)
(1.15203 0.514499 3.62894e-23)
(1.08909 0.497438 -1.60133e-20)
(1.02173 0.475368 -4.94082e-20)
(0.95127 0.446459 8.7286e-20)
(0.885512 0.41167 1.20675e-19)
(0.834999 0.379874 2.72482e-19)
(0.79706 0.353469 0)
(0.767798 0.331809 5.40632e-21)
(0.745832 0.313074 -4.59628e-19)
(0.726374 0.299795 1.05511e-19)
(0.694513 0.280313 5.39858e-19)
(0.604649 0.241395 -1.58084e-19)
(0.40256 0.159818 3.38754e-19)
(0.12688 0.0505094 -2.7904e-20)
(0.471251 0.219259 6.51073e-21)
(1.07591 0.470939 3.2082e-19)
(1.28083 0.584575 2.03721e-19)
(1.29819 0.591215 -4.44096e-19)
(1.25277 0.591965 2.83409e-19)
(1.19949 0.577965 -9.10301e-20)
(1.14003 0.563411 -3.53456e-21)
(1.07563 0.543627 3.22849e-20)
(1.00644 0.518675 8.64111e-20)
(0.933854 0.486228 -1.13044e-19)
(0.866588 0.448925 0)
(0.813979 0.413464 -1.07829e-19)
(0.775725 0.38392 1.23796e-19)
(0.748147 0.360721 1.67313e-19)
(0.725994 0.342013 -9.59686e-20)
(0.704961 0.325157 -2.42777e-19)
(0.67218 0.303164 -7.38625e-20)
(0.584711 0.261174 -1.2288e-21)
(0.388891 0.171812 0)
(0.120938 0.0538461 0)
(0.46225 0.23576 -3.38972e-19)
(1.06187 0.512351 0)
(1.26921 0.63696 2.33448e-19)
(1.28757 0.644127 -1.0755e-19)
(1.24124 0.643167 -2.95079e-19)
(1.18742 0.62656 8.1357e-20)
(1.12685 0.609901 -9.73333e-21)
(1.0611 0.587729 -1.32415e-20)
(0.990272 0.560142 5.27268e-20)
(0.915456 0.524602 -4.74079e-20)
(0.844853 0.483349 6.7574e-20)
(0.789438 0.44354 3.36436e-19)
(0.749844 0.411741 1.32252e-20)
(0.720061 0.38536 -1.70571e-19)
(0.699833 0.36395 3.30467e-19)
(0.683018 0.34766 4.46503e-21)
(0.654569 0.325529 7.90244e-20)
(0.568727 0.279312 -3.85539e-19)
(0.374025 0.181817 3.91347e-19)
(0.114324 0.0559495 -4.66733e-19)
(0.456061 0.255625 2.72629e-23)
(1.0493 0.552209 0)
(1.25666 0.686198 0)
(1.27562 0.694314 1.00397e-19)
(1.22853 0.691722 1.15585e-19)
(1.1743 0.672662 -6.82014e-20)
(1.11275 0.654011 4.5309e-20)
(1.04583 0.629723 0)
(0.973368 0.599824 -8.72879e-20)
(0.896018 0.561839 1.65434e-19)
(0.823173 0.517437 2.06936e-19)
(0.768539 0.476119 -1.27101e-19)
(0.730527 0.440992 -1.59773e-19)
(0.704257 0.413439 3.78138e-19)
(0.681236 0.390231 -1.16888e-19)
(0.66 0.36884 -1.4211e-19)
(0.628117 0.343521 -8.71298e-20)
(0.544272 0.292546 -4.18431e-19)
(0.357802 0.189245 5.84252e-20)
(0.106713 0.0571365 5.0726e-19)
(0.452444 0.274605 -1.35453e-19)
(1.03737 0.589362 -2.1338e-19)
(1.24352 0.731954 2.38094e-20)
(1.26306 0.741565 1.68534e-22)
(1.21549 0.737804 3.83463e-20)
(1.1609 0.716494 -1.81963e-19)
(1.09839 0.695943 0)
(1.0303 0.669693 1.20638e-20)
(0.956407 0.637799 -9.51257e-21)
(0.877354 0.597385 2.59232e-19)
(0.803252 0.549944 -5.28602e-20)
(0.74435 0.503611 5.7855e-20)
(0.700792 0.464312 0)
(0.668943 0.431704 -2.06598e-19)
(0.651421 0.405479 2.58069e-19)
(0.636966 0.387294 0)
(0.610529 0.358452 -1.91272e-19)
(0.52637 0.305915 5.59008e-19)
(0.34061 0.194623 6.67711e-20)
(0.0985717 0.0570371 -6.29004e-19)
(0.450258 0.291683 -3.00552e-19)
(1.02662 0.624672 3.85075e-19)
(1.23015 0.774713 0)
(1.24989 0.785717 2.49957e-19)
(1.20194 0.781099 0)
(1.14718 0.758016 1.70803e-19)
(1.08401 0.73581 0)
(1.01505 0.707796 0)
(0.94001 0.674114 -3.07548e-20)
(0.858816 0.631845 -2.53276e-19)
(0.781127 0.582327 -3.84721e-19)
(0.720845 0.533823 7.35862e-20)
(0.681087 0.492713 2.75987e-19)
(0.65556 0.458581 2.32784e-19)
(0.632706 0.4319 -8.28208e-19)
(0.612245 0.402101 -3.43249e-19)
(0.580672 0.374267 1.99414e-19)
(0.499729 0.313826 0)
(0.32199 0.197569 5.78217e-19)
(0.0895829 0.0558299 -6.82963e-19)
(0.448501 0.307502 3.31712e-19)
(1.01601 0.657589 -4.23159e-19)
(1.21673 0.814489 0)
(1.23659 0.826968 -1.0074e-20)
(1.18841 0.821733 -1.02861e-19)
(1.13362 0.797192 0)
(1.06996 0.773574 -1.48143e-20)
(1.00028 0.74404 1.88589e-20)
(0.923944 0.708833 -3.64485e-20)
(0.840615 0.664888 2.41455e-20)
(0.760264 0.612393 0)
(0.697967 0.55963 2.92869e-19)
(0.651824 0.512964 3.78366e-21)
(0.61722 0.473957 1.26597e-19)
(0.598717 0.439028 1.52757e-19)
(0.586284 0.41734 0)
(0.562078 0.38179 -3.38159e-19)
(0.479525 0.320532 6.62931e-19)
(0.302846 0.198182 -7.07147e-19)
(0.0807414 0.0534051 1.4847e-18)
(0.446873 0.322627 0)
(1.00614 0.689146 0)
(1.20356 0.851716 -2.31663e-19)
(1.22321 0.865362 0)
(1.17477 0.859517 0)
(1.12006 0.833883 2.45346e-19)
(1.0561 0.809156 -1.86952e-20)
(0.985797 0.778397 1.67092e-20)
(0.908252 0.741855 -1.47061e-21)
(0.822885 0.696795 0)
(0.740275 0.643029 -6.18865e-20)
(0.67393 0.588803 -2.43067e-19)
(0.627532 0.539589 -3.06317e-19)
(0.600971 0.496477 -1.27659e-19)
(0.579672 0.463078 1.68513e-19)
(0.560214 0.428064 -4.00584e-19)
(0.529916 0.393322 7.32776e-19)
(0.450152 0.323765 8.22092e-21)
(0.282653 0.196464 -6.84498e-19)
(0.071605 0.0501412 -1.01676e-19)
(0.445201 0.337347 0)
(0.996523 0.718819 -3.2905e-19)
(1.19068 0.886542 2.59e-19)
(1.21011 0.901377 0)
(1.16147 0.8949 0)
(1.1068 0.868206 -5.42025e-19)
(1.04256 0.842548 0)
(0.97179 0.810782 0)
(0.893293 0.773232 -5.75765e-20)
(0.80639 0.727209 4.82344e-20)
(0.720769 0.671551 -4.89018e-19)
(0.650074 0.614363 0)
(0.59951 0.562858 -3.32271e-19)
(0.560059 0.514421 1.1745e-20)
(0.540592 0.470351 -5.38209e-19)
(0.530495 0.437044 2.17284e-19)
(0.50813 0.391492 4.28837e-21)
(0.429831 0.322695 -7.85976e-19)
(0.263904 0.192438 3.72804e-19)
(0.0648235 0.0465869 1.08782e-19)
(0.443592 0.351555 0)
(0.987661 0.747188 -3.88295e-19)
(1.17825 0.919204 2.75128e-19)
(1.19722 0.934975 5.78402e-19)
(1.14832 0.927817 1.17618e-19)
(1.09376 0.900243 -8.21007e-20)
(1.02934 0.873796 5.12522e-20)
(0.958217 0.841232 -1.03118e-19)
(0.878771 0.803034 6.15903e-20)
(0.789686 0.756544 2.87829e-19)
(0.700456 0.701106 4.05537e-19)
(0.62669 0.643995 7.85225e-20)
(0.571602 0.58735 4.82957e-19)
(0.541122 0.535006 3.14875e-19)
(0.517418 0.489969 3.88862e-19)
(0.49922 0.440012 -2.43863e-19)
(0.473763 0.399205 -2.90558e-19)
(0.399477 0.319018 3.42451e-19)
(0.24171 0.184091 -2.02881e-19)
(0.0595091 0.0435416 3.56117e-19)
(0.441979 0.365133 5.12882e-19)
(0.979048 0.773608 6.16453e-19)
(1.1662 0.949738 1.50804e-19)
(1.18482 0.966553 1.5973e-20)
(1.13581 0.958755 -4.08181e-19)
(1.0813 0.930258 1.56853e-19)
(1.01672 0.903083 -5.85215e-20)
(0.945349 0.869895 -2.1172e-20)
(0.865162 0.831246 -4.95509e-20)
(0.774874 0.784592 -3.2263e-19)
(0.683878 0.728335 2.38853e-20)
(0.605964 0.667788 0)
(0.547467 0.610117 0)
(0.496972 0.554609 -1.59696e-19)
(0.471923 0.494186 -6.38925e-19)
(0.461965 0.44885 5.29131e-19)
(0.446753 0.380369 3.25225e-19)
(0.383117 0.298982 0)
(0.24026 0.162771 6.46948e-19)
(0.054144 0.0269195 -3.87316e-19)
(0.440422 0.377859 -2.73985e-19)
(0.97107 0.79875 2.36113e-19)
(1.15462 0.978372 -3.36883e-19)
(1.17269 0.995966 -3.63244e-19)
(1.12356 0.987543 -1.60967e-19)
(1.06927 0.958301 3.75576e-20)
(1.00467 0.930534 0)
(0.933142 0.896823 1.48861e-19)
(0.852276 0.857738 1.01071e-20)
(0.760343 0.81105 0)
(0.666014 0.755366 0)
(0.583982 0.696584 5.51247e-20)
(0.517537 0.63724 8.52792e-20)
(0.476923 0.576327 -1.71886e-19)
(0.444782 0.520053 4.62154e-19)
(0.420277 0.445734 -5.82164e-19)
(0.399036 0.378071 -7.01442e-19)
(0.355841 0.277778 6.24015e-19)
(0.258078 0.170891 -2.33598e-19)
(0.132008 0.0999787 1.33816e-19)
(0.43862 0.389671 3.16335e-19)
(0.963087 0.821841 0)
(1.14341 1.00496 0)
(1.16117 1.0235 -1.22451e-19)
(1.11207 1.01456 9.9104e-20)
(1.05797 0.984583 -2.06308e-20)
(0.993312 0.956259 -2.23159e-19)
(0.921641 0.922073 -2.28268e-19)
(0.840208 0.882879 3.76212e-20)
(0.747136 0.836436 -2.61867e-20)
(0.64991 0.781454 6.38601e-20)
(0.561923 0.722235 -4.49839e-19)
(0.493953 0.663154 -4.98503e-19)
(0.429925 0.601086 -9.14373e-20)
(0.387489 0.528122 0)
(0.366196 0.459866 -1.34797e-20)
(0.35177 0.337331 3.84284e-19)
(0.317651 0.186567 -6.56263e-19)
(0.285348 0.0167151 4.85172e-19)
(0.0870716 -0.0759251 3.87474e-19)
(0.436783 0.400804 -6.89712e-19)
(0.955648 0.843982 -2.96446e-19)
(1.13256 1.03007 5.91451e-21)
(1.14977 1.04929 1.55666e-19)
(1.10069 1.03988 0)
(1.04686 1.00941 4.6614e-19)
(0.982293 0.980769 2.78209e-19)
(0.910602 0.94636 -4.57004e-20)
(0.828617 0.907255 -5.22868e-21)
(0.734266 0.861273 -2.44683e-20)
(0.635338 0.807552 2.27267e-20)
(0.547075 0.751639 3.97801e-19)
(0.466078 0.693197 4.87504e-19)
(0.410404 0.627677 8.78905e-20)
(0.359703 0.566179 4.87674e-19)
(0.305047 0.464155 0)
(0.213614 0.343636 0)
(0.0680249 0.322262 4.8672e-19)
(-0.0563957 0.633102 -3.29858e-20)
(-0.00173875 1.47719 -6.27636e-19)
(0.43454 0.411372 3.75066e-19)
(0.948096 0.864263 8.88498e-19)
(1.12201 1.0535 -1.33465e-18)
(1.13892 1.07372 8.04813e-19)
(1.0899 1.06407 -9.44173e-20)
(1.03625 1.03325 6.07882e-19)
(0.971646 1.00447 0)
(0.899926 0.970106 2.35722e-19)
(0.817539 0.931394 0)
(0.72214 0.886504 2.2028e-19)
(0.619602 0.83418 -3.64495e-20)
(0.521241 0.779238 4.08687e-20)
(0.443064 0.72425 5.36807e-19)
(0.359036 0.669108 -1.99688e-19)
(0.275659 0.592159 -2.56565e-19)
(0.208159 0.531655 0)
(0.112908 0.617244 0)
(0.0486133 1.21224 0)
(0.0836449 2.40731 -2.74218e-19)
(0.116076 2.88351 -1.6991e-19)
(0.432281 0.421587 0)
(0.94119 0.883895 0)
(1.11183 1.07579 4.77426e-19)
(1.1282 1.09668 -6.7091e-19)
(1.07918 1.08683 4.61201e-19)
(1.02582 1.05589 -5.57242e-19)
(0.961349 1.0272 -3.22737e-20)
(0.88966 0.993023 2.51288e-20)
(0.806846 0.95503 4.30197e-21)
(0.710211 0.911267 -2.50027e-19)
(0.607076 0.861407 5.4636e-20)
(0.512277 0.812869 3.69548e-19)
(0.414636 0.763171 -5.28634e-19)
(0.340397 0.698825 -6.21122e-19)
(0.277405 0.657113 2.17554e-19)
(0.213839 0.771733 0)
(0.155238 1.46292 3.14212e-19)
(0.156117 2.6557 3.56493e-19)
(0.158664 3.07549 -3.98956e-19)
(0.149876 3.21724 4.46209e-19)
(0.42977 0.430694 0)
(0.934076 0.901525 7.2194e-19)
(1.10197 1.09643 -1.23731e-19)
(1.11813 1.11838 8.44042e-19)
(1.06917 1.1085 -4.841e-19)
(1.01597 1.07749 0)
(0.951483 1.04899 0)
(0.879878 1.01524 0)
(0.796855 0.978197 -8.69764e-20)
(0.69984 0.936151 1.02115e-21)
(0.593741 0.889077 0)
(0.489161 0.84076 -3.60169e-19)
(0.408698 0.796002 0)
(0.30022 0.758361 4.41764e-19)
(0.22357 0.836386 -2.84956e-19)
(0.178624 1.42431 -2.39803e-19)
(0.191472 2.64655 -5.92217e-19)
(0.210052 3.12425 -2.93745e-19)
(0.198769 3.27475 -3.32193e-19)
(0.183456 3.31668 2.95893e-19)
(0.427404 0.43924 -2.43965e-19)
(0.92765 0.918739 1.47262e-20)
(1.09252 1.11619 -1.33302e-19)
(1.10818 1.13881 -6.75567e-19)
(1.0592 1.12891 0)
(1.00628 1.09805 0)
(0.941952 1.06994 0)
(0.870516 1.03677 -1.63444e-20)
(0.787366 1.0009 1.0029e-19)
(0.689622 0.960919 0)
(0.58222 0.917474 0)
(0.480445 0.878601 0)
(0.369474 0.841402 0)
(0.306692 0.840772 2.86509e-19)
(0.295739 1.17443 7.48882e-19)
(0.289134 2.30542 2.34603e-19)
(0.301902 3.07759 4.21004e-19)
(0.292211 3.29587 -2.60168e-19)
(0.240019 3.36632 9.62642e-20)
(0.205104 3.37941 0)
(0.424748 0.447091 2.47193e-19)
(0.920681 0.934322 -1.55646e-18)
(1.08313 1.13487 -4.40166e-19)
(1.09869 1.15865 -1.0753e-19)
(1.04979 1.1489 1.23595e-19)
(0.997062 1.11815 -8.73495e-19)
(0.932803 1.09045 5.93263e-20)
(0.861588 1.0579 4.14676e-19)
(0.778518 1.02332 0)
(0.680759 0.985374 -1.39394e-20)
(0.572931 0.944219 1.26807e-20)
(0.469756 0.903223 0)
(0.388881 0.882427 0)
(0.34055 1.00329 -3.54362e-19)
(0.310706 1.80533 -6.76868e-21)
(0.307635 2.91294 -1.18149e-19)
(0.325225 3.29767 1.82499e-19)
(0.297327 3.40595 4.74949e-20)
(0.228188 3.43407 1.34255e-19)
(0.20111 3.44261 -6.86586e-20)
(0.421893 0.455173 4.7617e-19)
(0.913847 0.951239 1.48849e-18)
(1.07331 1.15447 5.41261e-19)
(1.08847 1.17885 0)
(1.03963 1.1691 0)
(0.987299 1.13853 6.69223e-19)
(0.923305 1.11124 -4.15284e-19)
(0.852502 1.07938 -3.8108e-19)
(0.769625 1.04612 -1.53248e-20)
(0.671931 1.01084 1.49845e-20)
(0.563631 0.975431 -2.43328e-19)
(0.453636 0.947327 0)
(0.373348 0.961429 0)
(0.353795 1.31925 -1.90864e-19)
(0.375216 2.39866 -2.50398e-19)
(0.418673 3.19671 0)
(0.446545 3.39367 1.11962e-19)
(0.375965 3.46237 2.268e-19)
(0.297079 3.50699 -5.10937e-19)
(0.270073 3.53305 2.94629e-19)
(0.418211 0.463099 -9.03148e-19)
(0.905467 0.967561 -7.08111e-19)
(1.06255 1.17438 0)
(1.07782 1.19994 0)
(1.02925 1.19028 0)
(0.977245 1.15961 0)
(0.913591 1.13264 4.43679e-19)
(0.843282 1.10128 -4.89657e-19)
(0.760986 1.06922 0)
(0.663798 1.03602 -7.92351e-21)
(0.556297 1.00165 3.94632e-19)
(0.459174 0.974767 2.10814e-20)
(0.410671 1.05067 3.65151e-20)
(0.42572 1.6949 2.75453e-19)
(0.453243 2.8573 -6.31139e-20)
(0.487791 3.33421 0)
(0.469338 3.4718 -8.72074e-20)
(0.37527 3.56175 1.06697e-19)
(0.28297 3.63779 3.70554e-19)
(0.204907 3.62025 -3.26375e-19)
(0.414163 0.471622 4.28024e-19)
(0.897043 0.986285 -6.958e-19)
(1.0509 1.19601 0)
(1.06588 1.22185 -1.72707e-19)
(1.01754 1.21198 6.55875e-19)
(0.966187 1.18129 0)
(0.903074 1.15447 0)
(0.83369 1.12359 9.1508e-19)
(0.752124 1.09271 1.60326e-20)
(0.656348 1.06196 -1.01465e-19)
(0.54765 1.03501 -1.63204e-19)
(0.454482 1.03099 1.32119e-19)
(0.424191 1.22543 0)
(0.464662 2.07944 -1.25825e-19)
(0.519874 3.12101 1.10533e-19)
(0.580414 3.4436 -5.63171e-20)
(0.576277 3.5559 0)
(0.498982 3.66421 -2.14563e-19)
(0.419001 3.71207 -8.06485e-19)
(0.33234 3.68366 -2.03205e-19)
(0.408886 0.479662 -8.29946e-19)
(0.88649 1.00384 9.9015e-19)
(1.03804 1.21777 7.3574e-19)
(1.05343 1.2447 -1.90669e-19)
(1.00558 1.23471 -1.00045e-18)
(0.954759 1.20363 0)
(0.892328 1.17689 3.83803e-19)
(0.823701 1.14636 -3.73968e-19)
(0.743225 1.11654 -3.82481e-20)
(0.648182 1.08761 8.62833e-20)
(0.544417 1.06279 7.59646e-22)
(0.465895 1.07355 -1.47188e-19)
(0.474743 1.41235 1.24257e-19)
(0.554147 2.465 -2.39129e-20)
(0.624203 3.29929 1.4638e-19)
(0.681659 3.51284 -3.89936e-19)
(0.639058 3.58519 0)
(0.567892 3.6044 0)
(0.45685 3.57855 -9.27064e-19)
(0.200996 3.38105 1.84798e-18)
(0.403126 0.488236 3.93496e-19)
(0.875892 1.02438 9.54747e-19)
(1.02415 1.24158 -7.24727e-19)
(1.03949 1.26833 7.11211e-19)
(0.992065 1.25782 9.88855e-19)
(0.942276 1.22648 0)
(0.880789 1.19959 -4.17431e-19)
(0.813761 1.1692 -5.19841e-19)
(0.734837 1.14018 0)
(0.642803 1.1133 0)
(0.539287 1.0966 0)
(0.474888 1.15065 0)
(0.519589 1.62867 -1.26565e-19)
(0.61739 2.73776 7.1905e-20)
(0.701814 3.40665 0)
(0.750996 3.53822 2.37269e-19)
(0.745858 3.55389 0)
(0.811246 3.41531 3.77292e-19)
(0.906101 3.0633 -2.72159e-18)
(0.476 2.71924 2.65438e-18)
(0.395621 0.495782 -7.67945e-19)
(0.862441 1.04291 -6.05343e-19)
(1.00866 1.26527 -4.66383e-19)
(1.02486 1.29305 -6.65204e-19)
(0.978243 1.28215 -4.69491e-19)
(0.929307 1.25008 0)
(0.868919 1.22284 -9.33239e-20)
(0.803095 1.19254 3.85724e-20)
(0.72576 1.16457 2.80425e-19)
(0.634735 1.13932 0)
(0.54059 1.1278 5.47675e-22)
(0.498299 1.22603 -6.22203e-22)
(0.581396 1.83821 0)
(0.710145 3.00193 -6.66738e-20)
(0.805479 3.46607 0)
(0.847765 3.52755 -3.94231e-19)
(0.850469 3.45695 1.01092e-18)
(0.840815 3.101 -3.71281e-19)
(0.589969 2.13287 5.70147e-19)
(-0.363309 0.581733 -1.40959e-18)
(0.387482 0.503917 -1.25546e-20)
(0.848632 1.06493 -2.97579e-19)
(0.991731 1.29151 6.48439e-19)
(1.00825 1.31889 -1.85493e-20)
(0.962296 1.30721 -1.2438e-19)
(0.914787 1.27473 0)
(0.855842 1.24726 4.24099e-19)
(0.792137 1.21699 4.32886e-19)
(0.717295 1.1896 -5.41268e-19)
(0.629992 1.16583 3.03132e-19)
(0.542731 1.16357 1.31785e-19)
(0.524576 1.31551 0)
(0.645745 2.08755 -1.08019e-19)
(0.785233 3.16277 1.12895e-19)
(0.872756 3.45424 2.41169e-19)
(0.884917 3.46755 0)
(0.816987 3.28384 -4.99611e-19)
(0.638921 2.5343 6.07607e-19)
(0.17126 0.852082 -7.2231e-19)
(-0.274737 -0.457856 -6.52445e-19)
(0.376693 0.510302 6.95142e-19)
(0.830979 1.08376 -2.8576e-19)
(0.972699 1.31713 4.31757e-19)
(0.990722 1.3461 3.40616e-19)
(0.945856 1.33392 2.40404e-19)
(0.899558 1.30055 6.30327e-19)
(0.842253 1.27251 -8.14822e-19)
(0.78073 1.242 -5.25425e-19)
(0.708495 1.21553 5.81094e-19)
(0.621474 1.1956 7.19789e-20)
(0.547067 1.20424 4.80464e-20)
(0.558563 1.43959 1.03438e-19)
(0.712456 2.34109 -1.40995e-19)
(0.861729 3.26029 2.23953e-19)
(0.936212 3.43142 -3.5758e-19)
(0.923748 3.38779 3.63213e-19)
(0.794822 2.98524 -8.98335e-19)
(0.522072 1.88419 5.52518e-19)
(0.0801185 0.126526 0)
(-0.0927314 -0.206463 -1.03027e-18)
(0.364574 0.517003 0)
(0.812112 1.10582 -1.07442e-18)
(0.952073 1.34552 2.3435e-20)
(0.970842 1.37429 -5.96752e-19)
(0.926698 1.36111 0)
(0.88242 1.32718 -4.50473e-19)
(0.82729 1.29884 6.91694e-19)
(0.767992 1.26838 4.91521e-19)
(0.698647 1.24311 -6.04027e-19)
(0.618313 1.22549 -3.00649e-19)
(0.556103 1.24466 -1.7315e-19)
(0.600355 1.5447 4.12509e-20)
(0.788854 2.56442 1.53137e-19)
(0.929715 3.30936 1.65304e-19)
(0.985463 3.39129 -3.76792e-19)
(0.918684 3.22782 5.87718e-19)
(0.67984 2.57145 4.20099e-19)
(0.222891 0.805207 -4.96796e-19)
(-0.126202 -0.2535 0)
(-0.141646 -0.23398 0)
(0.349197 0.520693 -6.41819e-19)
(0.78873 1.12305 1.04123e-18)
(0.929108 1.37237 0)
(0.949615 1.40357 0)
(0.90671 1.38981 0)
(0.864473 1.35487 0)
(0.811639 1.32591 -2.94898e-19)
(0.755993 1.29496 -1.46148e-20)
(0.691749 1.26919 -7.52916e-20)
(0.616045 1.25401 -3.92806e-20)
(0.56401 1.29507 3.43009e-19)
(0.642747 1.69409 -1.42631e-19)
(0.85324 2.76862 0)
(0.985608 3.31829 4.12971e-20)
(1.02091 3.33029 6.15867e-19)
(0.905396 3.04631 -2.43929e-19)
(0.569813 2.02133 4.13149e-19)
(0.0573542 0.113148 2.38253e-19)
(-0.193358 -0.275494 -1.10123e-18)
(-0.0814223 -0.170052 -1.30875e-18)
(0.332524 0.52428 3.14376e-19)
(0.764587 1.14428 4.85131e-19)
(0.904016 1.40179 -9.65572e-21)
(0.925134 1.43345 2.87303e-19)
(0.883354 1.41845 0)
(0.844226 1.38274 7.18383e-19)
(0.794445 1.35314 -1.96596e-19)
(0.7415 1.32138 7.13028e-20)
(0.680512 1.29665 -2.85704e-20)
(0.61131 1.28768 -4.35355e-20)
(0.574356 1.34846 -2.17666e-19)
(0.69527 1.8077 1.73221e-19)
(0.930641 2.90465 1.96247e-19)
(1.04571 3.30943 1.4032e-19)
(1.05978 3.27177 -3.78845e-19)
(0.864132 2.76551 8.64541e-19)
(0.383545 1.37931 -5.1685e-19)
(-0.0713589 -0.20098 6.51015e-19)
(-0.236523 -0.277112 -1.9288e-18)
(-0.0753054 -0.178667 1.35409e-18)
(0.31214 0.523119 -2.94067e-19)
(0.735276 1.15802 0)
(0.875725 1.42768 -3.6102e-19)
(0.89847 1.46371 -5.45779e-19)
(0.858794 1.44818 0)
(0.822945 1.41125 -5.46935e-19)
(0.775786 1.38087 0)
(0.726861 1.349 -4.0704e-19)
(0.670823 1.32451 2.20376e-19)
(0.610741 1.31752 -4.35718e-19)
(0.589981 1.39633 3.02977e-19)
(0.741893 1.9513 -6.20705e-20)
(0.992852 3.01661 -5.12985e-19)
(1.08723 3.30673 2.75486e-19)
(1.06209 3.15725 -3.51996e-19)
(0.791633 2.4577 -2.60126e-19)
(0.328153 0.76236 6.39694e-19)
(-0.0800846 -0.30273 -7.70539e-19)
(-0.191012 -0.295741 -6.20574e-21)
(-0.0707784 -0.174168 -1.38237e-19)
(0.29038 0.520608 5.70148e-19)
(0.704293 1.1755 -4.47132e-19)
(0.843972 1.45544 3.6458e-19)
(0.867683 1.49358 2.59056e-19)
(0.830534 1.47719 2.55079e-20)
(0.79885 1.43929 2.90803e-19)
(0.755252 1.40792 0)
(0.711531 1.37506 -2.85322e-20)
(0.66297 1.34824 0)
(0.613389 1.34293 4.07308e-19)
(0.611074 1.4527 -2.77765e-19)
(0.805313 2.06326 3.09316e-20)
(1.05798 3.05783 4.79156e-19)
(1.13997 3.28284 3.0886e-19)
(1.07158 3.07792 -1.56243e-19)
(0.738403 2.19071 2.101e-19)
(0.157846 0.261379 -7.91082e-19)
(-0.119111 -0.218156 -5.01541e-19)
(-0.141573 -0.261984 -2.23207e-19)
(-0.0393475 -0.0952276 9.46377e-19)
(0.264118 0.510228 4.11425e-21)
(0.666666 1.18189 2.21932e-19)
(0.807973 1.47776 0)
(0.834148 1.52237 4.82314e-19)
(0.800919 1.50653 -7.28342e-19)
(0.773045 1.46715 2.814e-19)
(0.732835 1.43383 -2.02221e-19)
(0.693534 1.39926 3.48312e-19)
(0.648546 1.37233 -3.3979e-19)
(0.607953 1.37073 5.18156e-20)
(0.616315 1.50703 -3.30226e-19)
(0.85427 2.15355 -4.12412e-19)
(1.12884 3.10249 5.20903e-20)
(1.1774 3.2868 -6.15852e-19)
(1.02447 2.96836 -3.08592e-19)
(0.478518 1.73323 6.65179e-19)
(-0.169888 0.166395 -5.54529e-19)
(-0.333232 -0.142968 2.57399e-19)
(-0.292077 -0.253359 -2.22095e-20)
(-0.0781449 -0.107377 -9.25152e-19)
(0.236327 0.496817 1.03465e-18)
(0.625826 1.1904 -2.15692e-19)
(0.767158 1.50083 -6.23081e-19)
(0.795974 1.54947 5.05624e-19)
(0.767483 1.53415 -3.27379e-19)
(0.743081 1.49296 5.29722e-19)
(0.706796 1.4582 3.49274e-19)
(0.674578 1.42445 0)
(0.636849 1.39727 3.94413e-19)
(0.604099 1.3914 -5.99414e-20)
(0.633115 1.54493 9.10488e-20)
(0.913481 2.19976 4.18452e-19)
(1.20356 3.10186 1.02119e-19)
(1.25351 3.26765 3.74211e-20)
(1.05048 2.9608 -7.12704e-19)
(0.447436 1.67554 -4.41596e-19)
(-0.332754 0.196651 9.31396e-19)
(-0.58637 -0.393756 4.84067e-19)
(-0.565212 -0.627331 1.07617e-19)
(-0.339652 -0.612922 1.19681e-18)
(0.20417 0.472799 0)
(0.577638 1.18378 2.00859e-19)
(0.721182 1.51622 -2.84743e-19)
(0.754859 1.5742 4.82271e-19)
(0.730986 1.56031 -6.58834e-19)
(0.709656 1.51775 2.6682e-19)
(0.679671 1.48102 0)
(0.654335 1.44555 0)
(0.626582 1.41586 0)
(0.60845 1.40169 1.05798e-19)
(0.641341 1.56582 -9.4917e-20)
(0.957136 2.19196 6.08899e-20)
(1.29902 3.07946 3.36998e-19)
(1.38347 3.22879 5.04511e-19)
(1.18074 2.92636 -9.05246e-19)
(0.612325 1.62347 9.40875e-19)
(-0.143936 0.189485 1.63432e-20)
(-0.693486 -0.672367 -1.8201e-18)
(-0.737764 -1.1748 2.04987e-19)
(-0.561332 -1.15168 0)
(0.171457 0.444013 9.3203e-19)
(0.525239 1.17548 -1.87837e-19)
(0.6699 1.529 3.70962e-21)
(0.707446 1.59526 0)
(0.689206 1.58232 -3.08795e-19)
(0.672515 1.53881 1.72734e-20)
(0.649241 1.5003 0)
(0.630308 1.46041 1.0761e-19)
(0.607803 1.43011 -8.49046e-20)
(0.608059 1.40548 0)
(0.640783 1.5636 0)
(0.980475 2.15775 -1.7915e-19)
(1.40885 3.02854 -3.38258e-19)
(1.58866 3.1681 1.70122e-19)
(1.55767 2.90742 -2.10771e-19)
(1.20272 1.93937 5.03647e-19)
(0.560192 0.66911 0)
(-0.0972531 -0.385261 -1.15704e-18)
(-0.644888 -1.42582 -1.51798e-18)
(-0.609465 -1.50546 3.6475e-18)
(0.135472 0.402479 7.66775e-19)
(0.465261 1.1468 -1.77954e-19)
(0.611288 1.52987 2.59654e-19)
(0.654851 1.61076 -6.4054e-19)
(0.642561 1.60063 0)
(0.631105 1.55565 0)
(0.614092 1.51608 0)
(0.603272 1.47336 1.02749e-19)
(0.583163 1.44017 -8.10665e-20)
(0.59904 1.40637 0)
(0.617413 1.54973 0)
(0.991275 2.03838 2.63735e-19)
(1.44701 2.9106 -1.35091e-19)
(1.69983 2.9806 2.07451e-19)
(1.68066 2.70951 3.61756e-19)
(1.46618 2.04653 0)
(0.94225 0.973543 -4.12375e-20)
(0.358442 -0.123334 -2.48617e-19)
(-0.111196 -0.929027 9.76352e-19)
(-0.394985 -1.35716 -1.3006e-18)
(0.101637 0.357759 -7.11843e-19)
(0.400157 1.11216 1.83842e-19)
(0.546622 1.52328 5.31122e-19)
(0.594585 1.6189 3.74336e-19)
(0.589655 1.61192 -3.02275e-19)
(0.584737 1.56705 -2.09287e-19)
(0.574054 1.52545 1.49135e-19)
(0.569691 1.48286 0)
(0.557216 1.44609 0)
(0.571214 1.41486 0)
(0.554002 1.50702 -1.38885e-19)
(0.897953 1.87357 -2.12361e-19)
(1.37374 2.74383 8.29525e-20)
(1.58976 2.80173 -7.09009e-20)
(1.58982 2.61314 -1.44088e-19)
(1.43076 2.14088 0)
(1.07085 1.29099 -7.52211e-20)
(0.570877 0.375575 7.3332e-19)
(0.089773 -0.472192 -1.81373e-18)
(-0.170403 -0.823727 1.04653e-18)
(0.0693179 0.301693 7.53488e-19)
(0.328595 1.05133 -6.19221e-19)
(0.472335 1.49791 0)
(0.527688 1.61656 1.81641e-19)
(0.530199 1.61525 1.32937e-19)
(0.533731 1.57437 2.92584e-19)
(0.531282 1.52863 -1.39416e-19)
(0.534285 1.48941 0)
(0.527418 1.45107 0)
(0.53905 1.42609 -2.30734e-19)
(0.506023 1.45191 4.36331e-20)
(0.682022 1.70707 9.1396e-20)
(1.13815 2.56112 6.11033e-20)
(1.33315 2.68776 -2.16378e-19)
(1.34203 2.57176 5.21907e-19)
(1.26522 2.23462 -1.01817e-18)
(1.02324 1.63741 7.97585e-19)
(0.635794 0.927687 0)
(0.257422 0.22169 7.18506e-20)
(-0.000517934 -0.211092 -2.45946e-18)
(0.0426484 0.246108 7.76539e-19)
(0.255936 0.98448 0)
(0.393967 1.46183 0)
(0.4534 1.60249 0)
(0.46524 1.60655 1.12542e-19)
(0.476247 1.56927 -2.81633e-19)
(0.487948 1.52099 -1.2853e-19)
(0.498222 1.48463 0)
(0.498182 1.44973 0)
(0.520116 1.43222 1.30684e-19)
(0.502853 1.4361 4.15748e-20)
(0.498689 1.61422 -3.333e-20)
(0.822504 2.37113 -7.30978e-20)
(1.04458 2.62275 -1.93844e-19)
(1.03912 2.58312 3.29697e-19)
(0.98048 2.41628 -5.80545e-19)
(0.848585 2.05548 5.98204e-19)
(0.574084 1.44197 0)
(0.306012 0.823709 -6.70674e-20)
(0.0983297 0.320651 -1.38146e-18)
(0.0224562 0.182464 -7.41525e-19)
(0.181576 0.883346 2.56139e-19)
(0.306637 1.39204 3.90785e-19)
(0.369998 1.56611 -2.25009e-20)
(0.394388 1.58219 -2.36845e-19)
(0.412564 1.55076 -1.57748e-19)
(0.437124 1.50377 3.59721e-19)
(0.460141 1.47108 -6.48895e-21)
(0.477345 1.4304 0)
(0.525239 1.42705 3.9421e-20)
(0.532445 1.45117 4.78691e-21)
(0.463277 1.62042 2.14569e-20)
(0.57469 2.21656 0)
(0.764687 2.64672 7.44315e-20)
(0.728417 2.70289 0)
(0.689653 2.61686 1.15781e-19)
(0.630242 2.32754 7.15275e-20)
(0.44429 1.85306 0)
(0.269219 1.28011 0)
(0.112809 0.676884 -1.16251e-18)
(0.00838629 0.121067 6.06936e-19)
(0.117042 0.798843 -2.27763e-19)
(0.215167 1.3188 1.75186e-19)
(0.277763 1.51182 -2.74968e-19)
(0.313132 1.54148 1.06862e-19)
(0.344229 1.51387 -3.69038e-20)
(0.382091 1.46882 2.49042e-20)
(0.431697 1.42883 -4.63466e-20)
(0.476989 1.37518 -2.97369e-20)
(0.575705 1.38358 -2.64703e-20)
(0.601073 1.48601 1.58041e-21)
(0.498811 1.67185 0)
(0.450205 2.22465 4.07601e-21)
(0.550717 2.70394 0)
(0.506518 2.78225 0)
(0.479182 2.72621 0)
(0.419299 2.55332 4.63961e-19)
(0.297233 2.19334 -1.23905e-18)
(0.193619 1.60416 2.9638e-22)
(0.0830563 0.892511 8.87068e-19)
(-0.00271707 0.0508034 1.05301e-19)
(0.0611729 0.669032 9.80063e-20)
(0.130502 1.20557 -7.99088e-20)
(0.185133 1.42485 -5.87699e-20)
(0.226793 1.47169 4.74287e-20)
(0.271986 1.44883 3.45655e-20)
(0.325637 1.40151 2.53364e-20)
(0.405171 1.34146 0)
(0.481819 1.26694 -1.28878e-20)
(0.618309 1.3093 -9.9065e-21)
(0.627626 1.5151 2.16477e-20)
(0.589203 1.81764 0)
(0.410806 2.31007 2.07641e-21)
(0.419551 2.76289 -7.00605e-21)
(0.351024 2.87823 0)
(0.283498 2.89076 0)
(0.209042 2.80531 -2.43254e-20)
(0.127425 2.37298 0)
(0.0901226 1.80786 -1.9853e-20)
(0.0256368 1.00637 0)
(-0.00429858 -0.0019177 0)
(0.0229613 0.559361 0)
(0.0550836 1.09407 0)
(0.0996414 1.31873 0)
(0.143653 1.37508 -1.15641e-33)
(0.198671 1.35919 8.99948e-34)
(0.263453 1.30679 0)
(0.356435 1.23143 0)
(0.441205 1.16286 0)
(0.582578 1.23874 0)
(0.607917 1.52429 0)
(0.608814 1.9993 0)
(0.365318 2.45227 0)
(0.308408 2.85922 0)
(0.201556 3.02936 0)
(0.0963773 3.10494 0)
(0.0334433 2.97325 0)
(0.0180481 2.45125 0)
(0.0115294 1.92918 0)
(-0.00802163 1.0395 0)
(-0.00147267 -0.0234059 0)
(-9.78288e-05 0.515759 0)
(0.0108578 1.02626 0)
(0.0384952 1.23464 0)
(0.0752681 1.28045 0)
(0.126573 1.26383 0)
(0.185827 1.20746 0)
(0.266851 1.12849 0)
(0.331179 1.06423 0)
(0.456793 1.1483 0)
(0.484697 1.52628 0)
(0.495975 2.15623 0)
(0.237348 2.63 0)
(0.125532 3.05095 0)
(-0.00639076 3.24116 0)
(-0.0880321 3.26404 0)
(-0.0879371 2.97768 0)
(-0.045669 2.42907 0)
(-0.0285948 1.92169 0)
(-0.014328 1.01486 0)
(-0.00691458 -0.000139308 0)
(-0.0084881 0.522696 0)
(-0.0137245 0.998943 0)
(0.000595548 1.17898 0)
(0.0203615 1.21135 0)
(0.056133 1.18934 0)
(0.0915528 1.13538 0)
(0.139249 1.06041 0)
(0.162261 0.998912 0)
(0.231617 1.09419 0)
(0.165337 1.56409 0)
(0.1755 2.33506 0)
(-0.1076 2.87644 0)
(-0.156825 3.25325 0)
(-0.251382 3.38246 0)
(-0.250922 3.25865 0)
(-0.160361 2.85418 0)
(-0.0849778 2.33268 0)
(-0.0497244 1.85978 0)
(-0.020644 0.911411 0)
(-0.006293 0.0328901 0)
(-0.0154721 0.550263 0)
(-0.0278034 1.00325 0)
(-0.0262672 1.156 0)
(-0.0235986 1.17821 0)
(-0.0121511 1.15449 0)
(-0.00634432 1.10824 0)
(-0.00282382 1.04314 0)
(-0.0284583 0.995021 0)
(-0.0594114 1.12237 0)
(-0.204462 1.63652 0)
(-0.2269 2.49741 0)
(-0.455153 3.00948 0)
(-0.40677 3.2901 0)
(-0.411364 3.3475 0)
(-0.309239 3.12648 0)
(-0.180707 2.58039 0)
(-0.0948342 2.1875 0)
(-0.0567501 1.72142 0)
(-0.0187113 0.762289 0)
(-0.00557731 0.0762186 0)
(-0.0213792 0.607322 0)
(-0.037872 1.02798 0)
(-0.0469555 1.16452 0)
(-0.0604286 1.18275 0)
(-0.0725637 1.16231 0)
(-0.0945307 1.12678 0)
(-0.131382 1.07739 0)
(-0.206727 1.05024 0)
(-0.3227 1.20627 0)
(-0.507848 1.74577 0)
(-0.54212 2.58927 0)
(-0.644588 2.99664 0)
(-0.549626 3.18834 0)
(-0.43804 3.19958 0)
(-0.259224 2.83104 0)
(-0.137349 2.34469 0)
(-0.078218 2.05216 0)
(-0.0451568 1.5903 0)
(-0.0133802 0.63882 0)
(-0.00533338 0.125613 0)
(-0.0243532 0.670565 0)
(-0.0448485 1.07263 0)
(-0.0604001 1.19889 0)
(-0.0878892 1.21957 0)
(-0.116983 1.2051 0)
(-0.161369 1.1825 0)
(-0.228213 1.15193 0)
(-0.3361 1.14854 0)
(-0.492591 1.31704 0)
(-0.670303 1.86085 0)
(-0.671602 2.59454 0)
(-0.689166 2.90679 0)
(-0.530684 3.02388 0)
(-0.367804 2.8514 0)
(-0.163011 2.53721 0)
(-0.0865774 2.18752 0)
(-0.0540638 1.95298 0)
(-0.0300499 1.49012 0)
(-0.00772348 0.550386 0)
(-0.00470242 0.177883 0)
(-0.0244809 0.740072 0)
(-0.0478088 1.13128 0)
(-0.0685754 1.25612 0)
(-0.103898 1.28028 0)
(-0.142838 1.27281 0)
(-0.200081 1.26326 0)
(-0.282399 1.25254 0)
(-0.403544 1.26986 0)
(-0.568005 1.43228 0)
(-0.703876 1.94642 0)
(-0.6766 2.56751 0)
(-0.620695 2.78923 0)
(-0.402877 2.78248 0)
(-0.251757 2.53912 0)
(-0.0932808 2.32564 0)
(-0.052124 2.09635 0)
(-0.0356244 1.89304 0)
(-0.0187491 1.42205 0)
(-0.00319027 0.49761 0)
(-0.00382315 0.227567 0)
(-0.0220648 0.810268 0)
(-0.0464598 1.19884 0)
(-0.0703446 1.32677 0)
(-0.108628 1.35563 0)
(-0.151633 1.35494 0)
(-0.212197 1.35647 0)
(-0.295972 1.36302 0)
(-0.413786 1.39706 0)
(-0.564395 1.54283 0)
(-0.676049 1.97127 0)
(-0.611396 2.48487 0)
(-0.467098 2.59705 0)
(-0.266097 2.54251 0)
(-0.148798 2.33024 0)
(-0.0541665 2.19156 0)
(-0.0316364 2.04625 0)
(-0.0239574 1.85834 0)
(-0.0113279 1.37505 0)
(-0.000582126 0.468673 0)
(-0.00285423 0.270902 0)
(-0.0184349 0.875455 0)
(-0.0415904 1.26727 0)
(-0.0658679 1.40115 0)
(-0.103725 1.43477 0)
(-0.146371 1.43993 0)
(-0.203504 1.44946 0)
(-0.278816 1.46803 0)
(-0.380478 1.51272 0)
(-0.499493 1.64117 0)
(-0.586943 1.96604 0)
(-0.476645 2.34255 0)
(-0.326228 2.41228 0)
(-0.167649 2.3513 0)
(-0.0853383 2.20286 0)
(-0.0352053 2.11581 0)
(-0.0215417 2.01925 0)
(-0.0175507 1.83588 0)
(-0.00687554 1.34021 0)
(0.000586109 0.453705 0)
(-0.00199992 0.306141 0)
(-0.0145383 0.93228 0)
(-0.0350555 1.33065 0)
(-0.0575599 1.4716 0)
(-0.0923265 1.50923 0)
(-0.131639 1.51873 0)
(-0.182071 1.53288 0)
(-0.244991 1.55757 0)
(-0.325126 1.60527 0)
(-0.411635 1.71475 0)
(-0.461966 1.94676 0)
(-0.365036 2.21878 0)
(-0.228439 2.26282 0)
(-0.115253 2.21609 0)
(-0.0575378 2.12646 0)
(-0.0293014 2.07296 0)
(-0.0184772 2.00169 0)
(-0.0145562 1.81694 0)
(-0.00451254 1.31212 0)
(0.000907045 0.446029 0)
(-0.00137331 0.333074 0)
(-0.010901 0.979404 0)
(-0.0282999 1.38631 0)
(-0.0479678 1.53471 0)
(-0.0780021 1.57517 0)
(-0.112377 1.58725 0)
(-0.155093 1.60301 0)
(-0.205927 1.62923 0)
(-0.266294 1.67443 0)
(-0.326237 1.76346 0)
(-0.355318 1.92596 0)
(-0.279528 2.11614 0)
(-0.169066 2.14889 0)
(-0.0913933 2.12272 0)
(-0.0490081 2.075 0)
(-0.0291844 2.04261 0)
(-0.0183452 1.98425 0)
(-0.0129484 1.79697 0)
(-0.00327541 1.28791 0)
(0.000793564 0.441503 0)
(-0.00101951 0.353021 0)
(-0.00812313 1.01755 0)
(-0.0225712 1.43338 0)
(-0.0392251 1.58879 0)
(-0.0640425 1.63103 0)
(-0.0927063 1.64412 0)
(-0.127571 1.65911 0)
(-0.167878 1.68395 0)
(-0.212577 1.72407 0)
(-0.253478 1.79483 0)
(-0.269671 1.9089 0)
(-0.214999 2.03775 0)
(-0.132939 2.06611 0)
(-0.0793345 2.05683 0)
(-0.0467752 2.03482 0)
(-0.0298445 2.01534 0)
(-0.0184916 1.96412 0)
(-0.011689 1.77566 0)
(-0.00266064 1.26665 0)
(0.000517421 0.438011 0)
(-0.000850454 0.368196 0)
(-0.00644594 1.04849 0)
(-0.0184502 1.47203 0)
(-0.0323315 1.63322 0)
(-0.0523062 1.67672 0)
(-0.0753487 1.68986 0)
(-0.102846 1.70267 0)
(-0.13412 1.72447 0)
(-0.16697 1.75832 0)
(-0.1952 1.814 0)
(-0.203562 1.8954 0)
(-0.16579 1.98216 0)
(-0.108289 2.00744 0)
(-0.0703233 2.00863 0)
(-0.044683 2.00077 0)
(-0.0292619 1.98899 0)
(-0.0179321 1.94236 0)
(-0.0104872 1.75443 0)
(-0.00239485 1.24804 0)
(0.000259688 0.434592 0)
(-0.000684134 0.38049 0)
(-0.00537332 1.07417 0)
(-0.0154582 1.50343 0)
(-0.0269198 1.66872 0)
(-0.0427572 1.71318 0)
(-0.0609706 1.72598 0)
(-0.0822354 1.73642 0)
(-0.105986 1.75465 0)
(-0.129898 1.78202 0)
(-0.149639 1.82537 0)
(-0.153572 1.88451 0)
(-0.127756 1.94385 0)
(-0.0887661 1.96581 0)
(-0.0612367 1.97225 0)
(-0.0408798 1.97151 0)
(-0.0270227 1.96425 0)
(-0.0164116 1.92096 0)
(-0.00913151 1.73471 0)
(-0.00214998 1.23198 0)
(0.000116575 0.4311 0)
(-0.000452632 0.390508 0)
(-0.00427079 1.09561 0)
(-0.0127802 1.52938 0)
(-0.0222428 1.69718 0)
(-0.0347019 1.74216 0)
(-0.0491162 1.75438 0)
(-0.065555 1.76295 0)
(-0.0835087 1.77787 0)
(-0.100884 1.79949 0)
(-0.114733 1.83281 0)
(-0.116296 1.87619 0)
(-0.0984694 1.91759 0)
(-0.0721377 1.93604 0)
(-0.0518256 1.94434 0)
(-0.0356464 1.9468 0)
(-0.0236021 1.94202 0)
(-0.0141947 1.90125 0)
(-0.00760412 1.71719 0)
(-0.00178183 1.21842 0)
(6.97479e-05 0.42783 0)
(-0.000253511 0.398119 0)
(-0.00308523 1.11309 0)
(-0.0101726 1.55121 0)
(-0.0180506 1.72029 0)
(-0.0277145 1.76516 0)
(-0.0391193 1.77644 0)
(-0.0517699 1.78356 0)
(-0.0654808 1.79566 0)
(-0.0782801 1.81275 0)
(-0.0880989 1.83832 0)
(-0.0884952 1.87036 0)
(-0.0759165 1.89978 0)
(-0.0578236 1.91481 0)
(-0.0426411 1.92303 0)
(-0.0298554 1.92655 0)
(-0.019737 1.92297 0)
(-0.0117728 1.88407 0)
(-0.00609358 1.7023 0)
(-0.00137767 1.20741 0)
(5.25463e-05 0.425124 0)
(-0.000151975 0.403497 0)
(-0.00212683 1.12696 0)
(-0.00795438 1.5696 0)
(-0.0146725 1.73902 0)
(-0.0220805 1.78315 0)
(-0.0311459 1.79325 0)
(-0.0407015 1.79913 0)
(-0.0513283 1.80876 0)
(-0.0609103 1.82239 0)
(-0.0680682 1.84222 0)
(-0.067982 1.8662 0)
(-0.0589013 1.88757 0)
(-0.0460992 1.89957 0)
(-0.0345867 1.90684 0)
(-0.0245257 1.91036 0)
(-0.016184 1.90724 0)
(-0.00961783 1.86965 0)
(-0.00482096 1.68998 0)
(-0.00106434 1.19865 0)
(2.86695e-05 0.422983 0)
(-0.000117451 0.407236 0)
(-0.00149883 1.13764 0)
(-0.00619935 1.58491 0)
(-0.0119658 1.75419 0)
(-0.0175076 1.79714 0)
(-0.0247409 1.80606 0)
(-0.0317105 1.81086 0)
(-0.0400023 1.81834 0)
(-0.0471363 1.82918 0)
(-0.0524731 1.84465 0)
(-0.0522367 1.8629 0)
(-0.0456076 1.87876 0)
(-0.0363487 1.88825 0)
(-0.0275793 1.89429 0)
(-0.0197619 1.89738 0)
(-0.0130111 1.89436 0)
(-0.00773995 1.85774 0)
(-0.00377965 1.68001 0)
(-0.000836576 1.19185 0)
(1.07931e-05 0.421301 0)
(-0.000102652 0.409981 0)
(-0.00109201 1.14589 0)
(-0.00484767 1.59751 0)
(-0.0098657 1.76625 0)
(-0.0140127 1.80776 0)
(-0.0199196 1.81576 0)
(-0.0249361 1.81974 0)
(-0.0315369 1.82557 0)
(-0.0367817 1.83421 0)
(-0.0408242 1.84631 0)
(-0.0405092 1.86033 0)
(-0.0356096 1.87227 0)
(-0.0287719 1.87977 0)
(-0.0220199 1.88465 0)
(-0.0159326 1.8872 0)
(-0.0104664 1.88415 0)
(-0.00625223 1.84821 0)
(-0.00298876 1.67204 0)
(-0.000668546 1.18647 0)
(1.17342e-06 0.41992 0)
(-7.61888e-05 0.411974 0)
(-0.000761377 1.15212 0)
(-0.00364072 1.60808 0)
(-0.00789631 1.77642 0)
(-0.0109396 1.81637 0)
(-0.0157418 1.82356 0)
(-0.0192714 1.82683 0)
(-0.0245728 1.83141 0)
(-0.0283798 1.83821 0)
(-0.0314779 1.8476 0)
(-0.0311066 1.85832 0)
(-0.0274569 1.86729 0)
(-0.0223573 1.8731 0)
(-0.017172 1.87693 0)
(-0.0124972 1.8789 0)
(-0.00816166 1.87575 0)
(-0.00487492 1.84035 0)
(-0.00227903 1.6656 0)
(-0.000505708 1.18231 0)
(3.21179e-06 0.418849 0)
(-5.25937e-05 0.413399 0)
(-0.000521601 1.15676 0)
(-0.00273688 1.61633 0)
(-0.00636476 1.78419 0)
(-0.00869257 1.82263 0)
(-0.0126869 1.82924 0)
(-0.0152555 1.83196 0)
(-0.0196374 1.83574 0)
(-0.0224405 1.84117 0)
(-0.024881 1.84861 0)
(-0.0244304 1.8569 0)
(-0.0216248 1.86375 0)
(-0.017695 1.86828 0)
(-0.0136106 1.87128 0)
(-0.0099472 1.87277 0)
(-0.00647002 1.8695 0)
(-0.00386779 1.83446 0)
(-0.00178114 1.66074 0)
(-0.000386096 1.17913 0)
(5.03832e-06 0.418019 0)
(-3.69391e-05 0.414361 0)
(-0.000336113 1.16027 0)
(-0.00194407 1.62342 0)
(-0.00486968 1.79121 0)
(-0.00661393 1.82824 0)
(-0.00979989 1.83427 0)
(-0.011626 1.83641 0)
(-0.0151171 1.83942 0)
(-0.0171513 1.84359 0)
(-0.019053 1.84935 0)
(-0.0185937 1.85564 0)
(-0.0164564 1.86077 0)
(-0.013482 1.86418 0)
(-0.0103606 1.86643 0)
(-0.00758008 1.86746 0)
(-0.00490401 1.86405 0)
(-0.00292002 1.82936 0)
(-0.00132621 1.65659 0)
(-0.000281712 1.17657 0)
(3.47502e-06 0.417401 0)
(-2.67881e-05 0.415004 0)
(-0.00024871 1.16258 0)
(-0.00148191 1.62815 0)
(-0.00389877 1.79581 0)
(-0.00534534 1.83177 0)
(-0.0079922 1.83744 0)
(-0.00944753 1.83919 0)
(-0.0123428 1.84176 0)
(-0.0138993 1.84512 0)
(-0.015437 1.8498 0)
(-0.0149598 1.85479 0)
(-0.0132417 1.85884 0)
(-0.0108447 1.86156 0)
(-0.00831946 1.86333 0)
(-0.00608608 1.86406 0)
(-0.00393451 1.86058 0)
(-0.00234596 1.82611 0)
(-0.00107344 1.65394 0)
(-0.000229732 1.17486 0)
(1.5092e-06 0.416948 0)
(-2.2606e-05 0.415531 0)
(-0.000170331 1.16472 0)
(-0.00103466 1.63291 0)
(-0.00282457 1.80083 0)
(-0.003939 1.83584 0)
(-0.00591786 1.84101 0)
(-0.00700629 1.84231 0)
(-0.00915972 1.84428 0)
(-0.0102813 1.8467 0)
(-0.0114132 1.85018 0)
(-0.0109944 1.85381 0)
(-0.00972071 1.85676 0)
(-0.00795572 1.85872 0)
(-0.00609799 1.85999 0)
(-0.00445948 1.86042 0)
(-0.00288101 1.85686 0)
(-0.0017103 1.82264 0)
(-0.000781036 1.6511 0)
(-0.000163216 1.17312 0)
(-4.68358e-07 0.416532 0)
(-2.33124e-05 0.415804 0)
(-0.0001503 1.16563 0)
(-0.000855271 1.63496 0)
(-0.00235868 1.80295 0)
(-0.00336413 1.83752 0)
(-0.00507069 1.84246 0)
(-0.00605714 1.8436 0)
(-0.00791145 1.84535 0)
(-0.00886074 1.84739 0)
(-0.00981306 1.85037 0)
(-0.00940169 1.85342 0)
(-0.00829937 1.85589 0)
(-0.00677826 1.85754 0)
(-0.00518596 1.8586 0)
(-0.0037854 1.8589 0)
(-0.0024493 1.85533 0)
(-0.00145762 1.82123 0)
(-0.000678238 1.64995 0)
(-0.000150505 1.17239 0)
(-7.59847e-06 0.416321 0)
(-2.18401e-05 0.416324 0)
(-0.000127486 1.16738 0)
(-0.000602518 1.63868 0)
(-0.00157576 1.80707 0)
(-0.00233008 1.84098 0)
(-0.00343357 1.84545 0)
(-0.0041724 1.84622 0)
(-0.00536065 1.84738 0)
(-0.00601251 1.84866 0)
(-0.00662162 1.85063 0)
(-0.00632778 1.85259 0)
(-0.00559134 1.85421 0)
(-0.00457714 1.85525 0)
(-0.00352364 1.85592 0)
(-0.00258516 1.856 0)
(-0.00170086 1.85236 0)
(-0.00102285 1.81846 0)
(-0.000495502 1.64763 0)
(-0.000125338 1.17089 0)
(-1.21688e-05 0.415872 0)
(-0.281189 1.69174 1.89018e-22)
(0.424099 3.27947 -1.99461e-19)
(0.101699 3.49996 3.03093e-19)
(0.216427 3.45922 0)
(0.183483 3.40405 0)
(0.178068 3.35146 -1.76389e-19)
(0.180483 3.32525 2.35747e-19)
(0.152335 3.2719 -2.47307e-19)
(0.129245 3.1635 5.06832e-21)
(0.123444 2.56725 4.02635e-19)
(-0.102131 2.41322 6.24848e-23)
(0.15163 3.33372 1.79542e-19)
(0.0183881 3.45653 0)
(0.112159 3.40415 0)
(0.0882481 3.35524 5.23816e-21)
(0.0942575 3.31287 4.01453e-19)
(0.0892034 3.27412 -2.46504e-19)
(0.0626289 3.23456 -4.82197e-21)
(0.0584306 3.0712 4.59991e-21)
(0.00324869 2.07348 0)
(-0.0262928 2.11837 -5.34326e-21)
(0.0972084 3.1662 6.29089e-21)
(0.0382324 3.36113 0)
(0.0857685 3.33509 1.78641e-19)
(0.0642189 3.30693 -1.55839e-21)
(0.0650977 3.28263 -2.23355e-19)
(0.0537279 3.2671 -3.1793e-19)
(0.037749 3.24266 -2.57298e-22)
(0.0448052 3.11349 4.78813e-21)
(-0.0157994 2.20539 0)
(-0.0383013 2.05228 5.36438e-20)
(0.0333599 3.13708 0)
(-0.00728907 3.31905 -9.67224e-20)
(0.0302812 3.31143 -6.00578e-20)
(0.0228481 3.28792 8.48624e-21)
(0.0296612 3.26286 -1.65879e-19)
(0.0333613 3.24414 1.42436e-19)
(0.0255373 3.23166 -5.511e-21)
(0.0446704 3.12159 7.46297e-21)
(0.00841659 2.24638 1.95751e-19)
(-0.0444545 2.04398 -5.0402e-20)
(0.0195018 3.09994 0)
(-0.00208685 3.27285 2.2658e-19)
(0.0196892 3.26447 -1.30841e-19)
(0.0180262 3.24949 -7.50544e-22)
(0.0218529 3.23704 -8.1726e-21)
(0.0233808 3.23344 -1.5289e-20)
(0.0239748 3.22253 -2.02967e-19)
(0.0445828 3.1249 5.53064e-21)
(-0.00314993 2.30987 -4.1456e-19)
(-0.0523026 2.0908 0)
(-0.00654435 3.09115 -1.42072e-19)
(-0.02617 3.24746 2.32221e-20)
(-0.0107084 3.24905 -1.01541e-20)
(-0.00230592 3.23366 1.04686e-20)
(0.0054673 3.22051 1.76155e-19)
(0.0185952 3.20979 1.87597e-19)
(0.0225805 3.20484 4.0426e-19)
(0.0431183 3.1233 2.2805e-19)
(0.0111389 2.35301 -1.62789e-20)
(-0.0476658 2.15099 0)
(-0.0174568 3.08619 1.46874e-19)
(-0.0171567 3.2158 -1.56773e-19)
(-0.00959224 3.21348 -1.14901e-20)
(0.00146236 3.20272 2.39232e-20)
(0.00932613 3.19538 3.87869e-22)
(0.0167354 3.19594 -1.31013e-20)
(0.0223865 3.1902 -2.13774e-19)
(0.0430279 3.12009 -2.22249e-19)
(0.00371699 2.41877 -1.70036e-20)
(-0.050279 2.22692 1.84362e-19)
(-0.0275896 3.08597 -8.54366e-21)
(-0.031212 3.19536 5.92387e-21)
(-0.0226484 3.19653 0)
(-0.0121826 3.18619 0)
(-0.000912548 3.17852 0)
(0.0146386 3.17082 0)
(0.0212203 3.16914 2.49026e-19)
(0.041048 3.1126 -2.58178e-19)
(0.0157824 2.46349 2.51871e-19)
(-0.0442689 2.31264 2.56244e-20)
(-0.0323421 3.08756 2.08495e-19)
(-0.0199829 3.17014 0)
(-0.0142353 3.16566 -1.38953e-20)
(-0.00374892 3.15761 1.4217e-20)
(0.00582094 3.15273 0)
(0.0142672 3.15471 -7.8404e-21)
(0.020669 3.15237 -2.41638e-19)
(0.0405283 3.10868 2.59099e-19)
(0.0102099 2.5328 0)
(-0.0452469 2.39996 1.77336e-20)
(-0.0361625 3.08541 -3.22594e-19)
(-0.0302153 3.15008 0)
(-0.0224054 3.14718 0)
(-0.0133442 3.13947 1.56861e-20)
(-0.00218122 3.13413 -1.33918e-19)
(0.0125408 3.1283 -1.66183e-20)
(0.0195484 3.12939 1.43753e-19)
(0.0383496 3.0963 0)
(0.0195129 2.58098 0)
(-0.0384821 2.49515 -3.43796e-19)
(-0.0382496 3.08401 1.16204e-19)
(-0.0200588 3.12441 0)
(-0.0129411 3.11615 0)
(-0.00352592 3.10935 0)
(0.00584444 3.10615 2.78626e-19)
(0.0137459 3.10935 0)
(0.0199681 3.11034 -1.53453e-19)
(0.038081 3.09012 9.56565e-21)
(0.014701 2.6536 1.6393e-19)
(-0.038839 2.5856 1.24638e-19)
(-0.0404032 3.07389 -1.22896e-20)
(-0.0300149 3.1012 1.49005e-19)
(-0.0213214 3.09513 1.45236e-19)
(-0.0123412 3.08867 0)
(-0.000941655 3.08466 -1.44479e-19)
(0.0131937 3.08069 0)
(0.0212612 3.08454 0)
(0.0382828 3.07237 0)
(0.0225174 2.70646 -1.64691e-19)
(-0.0340242 2.68216 -1.37385e-19)
(-0.0429432 3.06411 1.42099e-19)
(-0.0230046 3.07204 -1.40557e-19)
(-0.0131443 3.06187 -2.23334e-19)
(-0.00301561 3.05667 0)
(0.00728974 3.05507 2.01027e-20)
(0.0161601 3.05929 -1.02479e-20)
(0.0246298 3.06287 7.72655e-20)
(0.0419061 3.0613 9.58406e-20)
(0.0206065 2.78025 -9.87646e-20)
(-0.0353421 2.76893 1.40927e-19)
(-0.046877 3.04278 -1.36387e-19)
(-0.0330842 3.04548 9.83487e-21)
(-0.0209369 3.04037 5.73083e-20)
(-0.0109408 3.0365 -8.35777e-20)
(0.000251947 3.03423 0)
(0.0144362 3.03146 8.99805e-20)
(0.0258613 3.03562 4.94989e-21)
(0.0444128 3.03682 -1.86807e-19)
(0.0288528 2.83265 -6.54739e-21)
(-0.0287846 2.85846 -4.17238e-20)
(-0.0438025 3.02372 1.00872e-20)
(-0.0226834 3.01806 -5.25052e-20)
(-0.0109883 3.01453 2.15114e-20)
(-0.00222342 3.01404 1.0208e-19)
(0.00630834 3.0135 -4.36013e-20)
(0.0137824 3.01475 -4.27153e-20)
(0.0231259 3.01678 -4.45622e-20)
(0.0419896 3.02153 9.65525e-20)
(0.0246082 2.90019 4.65853e-20)
(-0.0179666 2.93725 3.35212e-20)
(-0.0261395 2.99852 1.48556e-20)
(-0.0162396 3.00046 2.89335e-20)
(-0.00939237 3.00171 -5.92403e-20)
(-0.00407487 3.00262 2.00984e-20)
(0.000624297 3.00219 4.06729e-20)
(0.00590618 3.0006 -4.2405e-20)
(0.0108714 2.99895 -4.45433e-20)
(0.0217403 2.99743 6.10221e-21)
(0.0166671 2.94922 4.3172e-20)
)
;

boundaryField
{
    wall-4
    {
        type            noSlip;
    }
    pressure-outlet-7
    {
        type            zeroGradient;
    }
    velocity-inlet-6
    {
        type            fixedValue;
        value           uniform (0 3 0);
    }
    velocity-inlet-5
    {
        type            fixedValue;
        value           uniform (1 0 0);
    }
    frontAndBackPlanes
    {
        type            empty;
    }
}


// ************************************************************************* //
