/*--------------------------------*- C++ -*----------------------------------*\
  =========                 |
  \\      /  F ield         | OpenFOAM: The Open Source CFD Toolbox
   \\    /   O peration     | Website:  https://openfoam.org
    \\  /    A nd           | Version:  9
     \\/     M anipulation  |
\*---------------------------------------------------------------------------*/
FoamFile
{
    format      ascii;
    class       volVectorField;
    location    "35";
    object      U;
}
// * * * * * * * * * * * * * * * * * * * * * * * * * * * * * * * * * * * * * //

dimensions      [0 1 -1 0 0 0 0];

internalField   nonuniform List<vector> 
2200
(
(0.878827 -0.0304145 0)
(1.00577 -0.0512833 0)
(1.00324 -0.0354103 0)
(1.00019 -0.0244558 0)
(0.999806 -0.0167004 0)
(1.00004 -0.0107956 0)
(1.00004 -0.00686529 0)
(1.00002 -0.00419938 0)
(0.999988 -0.00222574 0)
(1.00016 -0.000730422 0)
(1.00004 0.000940925 0)
(0.999924 0.00242013 0)
(0.999977 0.00440765 0)
(1.00011 0.00705497 0)
(1.00008 0.01088 0)
(0.999774 0.0166861 0)
(1.00016 0.0244379 0)
(1.00344 0.0351007 0)
(1.0059 0.0513451 0)
(0.878956 0.0303517 0)
(0.712019 -0.0327645 0)
(0.996633 -0.0630223 0)
(1.03334 -0.0561477 0)
(1.02492 -0.046386 0)
(1.01586 -0.036043 0)
(1.00964 -0.0263033 0)
(1.00597 -0.0181511 0)
(1.00377 -0.0115117 0)
(1.00257 -0.00611385 0)
(1.00202 -0.00159317 0)
(1.00204 0.00255354 0)
(1.00259 0.00709303 0)
(1.00377 0.0123479 0)
(1.00575 0.0188512 0)
(1.00941 0.0269038 0)
(1.01575 0.0367177 0)
(1.02486 0.0470999 0)
(1.03312 0.0573549 0)
(0.996634 0.0631528 0)
(0.711823 0.032953 0)
(0.535459 -0.0239032 0)
(0.969862 -0.0569798 0)
(1.05643 -0.0547895 0)
(1.05229 -0.0489032 0)
(1.03629 -0.0405686 0)
(1.02437 -0.0323249 0)
(1.01578 -0.0241037 0)
(1.01033 -0.0162632 0)
(1.00718 -0.00906328 0)
(1.00569 -0.00245572 0)
(1.00564 0.00386983 0)
(1.00705 0.010368 0)
(1.01008 0.0174059 0)
(1.01543 0.0250884 0)
(1.0241 0.0332908 0)
(1.03603 0.0412773 0)
(1.052 0.0494006 0)
(1.05635 0.0538741 0)
(0.96925 0.057543 0)
(0.534459 0.0239293 0)
(0.392128 -0.0136623 0)
(0.911624 -0.0464032 0)
(1.0574 -0.0470106 0)
(1.06943 -0.0443079 0)
(1.05492 -0.0382766 0)
(1.03935 -0.0316967 0)
(1.02743 -0.024833 0)
(1.01898 -0.0175722 0)
(1.0136 -0.0100883 0)
(1.0109 -0.00257036 0)
(1.01074 0.00484352 0)
(1.01325 0.0121756 0)
(1.01849 0.0193543 0)
(1.02697 0.0263823 0)
(1.03871 0.0328577 0)
(1.05424 0.0392452 0)
(1.06866 0.0453195 0)
(1.05589 0.0479773 0)
(0.910282 0.0468116 0)
(0.390346 0.0137356 0)
(0.307539 -0.00449795 0)
(0.846665 -0.0323782 0)
(1.04939 -0.0399153 0)
(1.07935 -0.0382441 0)
(1.068 -0.0336392 0)
(1.0516 -0.0281459 0)
(1.03835 -0.0228403 0)
(1.02817 -0.0168298 0)
(1.02117 -0.00998809 0)
(1.01744 -0.00242939 0)
(1.01725 0.00537237 0)
(1.02068 0.0127771 0)
(1.02747 0.0194549 0)
(1.03732 0.0251539 0)
(1.05044 0.030131 0)
(1.06675 0.0354129 0)
(1.07772 0.0397063 0)
(1.04735 0.0413564 0)
(0.843513 0.03284 0)
(0.304515 0.00467629 0)
(0.263997 8.37715e-05 0)
(0.788464 -0.0201392 0)
(1.03281 -0.0316272 0)
(1.08315 -0.0322767 0)
(1.07693 -0.0289872 0)
(1.0605 -0.0240836 0)
(1.04707 -0.0196344 0)
(1.03624 -0.0145655 0)
(1.02837 -0.00861462 0)
(1.02385 -0.00165764 0)
(1.02356 0.00567165 0)
(1.02759 0.0123375 0)
(1.03503 0.0178511 0)
(1.04557 0.0224334 0)
(1.05874 0.0265536 0)
(1.07508 0.03098 0)
(1.08098 0.0338144 0)
(1.03002 0.0329777 0)
(0.783834 0.0206217 0)
(0.259915 7.86504e-05 0)
(0.240018 0.00105393 0)
(0.737996 -0.0123261 0)
(1.0135 -0.025031 0)
(1.08395 -0.0268512 0)
(1.08279 -0.0245404 0)
(1.06755 -0.0203809 0)
(1.05402 -0.0164696 0)
(1.04323 -0.0121345 0)
(1.03517 -0.00699211 0)
(1.03034 -0.000883327 0)
(1.02991 0.0057018 0)
(1.03401 0.0115243 0)
(1.04142 0.0161968 0)
(1.05195 0.020151 0)
(1.06521 0.0235202 0)
(1.08 0.0272081 0)
(1.08046 0.0290447 0)
(1.00844 0.0266503 0)
(0.730675 0.012946 0)
(0.234555 -0.000888337 0)
(0.225604 0.000971964 0)
(0.694888 -0.00801643 0)
(0.992413 -0.0207285 0)
(1.08176 -0.0231856 0)
(1.08657 -0.0213982 0)
(1.07307 -0.0178945 0)
(1.05953 -0.0140848 0)
(1.04896 -0.00991259 0)
(1.04112 -0.00516654 0)
(1.03636 0.000299062 0)
(1.0358 0.00618656 0)
(1.03953 0.0112511 0)
(1.04666 0.0153782 0)
(1.05644 0.0188472 0)
(1.0697 0.0219508 0)
(1.08274 0.0248219 0)
(1.07702 0.0258768 0)
(0.985336 0.0227426 0)
(0.684934 0.00885546 0)
(0.218687 -0.000776202 0)
(0.216045 0.000609694 0)
(0.659481 -0.00569497 0)
(0.971909 -0.017689 0)
(1.07885 -0.020343 0)
(1.08959 -0.0189612 0)
(1.07761 -0.0160075 0)
(1.06412 -0.0125265 0)
(1.05367 -0.00852671 0)
(1.04598 -0.00390918 0)
(1.04133 0.00118616 0)
(1.04054 0.00648145 0)
(1.04379 0.0110715 0)
(1.05047 0.0149835 0)
(1.06034 0.0181544 0)
(1.07345 0.0211768 0)
(1.08447 0.0233421 0)
(1.07218 0.023972 0)
(0.961724 0.0201873 0)
(0.645684 0.00671845 0)
(0.207081 -0.0003921 0)
(0.208775 0.000279199 0)
(0.630828 -0.00419598 0)
(0.952858 -0.0150268 0)
(1.07542 -0.0180757 0)
(1.09244 -0.0169067 0)
(1.08201 -0.0142352 0)
(1.06847 -0.0108508 0)
(1.05786 -0.0069185 0)
(1.05006 -0.00235986 0)
(1.0453 0.00256706 0)
(1.04427 0.00740642 0)
(1.04721 0.0117751 0)
(1.05361 0.0153064 0)
(1.06324 0.01833 0)
(1.07603 0.0204374 0)
(1.0853 0.0222174 0)
(1.0659 0.0222176 0)
(0.938566 0.0179552 0)
(0.612742 0.00543277 0)
(0.197536 -2.00419e-05 0)
(0.203097 0.000101327 0)
(0.607916 -0.00296222 0)
(0.934841 -0.012254 0)
(1.07205 -0.0152921 0)
(1.09518 -0.0144073 0)
(1.0861 -0.0119767 0)
(1.07261 -0.00883725 0)
(1.06198 -0.00511369 0)
(1.05402 -0.000820305 0)
(1.04889 0.00379617 0)
(1.04755 0.0081667 0)
(1.05033 0.0121218 0)
(1.05662 0.0153563 0)
(1.06595 0.017798 0)
(1.07869 0.0199884 0)
(1.08605 0.0211394 0)
(1.0599 0.0208582 0)
(0.91641 0.0159127 0)
(0.584652 0.00453486 0)
(0.188935 0.000226161 0)
(0.198917 5.47249e-05 0)
(0.590515 -0.00197223 0)
(0.919748 -0.0095184 0)
(1.0687 -0.0127364 0)
(1.09796 -0.0118473 0)
(1.09022 -0.00952809 0)
(1.0767 -0.00647135 0)
(1.06585 -0.00299432 0)
(1.05764 0.00103751 0)
(1.05224 0.00539614 0)
(1.0506 0.00956006 0)
(1.05299 0.0129778 0)
(1.05891 0.0156899 0)
(1.06816 0.0177798 0)
(1.08035 0.0192215 0)
(1.08603 0.0201686 0)
(1.0519 0.0192586 0)
(0.894413 0.0139709 0)
(0.56068 0.00387551 0)
(0.181217 0.000366664 0)
(0.195974 1.55051e-05 0)
(0.577361 -0.00119531 0)
(0.906093 -0.00739173 0)
(1.06604 -0.010175 0)
(1.10109 -0.00917484 0)
(1.09465 -0.00675754 0)
(1.08096 -0.00380621 0)
(1.06957 -0.000575311 0)
(1.06066 0.00307507 0)
(1.05447 0.00717797 0)
(1.05215 0.0112696 0)
(1.05444 0.0143283 0)
(1.06054 0.0162451 0)
(1.06989 0.0176009 0)
(1.08226 0.0187629 0)
(1.08573 0.0194095 0)
(1.04467 0.0183206 0)
(0.874323 0.0126283 0)
(0.539895 0.00353358 0)
(0.173984 0.000474973 0)
(0.194188 1.07643e-05 0)
(0.567915 -0.000541055 0)
(0.8951 -0.00493542 0)
(1.06368 -0.0075506 0)
(1.10458 -0.00652928 0)
(1.09938 -0.003931 0)
(1.08548 -0.00065379 0)
(1.07363 0.00253852 0)
(1.06421 0.00604357 0)
(1.05764 0.0097942 0)
(1.05508 0.0133001 0)
(1.057 0.0155785 0)
(1.06272 0.0169734 0)
(1.07207 0.0178767 0)
(1.08372 0.0189423 0)
(1.08467 0.0191069 0)
(1.0351 0.0174029 0)
(0.853615 0.0114799 0)
(0.521124 0.00334834 0)
(0.166962 0.000558946 0)
(0.194037 -0.000125426 0)
(0.562682 0.000479377 0)
(0.887631 -0.00243186 0)
(1.06226 -0.00437164 0)
(1.10784 -0.00328851 0)
(1.10424 -0.000799454 0)
(1.09042 0.00226901 0)
(1.07839 0.00556632 0)
(1.06872 0.00905443 0)
(1.06149 0.0125205 0)
(1.05784 0.0153718 0)
(1.05885 0.0172694 0)
(1.06422 0.0182973 0)
(1.07343 0.0188555 0)
(1.08366 0.019268 0)
(1.08291 0.0187026 0)
(1.02684 0.016636 0)
(0.835681 0.0104588 0)
(0.505106 0.00311153 0)
(0.160323 0.0005769 0)
(0.195194 7.15621e-05 0)
(0.562444 0.00133928 0)
(0.881433 5.68856e-05 0)
(1.06151 -0.0013048 0)
(1.11149 -2.74171e-05 0)
(1.10873 0.00241318 0)
(1.09484 0.0055658 0)
(1.08259 0.00896009 0)
(1.0727 0.0126198 0)
(1.06517 0.0161838 0)
(1.06111 0.0187358 0)
(1.06099 0.0201277 0)
(1.0649 0.0205429 0)
(1.07331 0.0206473 0)
(1.0829 0.0199423 0)
(1.07913 0.0188682 0)
(1.01467 0.0159365 0)
(0.815527 0.00947037 0)
(0.489524 0.00296373 0)
(0.15376 0.000579664 0)
(0.19864 0.000549052 0)
(0.564481 0.00196287 0)
(0.880596 0.00285066 0)
(1.06204 0.00236475 0)
(1.11445 0.00400754 0)
(1.11276 0.00639973 0)
(1.09886 0.00935111 0)
(1.086 0.0128912 0)
(1.07525 0.0166897 0)
(1.06642 0.0202641 0)
(1.0608 0.0225443 0)
(1.05994 0.0235542 0)
(1.06417 0.0233535 0)
(1.07235 0.0223341 0)
(1.0811 0.0209383 0)
(1.07484 0.0192796 0)
(1.00468 0.0157538 0)
(0.799469 0.00908349 0)
(0.476453 0.00302448 0)
(0.147683 0.000590113 0)
(0.203772 0.000686799 0)
(0.570075 0.00309114 0)
(0.883256 0.00546594 0)
(1.06406 0.0061245 0)
(1.11864 0.00843599 0)
(1.11739 0.0111372 0)
(1.10306 0.0145179 0)
(1.08952 0.0183043 0)
(1.0777 0.0220067 0)
(1.06769 0.0254242 0)
(1.06145 0.0272814 0)
(1.05969 0.0275346 0)
(1.06225 0.0263908 0)
(1.06961 0.0249336 0)
(1.07734 0.0228671 0)
(1.06767 0.0203721 0)
(0.990109 0.0158945 0)
(0.779355 0.00901611 0)
(0.461421 0.00327157 0)
(0.140825 0.000628607 0)
(0.212207 0.000854964 0)
(0.582852 0.00446154 0)
(0.890968 0.00851446 0)
(1.06879 0.0108751 0)
(1.12307 0.0135117 0)
(1.12268 0.0166787 0)
(1.10841 0.0206604 0)
(1.09441 0.0247106 0)
(1.08159 0.0287959 0)
(1.06985 0.0320152 0)
(1.06136 0.0331909 0)
(1.05809 0.032304 0)
(1.06043 0.0303602 0)
(1.06712 0.0277351 0)
(1.07308 0.0249598 0)
(1.06102 0.0214042 0)
(0.978609 0.0165592 0)
(0.764499 0.00961957 0)
(0.448645 0.00368255 0)
(0.13416 0.000652794 0)
(0.221646 0.00110167 0)
(0.597276 0.00534052 0)
(0.902158 0.0110975 0)
(1.07633 0.0149166 0)
(1.12988 0.0186275 0)
(1.12965 0.0228842 0)
(1.11481 0.027405 0)
(1.09998 0.0322882 0)
(1.08605 0.0366438 0)
(1.07279 0.0396503 0)
(1.06261 0.040273 0)
(1.05753 0.0387637 0)
(1.0573 0.0357042 0)
(1.06247 0.0321642 0)
(1.06705 0.0287076 0)
(1.05117 0.0242755 0)
(0.961447 0.0184044 0)
(0.74256 0.010894 0)
(0.430697 0.00433065 0)
(0.12558 0.000723601 0)
(0.235262 0.00149742 0)
(0.619073 0.00710984 0)
(0.920011 0.0148159 0)
(1.08735 0.0204491 0)
(1.13808 0.0251669 0)
(1.13749 0.0300457 0)
(1.12162 0.0358103 0)
(1.1053 0.0411989 0)
(1.08936 0.0462179 0)
(1.07377 0.049594 0)
(1.06114 0.0498967 0)
(1.05436 0.0467815 0)
(1.05388 0.0425686 0)
(1.05823 0.0378288 0)
(1.06057 0.0331069 0)
(1.04154 0.0277292 0)
(0.947156 0.0211295 0)
(0.725456 0.0129985 0)
(0.414132 0.00519042 0)
(0.116799 0.000814136 0)
(0.251499 0.00204351 0)
(0.64418 0.00873297 0)
(0.941581 0.0185554 0)
(1.10165 0.0261234 0)
(1.14865 0.032287 0)
(1.14707 0.0394865 0)
(1.12937 0.0460014 0)
(1.111 0.0525836 0)
(1.09261 0.0580149 0)
(1.07436 0.0609532 0)
(1.0588 0.0599977 0)
(1.04971 0.0562314 0)
(1.04671 0.0509773 0)
(1.04974 0.0450565 0)
(1.05128 0.0400006 0)
(1.02831 0.0333538 0)
(0.925482 0.025203 0)
(0.696997 0.0155 0)
(0.388782 0.00612788 0)
(0.104823 0.00093888 0)
(0.274167 0.00284692 0)
(0.678556 0.012458 0)
(0.969963 0.0247728 0)
(1.12041 0.0346171 0)
(1.16253 0.0427143 0)
(1.15868 0.0507164 0)
(1.13867 0.0590709 0)
(1.11758 0.0665841 0)
(1.09602 0.0724964 0)
(1.07442 0.0755216 0)
(1.05615 0.0740562 0)
(1.04523 0.0687533 0)
(1.04163 0.0617109 0)
(1.04336 0.0540804 0)
(1.04148 0.0473094 0)
(1.01386 0.038949 0)
(0.904788 0.0295296 0)
(0.672815 0.0182548 0)
(0.365258 0.00715801 0)
(0.0928666 0.000994197 0)
(0.305239 0.00373328 0)
(0.723503 0.0152787 0)
(1.00713 0.0320805 0)
(1.14465 0.0450038 0)
(1.17973 0.0546513 0)
(1.17305 0.0661212 0)
(1.1495 0.0756525 0)
(1.12518 0.0842682 0)
(1.10025 0.0903624 0)
(1.07497 0.0925091 0)
(1.05247 0.089021 0)
(1.03752 0.0817994 0)
(1.03076 0.0737874 0)
(1.03075 0.0651199 0)
(1.02827 0.057055 0)
(0.994907 0.0471448 0)
(0.875125 0.0350356 0)
(0.633726 0.0213999 0)
(0.329719 0.0080111 0)
(0.0770132 0.00103065 0)
(0.341143 0.00725243 0)
(0.779728 0.0245142 0)
(1.05199 0.0445294 0)
(1.17403 0.0607854 0)
(1.20117 0.0737896 0)
(1.18918 0.0865327 0)
(1.16141 0.0974004 0)
(1.1329 0.106341 0)
(1.10351 0.11204 0)
(1.07383 0.113239 0)
(1.04815 0.108606 0)
(1.03199 0.100376 0)
(1.02445 0.0900495 0)
(1.02222 0.0789748 0)
(1.01329 0.0680981 0)
(0.971765 0.0553613 0)
(0.843302 0.0409971 0)
(0.59838 0.0248336 0)
(0.297851 0.00927958 0)
(0.0624205 0.000960599 0)
(0.422234 0.0109853 0)
(0.86407 0.0353084 0)
(1.11222 0.0648739 0)
(1.21027 0.0857779 0)
(1.22553 0.0992881 9.91653e-34)
(1.20698 0.115224 -4.34607e-34)
(1.17344 0.126081 0)
(1.14009 0.13436 0)
(1.10605 0.138574 0)
(1.07186 0.13744 0)
(1.04168 0.129637 0)
(1.02033 0.117654 0)
(1.00822 0.105242 0)
(1.0029 0.0929435 0)
(0.993146 0.0805829 0)
(0.944106 0.0658531 0)
(0.802235 0.0478422 0)
(0.544699 0.028789 0)
(0.248667 0.00938867 0)
(0.042381 0.000738601 0)
(0.491909 0.0261413 8.14091e-20)
(0.961611 0.0590409 -6.11962e-20)
(1.1765 0.0980054 0)
(1.24703 0.12183 4.46521e-20)
(1.25166 0.138047 -3.61871e-20)
(1.22376 0.154089 4.58539e-34)
(1.1844 0.163298 0)
(1.14581 0.169702 2.3003e-20)
(1.10633 0.171811 -7.46186e-20)
(1.06656 0.168125 1.50321e-20)
(1.03204 0.158001 0)
(1.00951 0.144675 -3.63857e-20)
(0.997275 0.130649 -4.30945e-20)
(0.98891 0.115195 7.52116e-20)
(0.96568 0.0982521 -5.92019e-20)
(0.899902 0.078627 0)
(0.741932 0.0567937 -2.12326e-20)
(0.475225 0.0321612 0)
(0.19481 0.0110769 -1.16975e-19)
(0.0244979 0.000993046 1.38135e-19)
(0.525421 0.0539229 -1.02753e-20)
(1.02003 0.102512 2.02724e-19)
(1.22213 0.148043 -1.7208e-20)
(1.27838 0.169246 -1.23169e-19)
(1.27426 0.186332 -7.68753e-20)
(1.23836 0.20035 1.2446e-19)
(1.19362 0.207366 0)
(1.14966 0.211666 0)
(1.10467 0.211404 1.19225e-19)
(1.05973 0.2049 0)
(1.02006 0.191321 1.332e-19)
(0.989997 0.174439 3.9039e-20)
(0.967341 0.15603 3.55988e-22)
(0.948024 0.138142 -8.20069e-20)
(0.925058 0.121184 0)
(0.857353 0.101494 0)
(0.694203 0.0736342 -3.47001e-19)
(0.433735 0.0441086 8.68889e-19)
(0.178555 0.0151365 -5.15425e-19)
(0.0190111 0.00243057 -6.08611e-19)
(0.531632 0.0766586 -1.49277e-19)
(1.05469 0.159009 5.28457e-20)
(1.2564 0.20926 2.47822e-20)
(1.30326 0.228587 2.17317e-19)
(1.29165 0.243356 1.41337e-20)
(1.24956 0.252921 -3.27785e-19)
(1.19999 0.256305 1.08944e-19)
(1.15069 0.257639 0)
(1.10014 0.25435 -2.53291e-19)
(1.04896 0.24461 2.16972e-19)
(1.00327 0.22863 -3.58852e-19)
(0.968991 0.208857 1.66916e-19)
(0.94618 0.190299 -1.05295e-19)
(0.929471 0.173349 2.38502e-19)
(0.895399 0.153263 0)
(0.82031 0.128262 -8.61795e-20)
(0.663216 0.0960437 0)
(0.422802 0.0563144 4.77653e-19)
(0.179811 0.0243308 -1.13443e-18)
(0.0244516 0.00284202 7.10515e-19)
(0.522913 0.108329 5.16062e-19)
(1.06931 0.215401 -2.17207e-19)
(1.27542 0.273938 -4.19268e-20)
(1.31937 0.292379 0)
(1.30274 0.304776 -1.56005e-19)
(1.25621 0.309571 1.90487e-19)
(1.20247 0.308661 -1.16562e-19)
(1.1484 0.306237 0)
(1.09301 0.298913 1.80244e-19)
(1.03747 0.285107 -1.53098e-19)
(0.987552 0.264621 3.10382e-19)
(0.948137 0.242253 0)
(0.918012 0.222278 -2.24123e-19)
(0.888971 0.200798 1.2707e-19)
(0.859036 0.180332 3.15649e-19)
(0.792226 0.157857 -2.77634e-19)
(0.648337 0.122394 4.43338e-19)
(0.424123 0.0771457 -9.81139e-19)
(0.195355 0.0356982 6.19647e-19)
(0.0350315 0.00640851 -7.7544e-19)
(0.510316 0.13262 -2.44369e-19)
(1.07627 0.270412 1.7808e-19)
(1.28551 0.340554 -1.36502e-19)
(1.3275 0.357885 2.41099e-19)
(1.3073 0.367728 -2.09204e-19)
(1.25795 0.367878 6.34978e-20)
(1.20122 0.36285 3.651e-21)
(1.14332 0.356453 -2.16469e-19)
(1.08391 0.345233 -1.90212e-19)
(1.02303 0.32738 -3.28704e-19)
(0.966549 0.30388 -6.66585e-19)
(0.923783 0.279369 -2.01358e-19)
(0.893071 0.256272 2.45515e-21)
(0.870268 0.236541 -4.2908e-19)
(0.833026 0.21635 -6.33568e-21)
(0.763723 0.187919 4.02194e-19)
(0.628059 0.148714 -1.2112e-19)
(0.422557 0.0977772 -7.06984e-20)
(0.208057 0.0488374 0)
(0.0443558 0.0106358 1.63962e-18)
(0.491918 0.153117 0)
(1.06807 0.319441 -4.01859e-20)
(1.28651 0.403498 -3.88897e-20)
(1.32904 0.421616 -1.25333e-20)
(1.30647 0.430041 2.13648e-19)
(1.25522 0.42616 -1.42451e-19)
(1.19612 0.417217 1.29531e-19)
(1.13523 0.406861 3.5266e-19)
(1.07209 0.391109 -1.04629e-19)
(1.00735 0.368939 1.66329e-19)
(0.948818 0.341463 3.57888e-19)
(0.902849 0.313505 4.36921e-19)
(0.866834 0.28971 -2.60019e-19)
(0.832691 0.266062 4.62773e-19)
(0.802942 0.245045 -3.65012e-19)
(0.744351 0.220009 0)
(0.621522 0.177194 -9.16264e-19)
(0.42875 0.121274 1.23368e-18)
(0.220783 0.0634905 9.19658e-20)
(0.0522491 0.015343 -1.72294e-18)
(0.478002 0.17369 -5.16757e-21)
(1.06012 0.368224 2.36807e-19)
(1.28319 0.464495 2.89553e-19)
(1.32579 0.483127 -2.95203e-19)
(1.30121 0.490264 1.63121e-19)
(1.24865 0.48294 -1.4444e-19)
(1.18798 0.47075 2.64439e-19)
(1.12474 0.456776 -1.12474e-19)
(1.0588 0.437378 -4.29134e-19)
(0.990832 0.411893 1.79174e-22)
(0.92797 0.379595 -3.86803e-19)
(0.878364 0.349006 -4.68376e-19)
(0.842902 0.322013 2.84611e-19)
(0.818381 0.301154 -1.65939e-19)
(0.781766 0.278812 3.94426e-19)
(0.720014 0.247302 0)
(0.604425 0.203606 -5.65484e-19)
(0.427236 0.142708 8.34933e-19)
(0.228405 0.0772362 1.58368e-18)
(0.0575417 0.0197476 -1.86358e-18)
(0.46328 0.191098 3.473e-19)
(1.04645 0.412313 -1.85873e-19)
(1.27571 0.521826 -2.49431e-19)
(1.31907 0.541904 3.12535e-19)
(1.29286 0.548291 1.15231e-20)
(1.23927 0.537885 -2.94564e-19)
(1.17728 0.522642 -1.48348e-19)
(1.11221 0.505247 -1.3464e-19)
(1.04399 0.482017 -2.37733e-19)
(0.972617 0.451189 3.80512e-19)
(0.907226 0.415651 3.96784e-19)
(0.857444 0.382784 7.45096e-19)
(0.820058 0.354937 0)
(0.784064 0.328066 5.93176e-21)
(0.754534 0.303776 -1.07526e-18)
(0.703153 0.278775 2.50309e-19)
(0.595959 0.230471 1.21631e-18)
(0.425819 0.164923 -3.58517e-19)
(0.23102 0.0899724 7.4869e-19)
(0.0600962 0.0233366 -6.25924e-20)
(0.454372 0.209981 5.94736e-21)
(1.03539 0.455845 -1.34637e-19)
(1.26628 0.576721 -1.65125e-19)
(1.30974 0.597889 4.55703e-19)
(1.28203 0.603389 -4.46409e-19)
(1.22768 0.590304 3.032e-19)
(1.16461 0.572588 1.55368e-19)
(1.09798 0.552287 4.1231e-19)
(1.02728 0.525897 4.87278e-19)
(0.953382 0.493104 -4.28802e-19)
(0.886241 0.455467 0)
(0.833481 0.41644 -2.77151e-19)
(0.79405 0.385787 3.18195e-19)
(0.769947 0.360349 3.93482e-19)
(0.734408 0.336584 -2.27777e-19)
(0.67806 0.302061 -5.52044e-19)
(0.575359 0.254702 -1.64624e-19)
(0.415466 0.18229 -1.36877e-21)
(0.225518 0.100099 0)
(0.0593191 0.0252839 0)
(0.446071 0.225722 1.03791e-19)
(1.02267 0.495806 0)
(1.25507 0.628061 -1.60855e-19)
(1.29855 0.65103 5.26406e-20)
(1.2696 0.655931 4.8687e-19)
(1.21465 0.640382 -1.28005e-19)
(1.15089 0.620321 1.60461e-19)
(1.08325 0.597311 -2.8416e-19)
(1.01163 0.567839 3.7498e-19)
(0.937063 0.530681 -1.33011e-19)
(0.866668 0.485559 2.26392e-19)
(0.812275 0.446678 8.80338e-19)
(0.773712 0.413603 1.37312e-20)
(0.73515 0.385042 -4.12332e-19)
(0.707872 0.357752 7.54322e-19)
(0.660873 0.329705 4.40511e-21)
(0.564064 0.275343 1.76126e-19)
(0.406379 0.198839 -8.39866e-19)
(0.217913 0.106695 8.58533e-19)
(0.0562948 0.0268402 -1.01845e-18)
(0.44002 0.244727 3.74244e-23)
(1.01153 0.534637 0)
(1.24306 0.676826 0)
(1.28605 0.701297 -7.10964e-20)
(1.25603 0.705335 -1.62964e-19)
(1.20065 0.687579 1.5741e-19)
(1.13625 0.665613 -3.1758e-19)
(1.06753 0.640233 0)
(0.993591 0.608154 -5.47286e-19)
(0.913879 0.568513 6.1815e-19)
(0.840569 0.523522 6.334e-19)
(0.786029 0.47966 -3.21161e-19)
(0.746257 0.442215 -3.83248e-19)
(0.722434 0.413603 8.95887e-19)
(0.68788 0.386349 -2.6801e-19)
(0.635963 0.346704 -3.19177e-19)
(0.541571 0.293797 -1.90846e-19)
(0.39139 0.210073 -9.04047e-19)
(0.207936 0.110984 1.30759e-19)
(0.0520333 0.0273203 1.09741e-18)
(0.436488 0.263182 2.98684e-20)
(1.00065 0.570921 6.34995e-20)
(1.23028 0.722485 2.33909e-20)
(1.27278 0.748862 -8.63869e-23)
(1.24191 0.75224 -1.12101e-19)
(1.18615 0.732412 3.00226e-19)
(1.1212 0.708614 0)
(1.05145 0.681211 1.6775e-19)
(0.976286 0.647001 -1.32273e-19)
(0.897524 0.604441 1.03555e-18)
(0.82547 0.554305 -1.42971e-19)
(0.766699 0.507305 1.61647e-19)
(0.723563 0.469456 0)
(0.687109 0.434011 -4.83633e-19)
(0.660378 0.402123 5.81061e-19)
(0.617439 0.37055 0)
(0.526666 0.307803 -4.11661e-19)
(0.375214 0.220099 1.21001e-18)
(0.196074 0.113148 1.42355e-19)
(0.0469183 0.0269214 -1.34924e-18)
(0.434567 0.28001 4.73805e-20)
(0.990958 0.605728 -6.00564e-20)
(1.21742 0.765469 0)
(1.25915 0.793417 -1.42634e-19)
(1.22746 0.796101 0)
(1.17132 0.774527 -3.46025e-19)
(1.10582 0.749224 0)
(1.03539 0.719987 0)
(0.959066 0.683806 -1.63058e-19)
(0.876717 0.639313 -9.80299e-19)
(0.796696 0.587751 -1.16707e-18)
(0.736448 0.536433 1.85052e-19)
(0.697465 0.491564 6.60405e-19)
(0.671973 0.458084 5.2923e-19)
(0.640424 0.426663 -1.86457e-18)
(0.591139 0.380777 -7.46475e-19)
(0.501347 0.320953 4.36956e-19)
(0.35615 0.224689 0)
(0.183268 0.113457 1.2251e-18)
(0.0416512 0.0255711 -1.45225e-18)
(0.433264 0.295718 -3.68117e-20)
(0.981433 0.638329 5.27004e-20)
(1.20454 0.805704 0)
(1.24535 0.835499 -1.05884e-20)
(1.21295 0.837664 6.7458e-20)
(1.15654 0.814411 0)
(1.09072 0.787633 9.68942e-20)
(1.01959 0.756802 1.08793e-19)
(0.941905 0.71905 -3.19121e-19)
(0.857912 0.67264 1.35133e-19)
(0.779252 0.616413 0)
(0.719226 0.562334 7.71103e-19)
(0.672599 0.517818 4.55859e-21)
(0.636039 0.47554 2.85043e-19)
(0.611174 0.436664 3.37376e-19)
(0.570929 0.400196 0)
(0.484154 0.327862 -7.15051e-19)
(0.337631 0.228657 1.40381e-18)
(0.16993 0.111975 -1.48612e-18)
(0.0365692 0.0238255 3.12564e-18)
(0.432239 0.310793 0)
(0.972753 0.669707 0)
(1.19202 0.843416 4.33931e-20)
(1.23173 0.874698 0)
(1.19866 0.876356 0)
(1.14199 0.851792 -3.47167e-19)
(1.07578 0.823837 1.00957e-19)
(1.00393 0.791602 1.74108e-20)
(0.924825 0.752305 -7.6938e-20)
(0.838347 0.704311 0)
(0.754922 0.648114 -1.74605e-19)
(0.687845 0.591296 -6.26739e-19)
(0.644369 0.538598 -7.46779e-19)
(0.619418 0.496215 -2.97608e-19)
(0.589389 0.458215 3.65336e-19)
(0.543376 0.402923 -8.61062e-19)
(0.456941 0.335581 1.53768e-18)
(0.3163 0.227333 4.15387e-21)
(0.156632 0.108952 -1.42614e-18)
(0.0320051 0.0218382 -2.10739e-19)
(0.431264 0.325523 0)
(0.964401 0.699374 3.2151e-20)
(1.17979 0.87884 -3.59806e-20)
(1.2183 0.911758 0)
(1.18461 0.913011 0)
(1.12774 0.887125 7.25433e-19)
(1.06128 0.858006 0)
(0.988769 0.824511 0)
(0.908577 0.784287 -7.07525e-19)
(0.820825 0.735314 1.76607e-19)
(0.735559 0.675239 -1.57594e-18)
(0.66853 0.614721 0)
(0.62004 0.562719 -8.06083e-19)
(0.580413 0.511807 1.10489e-20)
(0.556426 0.46131 -1.17202e-18)
(0.520444 0.416718 4.63189e-19)
(0.439238 0.333427 2.52692e-21)
(0.299771 0.225417 -1.62083e-18)
(0.145315 0.104933 7.68336e-19)
(0.0279789 0.0199557 2.2562e-19)
(0.430373 0.339868 0)
(0.956772 0.72782 -1.80342e-21)
(1.16801 0.912014 -3.92023e-20)
(1.20525 0.946119 -1.91138e-19)
(1.17101 0.946957 -9.17372e-20)
(1.11399 0.920148 8.75938e-20)
(1.04728 0.890213 -8.46489e-20)
(0.974257 0.855698 7.71979e-19)
(0.89292 0.814399 7.56852e-19)
(0.802845 0.764255 1.38628e-18)
(0.714408 0.704959 1.30989e-18)
(0.641462 0.644677 2.25582e-19)
(0.58913 0.583345 1.158e-18)
(0.561022 0.529582 7.05856e-19)
(0.532018 0.480003 8.40573e-19)
(0.490691 0.409545 -5.06006e-19)
(0.410859 0.332093 -5.92749e-19)
(0.280169 0.214234 6.93967e-19)
(0.135413 0.0998253 -4.11093e-19)
(0.0278825 0.0230041 7.29604e-19)
(0.429513 0.35375 2.87041e-20)
(0.949423 0.754594 -2.94608e-21)
(1.15655 0.943249 -1.65899e-20)
(1.19256 0.978663 1.63037e-20)
(1.15782 0.979121 2.62348e-19)
(1.10068 0.951296 -2.05513e-19)
(1.03387 0.920488 8.6769e-20)
(0.960403 0.885111 -2.09686e-20)
(0.878176 0.843224 -8.88175e-19)
(0.786453 0.792821 -1.4982e-18)
(0.694325 0.731806 9.30121e-20)
(0.618682 0.665923 0)
(0.564485 0.606871 0)
(0.51832 0.545835 -3.69247e-19)
(0.492309 0.477151 -1.3683e-18)
(0.461302 0.415601 1.08917e-18)
(0.395382 0.309717 6.47507e-19)
(0.282547 0.195659 0)
(0.145336 0.0770707 1.31124e-18)
(0.0217032 -0.000705862 -7.80723e-19)
(0.428727 0.366983 -1.38827e-20)
(0.942583 0.780043 1.5312e-20)
(1.14554 0.972415 2.19901e-20)
(1.18033 1.00868 7.56362e-20)
(1.14514 1.00873 7.76188e-20)
(1.08798 0.980257 -5.9091e-20)
(1.0211 0.948984 0)
(0.947293 0.91289 -9.78158e-19)
(0.864082 0.870389 1.08824e-19)
(0.770795 0.819426 0)
(0.677811 0.759269 0)
(0.597525 0.696535 1.39949e-19)
(0.532323 0.62977 1.82597e-19)
(0.495719 0.562398 -3.97338e-19)
(0.461873 0.496758 9.81377e-19)
(0.42193 0.396915 -1.18284e-18)
(0.356687 0.292404 -1.38443e-18)
(0.275005 0.17129 1.22338e-18)
(0.188634 0.107846 -4.68284e-19)
(0.11478 0.0839751 2.73751e-19)
(0.427811 0.379422 3.61621e-20)
(0.935874 0.803842 0)
(1.13486 0.999865 0)
(1.16851 1.03717 3.42286e-20)
(1.13295 1.03683 -2.77101e-20)
(1.07577 1.00753 -2.09729e-20)
(1.00892 0.975613 3.5921e-19)
(0.93491 0.93907 1.04067e-18)
(0.851132 0.896191 1.63388e-18)
(0.756348 0.84536 -1.1062e-19)
(0.657382 0.78474 2.22772e-19)
(0.570712 0.717766 -1.26762e-18)
(0.508543 0.653807 -1.23252e-18)
(0.448685 0.583889 -2.12511e-19)
(0.408628 0.491195 0)
(0.37544 0.404487 -1.02456e-20)
(0.323907 0.231552 7.54862e-19)
(0.281821 0.0710259 -1.28579e-18)
(0.241713 -0.0645773 9.82766e-19)
(0.080577 -0.0951088 8.25229e-19)
(0.426858 0.391349 -8.65097e-20)
(0.929486 0.826414 -4.66066e-20)
(1.12454 1.02553 6.78044e-21)
(1.15707 1.06351 -7.9109e-21)
(1.12114 1.06283 0)
(1.064 1.03313 -3.88528e-19)
(0.997192 1.00109 -4.91308e-19)
(0.922956 0.964194 2.16745e-20)
(0.838353 0.921297 -8.63308e-19)
(0.741997 0.870511 -1.0889e-19)
(0.643803 0.810709 1.01138e-19)
(0.557527 0.7496 1.11173e-18)
(0.475713 0.681562 1.20337e-18)
(0.423103 0.603052 2.06295e-19)
(0.37286 0.523198 1.03836e-18)
(0.304653 0.382386 0)
(0.192191 0.219727 0)
(0.0211986 0.236628 8.79412e-19)
(-0.0745672 0.628804 -3.21522e-20)
(0.00395346 1.52391 -1.05548e-18)
(0.425711 0.402626 5.12387e-20)
(0.923228 0.847672 9.24658e-20)
(1.11449 1.04996 -4.97882e-20)
(1.14595 1.08899 -5.9636e-20)
(1.10967 1.08813 4.56628e-20)
(1.05251 1.05794 -3.97819e-19)
(0.985691 1.02561 0)
(0.9113 0.988825 -8.91204e-19)
(0.82628 0.946134 0)
(0.7285 0.895851 1.59975e-18)
(0.623634 0.837228 -1.17259e-19)
(0.524707 0.773973 1.31477e-19)
(0.452172 0.710636 1.37249e-18)
(0.369735 0.641936 -4.40792e-19)
(0.281571 0.529693 -5.27355e-19)
(0.207085 0.441994 0)
(0.0987417 0.542095 0)
(0.0303925 1.29467 0)
(0.0747771 2.44771 -5.0187e-19)
(0.10376 2.90318 -3.06033e-19)
(0.424414 0.413348 0)
(0.917255 0.867744 0)
(1.10483 1.0728 2.4141e-20)
(1.13524 1.1125 5.90986e-20)
(1.0986 1.11154 -1.24292e-19)
(1.04147 1.0813 3.78075e-19)
(0.97471 1.0493 6.07434e-20)
(0.900107 1.01261 -4.72942e-20)
(0.814305 0.970634 1.18717e-19)
(0.71496 0.921692 -1.83717e-18)
(0.610832 0.865153 2.18529e-19)
(0.518397 0.808525 1.11076e-18)
(0.419873 0.748168 -1.37136e-18)
(0.343695 0.665376 -1.47062e-18)
(0.271036 0.593711 4.9304e-19)
(0.200955 0.718358 0)
(0.132376 1.52553 6.87741e-19)
(0.131507 2.68257 7.71746e-19)
(0.139072 3.08419 -8.63459e-19)
(0.130045 3.22039 9.38368e-19)
(0.422934 0.423586 0)
(0.911402 0.886523 1.23852e-19)
(1.09544 1.09448 -3.73369e-21)
(1.12491 1.1353 -2.01596e-20)
(1.08796 1.13438 1.30464e-19)
(1.03082 1.10394 0)
(0.964029 1.07194 0)
(0.889318 1.03578 0)
(0.803146 0.994443 7.30805e-19)
(0.702988 0.946515 9.05661e-20)
(0.594317 0.891992 0)
(0.484784 0.835733 -1.10937e-18)
(0.40313 0.780159 0)
(0.294201 0.719359 1.05478e-18)
(0.212144 0.791886 -7.09469e-19)
(0.163766 1.45418 -5.68192e-19)
(0.166662 2.6715 -1.34008e-18)
(0.187137 3.12634 -7.16948e-19)
(0.177672 3.26924 -1.01851e-18)
(0.162983 3.30983 7.98527e-19)
(0.421419 0.433014 -4.89617e-20)
(0.905831 0.904196 1.54071e-20)
(1.08647 1.11473 -7.06875e-21)
(1.11504 1.15623 2.99071e-20)
(1.07774 1.15541 0)
(1.02064 1.12522 0)
(0.953918 1.09385 0)
(0.879036 1.05816 6.15753e-20)
(0.792405 1.01812 -9.18272e-19)
(0.69111 0.972627 0)
(0.581405 0.921713 0)
(0.484758 0.872623 0)
(0.371474 0.822558 0)
(0.308244 0.808484 7.80261e-19)
(0.277258 1.17962 1.8995e-18)
(0.261635 2.36139 5.61381e-19)
(0.272511 3.08246 1.16301e-18)
(0.266227 3.28706 -9.17041e-19)
(0.216488 3.35382 3.42934e-19)
(0.183085 3.36638 0)
(0.419765 0.442064 5.32669e-20)
(0.900152 0.921108 -3.05534e-19)
(1.07753 1.13449 -6.66996e-20)
(1.1053 1.17722 -8.03437e-21)
(1.06773 1.17663 -3.6055e-20)
(1.01067 1.14644 3.84864e-19)
(0.943911 1.11526 -3.906e-20)
(0.869049 1.08036 -8.19423e-19)
(0.782212 1.04132 0)
(0.680385 0.997198 -1.06441e-19)
(0.569393 0.948201 9.68278e-20)
(0.453947 0.90038 0)
(0.369929 0.863238 0)
(0.321548 0.988857 -9.76136e-19)
(0.284824 1.84818 1.38608e-19)
(0.279958 2.93754 -4.43306e-19)
(0.29974 3.29189 9.48227e-19)
(0.273072 3.39185 7.29829e-19)
(0.206041 3.41681 -1.07362e-18)
(0.18064 3.42578 5.36358e-19)
(0.417771 0.451263 1.13117e-19)
(0.894184 0.938481 3.16652e-19)
(1.06823 1.15456 7.22631e-20)
(1.09523 1.1979 0)
(1.05738 1.19745 0)
(1.00044 1.16756 -2.92766e-19)
(0.933903 1.13713 3.43995e-19)
(0.859071 1.10282 7.37316e-19)
(0.772284 1.06532 4.23676e-20)
(0.670193 1.02432 1.45218e-18)
(0.557744 0.980909 -1.57784e-18)
(0.454319 0.938374 0)
(0.376486 0.945578 0)
(0.342811 1.34879 -6.86041e-19)
(0.344881 2.46909 -8.13975e-19)
(0.387541 3.19923 0)
(0.41283 3.37621 -1.066e-18)
(0.342804 3.44009 -1.6272e-20)
(0.270949 3.48433 6.8506e-19)
(0.247463 3.50994 -2.75662e-19)
(0.415325 0.460857 -2.2091e-19)
(0.887352 0.956539 -1.56475e-19)
(1.05795 1.17579 0)
(1.08429 1.22037 0)
(1.04633 1.22009 0)
(0.989583 1.19002 0)
(0.923207 1.15958 -3.7883e-19)
(0.848751 1.12595 7.3378e-19)
(0.762001 1.08938 0)
(0.659833 1.04962 -1.32597e-18)
(0.549147 1.00705 2.85112e-18)
(0.437809 0.974141 1.13229e-19)
(0.382678 1.05861 1.43531e-19)
(0.391406 1.73687 1.13488e-18)
(0.412657 2.89127 -6.35795e-19)
(0.449708 3.32536 0)
(0.431549 3.45236 3.16613e-19)
(0.344677 3.54011 9.47853e-20)
(0.265312 3.60602 8.13311e-20)
(0.189878 3.58563 1.09239e-19)
(0.412367 0.470774 1.07771e-19)
(0.879899 0.975766 -1.77964e-19)
(1.04694 1.19795 0)
(1.0726 1.24279 -3.2056e-21)
(1.03447 1.24246 -2.56936e-20)
(0.978039 1.21251 0)
(0.91221 1.18271 0)
(0.838124 1.14955 -1.30954e-18)
(0.752126 1.11438 -9.42707e-20)
(0.650961 1.07797 1.35506e-18)
(0.536402 1.04255 -1.36577e-18)
(0.451176 1.02755 7.69542e-19)
(0.416285 1.24274 0)
(0.437021 2.17456 -6.0988e-19)
(0.477905 3.14473 3.87403e-19)
(0.538524 3.43131 2.85074e-19)
(0.532229 3.52981 0)
(0.467051 3.61588 1.88973e-20)
(0.39423 3.65893 -2.99978e-19)
(0.312152 3.62982 -6.12365e-20)
(0.408703 0.480976 -2.30874e-19)
(0.871205 0.995613 2.59251e-19)
(1.03466 1.22129 1.45354e-19)
(1.05983 1.26734 -3.10904e-20)
(1.02175 1.26698 3.71067e-20)
(0.965774 1.23657 0)
(0.900387 1.20645 -2.03285e-19)
(0.827104 1.17369 4.98368e-19)
(0.741488 1.13928 6.73241e-20)
(0.640709 1.10378 -1.1701e-18)
(0.529518 1.06936 -7.76719e-20)
(0.448834 1.08087 -8.69995e-19)
(0.44466 1.45857 9.53866e-19)
(0.502492 2.53123 2.22812e-19)
(0.571443 3.30651 -4.24406e-19)
(0.625988 3.48488 3.15935e-19)
(0.585896 3.54086 0)
(0.525398 3.54699 0)
(0.427861 3.514 -6.34901e-19)
(0.193409 3.30695 1.12705e-18)
(0.404444 0.49096 1.13139e-19)
(0.861736 1.01689 2.68562e-19)
(1.0216 1.2458 -1.6598e-19)
(1.04628 1.29159 1.04278e-19)
(1.00817 1.29084 -2.78352e-21)
(0.952804 1.2603 0)
(0.888377 1.23062 2.35086e-19)
(0.815917 1.19816 5.27524e-19)
(0.731921 1.16483 0)
(0.633599 1.13226 0)
(0.525693 1.10821 0)
(0.465287 1.165 0)
(0.496855 1.69757 -1.08055e-18)
(0.571101 2.84306 -3.07772e-19)
(0.644174 3.40445 0)
(0.686172 3.50259 -1.05883e-19)
(0.684446 3.50848 0)
(0.760138 3.35282 9.07543e-20)
(0.855733 2.9874 -1.64612e-18)
(0.453987 2.61431 1.76102e-18)
(0.398852 0.50095 -2.46593e-19)
(0.850492 1.03844 -1.7703e-19)
(1.00681 1.27131 -1.19446e-19)
(1.03133 1.31835 -9.75271e-20)
(0.99352 1.31734 -6.53161e-21)
(0.938986 1.28601 0)
(0.87539 1.25563 5.92128e-20)
(0.804221 1.22316 -8.57323e-20)
(0.720997 1.19035 -4.99146e-19)
(0.623053 1.15816 0)
(0.523101 1.13802 7.48493e-20)
(0.479 1.24897 -8.51135e-20)
(0.539951 1.93636 0)
(0.638838 3.06511 3.95431e-19)
(0.731623 3.44349 0)
(0.768352 3.48488 -2.72955e-20)
(0.772472 3.40062 1.02664e-19)
(0.764915 3.02432 -8.95351e-20)
(0.519884 2.02043 2.24238e-19)
(-0.348503 0.514011 -5.55749e-19)
(0.3921 0.51125 -1.33253e-20)
(0.838147 1.06176 -9.79703e-20)
(0.990961 1.29861 1.61077e-19)
(1.01529 1.34499 -1.92112e-20)
(0.977629 1.34331 -1.68712e-20)
(0.924026 1.31169 0)
(0.861835 1.28173 -1.4108e-19)
(0.792009 1.24961 -3.6472e-19)
(0.711271 1.21772 9.15825e-19)
(0.614947 1.18848 -9.18968e-19)
(0.526009 1.18428 -9.62923e-19)
(0.507145 1.37136 0)
(0.602565 2.22978 6.21987e-19)
(0.714246 3.21748 -1.11983e-19)
(0.788765 3.43447 -3.31765e-20)
(0.792302 3.42756 0)
(0.721927 3.19482 -6.54582e-20)
(0.553191 2.42507 6.27427e-20)
(0.114421 0.67763 -7.45179e-20)
(-0.254699 -0.413091 -7.68193e-20)
(0.383583 0.520493 2.40923e-19)
(0.82329 1.08458 -9.95382e-20)
(0.972652 1.32642 1.29397e-19)
(0.997343 1.37456 9.49173e-20)
(0.960279 1.37269 3.97784e-20)
(0.907975 1.34023 -2.22725e-20)
(0.84709 1.30935 2.40567e-19)
(0.779082 1.27707 3.20467e-19)
(0.699712 1.24581 -7.74757e-19)
(0.604434 1.21813 9.82945e-21)
(0.529573 1.22249 1.17382e-19)
(0.536513 1.49993 -6.32319e-19)
(0.654968 2.494 2.09387e-19)
(0.768139 3.28543 -3.77516e-19)
(0.831353 3.39833 1.54302e-19)
(0.815244 3.3245 1.37913e-20)
(0.692544 2.89653 -5.58829e-20)
(0.430735 1.69419 4.66559e-20)
(0.0666712 0.0630481 0)
(-0.0791477 -0.171386 -1.42483e-19)
(0.373801 0.52942 0)
(0.80688 1.10904 -3.81307e-19)
(0.953173 1.35656 2.37974e-20)
(0.978183 1.40383 -1.34813e-19)
(0.941472 1.40103 0)
(0.890578 1.36816 7.24973e-21)
(0.831634 1.33784 -1.68718e-19)
(0.765728 1.306 -2.9979e-19)
(0.689874 1.27561 6.56775e-19)
(0.59866 1.25195 7.04115e-19)
(0.536962 1.281 7.81647e-19)
(0.572646 1.66197 4.68205e-20)
(0.715479 2.73338 -4.85129e-19)
(0.830528 3.3275 -3.4734e-20)
(0.870509 3.36708 1.1655e-19)
(0.793353 3.16812 -4.9589e-20)
(0.551935 2.37482 1.7083e-20)
(0.123892 0.477073 -2.02461e-20)
(-0.133241 -0.244978 0)
(-0.113954 -0.207952 0)
(0.361264 0.536391 -2.48038e-19)
(0.786887 1.13141 3.93943e-19)
(0.930533 1.38576 0)
(0.956585 1.4358 0)
(0.920825 1.43299 0)
(0.871953 1.39932 0)
(0.814988 1.36778 4.88058e-20)
(0.751501 1.33565 -1.55354e-20)
(0.677937 1.30596 -7.78637e-21)
(0.592733 1.28472 7.76758e-20)
(0.542961 1.3344 -7.57249e-19)
(0.611484 1.82274 4.89312e-19)
(0.771474 2.92497 0)
(0.866392 3.3231 3.7301e-20)
(0.883241 3.29697 -9.80685e-20)
(0.749696 2.89333 3.97592e-20)
(0.420833 1.7502 3.99473e-20)
(0.0156988 -0.0182507 1.88039e-20)
(-0.163244 -0.205804 -6.02773e-20)
(-0.0601264 -0.138644 -6.72221e-20)
(0.346157 0.54196 1.31541e-19)
(0.764123 1.15419 1.83939e-19)
(0.906819 1.41794 -9.23449e-21)
(0.933546 1.46734 8.76253e-20)
(0.89836 1.46323 0)
(0.851658 1.42894 6.06655e-20)
(0.797226 1.39815 1.56805e-20)
(0.736851 1.36626 -1.33512e-20)
(0.666727 1.33719 -3.4676e-20)
(0.589444 1.32144 6.46889e-20)
(0.556748 1.40696 5.03179e-19)
(0.65434 2.02193 -2.84771e-19)
(0.822471 3.05492 -2.35479e-19)
(0.908323 3.3177 -4.21624e-20)
(0.900794 3.20879 6.79794e-20)
(0.673828 2.58189 -2.10498e-20)
(0.222613 0.864371 1.52931e-20)
(-0.0739587 -0.272839 8.50739e-21)
(-0.142204 -0.230244 -3.71794e-20)
(-0.0612578 -0.13691 1.94372e-20)
(0.327426 0.544035 -1.23043e-19)
(0.737225 1.17298 0)
(0.879188 1.44667 -1.31625e-19)
(0.907282 1.50071 -1.73407e-19)
(0.873556 1.49688 0)
(0.830012 1.46198 -5.54345e-20)
(0.778295 1.42951 0)
(0.721032 1.39721 6.11997e-20)
(0.652718 1.3687 -1.57614e-19)
(0.585628 1.35767 3.52565e-19)
(0.568636 1.47703 -3.5671e-19)
(0.700524 2.21139 1.44999e-19)
(0.870015 3.12852 4.42202e-19)
(0.938236 3.29021 -6.97331e-20)
(0.875947 3.07252 6.14062e-20)
(0.559036 2.14078 2.96561e-21)
(0.0935706 0.178395 -5.11837e-22)
(-0.166515 -0.291381 6.73921e-21)
(-0.109484 -0.217551 6.19232e-22)
(-0.0408876 -0.0769198 -2.10311e-21)
(0.305921 0.543171 2.52625e-19)
(0.707965 1.19215 -1.86182e-19)
(0.850288 1.47854 1.5181e-19)
(0.878949 1.5335 8.55205e-20)
(0.846586 1.52814 2.73573e-20)
(0.806247 1.49223 6.4447e-20)
(0.757588 1.46071 0)
(0.70456 1.42808 -3.5968e-20)
(0.640423 1.40044 0)
(0.583385 1.39684 -3.29752e-19)
(0.58755 1.56056 3.4081e-19)
(0.743782 2.3856 -3.72861e-20)
(0.90787 3.17613 -2.76411e-19)
(0.961251 3.25764 -3.35986e-20)
(0.856877 2.89333 3.20935e-20)
(0.444128 1.67933 9.32091e-21)
(-0.0466678 -0.100512 -1.84582e-20)
(-0.230047 -0.268406 -1.06339e-20)
(-0.125988 -0.24195 -5.1358e-21)
(-0.0583068 -0.0718528 2.01267e-20)
(0.280594 0.535843 4.26076e-21)
(0.673665 1.20401 1.00287e-19)
(0.815919 1.50313 0)
(0.846526 1.566 1.61133e-19)
(0.816998 1.56206 -2.05738e-19)
(0.780964 1.52579 7.14508e-20)
(0.735641 1.49211 -3.64033e-20)
(0.686903 1.45888 -5.82569e-20)
(0.62647 1.43224 7.77015e-20)
(0.579151 1.43454 -3.31535e-20)
(0.602379 1.63926 2.29996e-19)
(0.790254 2.53565 2.92795e-19)
(0.946026 3.19162 3.74867e-20)
(0.980045 3.20621 8.52778e-20)
(0.803819 2.69773 8.88894e-21)
(0.305909 1.15382 -5.60857e-21)
(-0.0890466 -0.234658 -2.41691e-20)
(-0.256063 -0.311248 2.09732e-20)
(-0.138795 -0.294442 4.24922e-22)
(-0.0773219 -0.0997907 -1.64158e-20)
(0.252102 0.522002 4.83971e-19)
(0.635647 1.21335 -1.02895e-19)
(0.779718 1.53095 -2.56029e-19)
(0.811662 1.59725 2.07835e-19)
(0.785244 1.5928 -8.37148e-20)
(0.75276 1.55512 1.42048e-19)
(0.7112 1.52243 3.6588e-20)
(0.66787 1.48832 0)
(0.613927 1.46206 -9.27959e-20)
(0.575229 1.47433 1.56455e-20)
(0.62237 1.71713 -6.93265e-20)
(0.829327 2.64961 -2.33278e-19)
(0.968493 3.19537 2.32589e-20)
(0.979105 3.15647 8.76294e-21)
(0.754408 2.4692 6.93415e-21)
(0.246048 0.727302 -1.00377e-20)
(-0.0784727 -0.28283 2.54393e-20)
(-0.198248 -0.354023 -5.82896e-22)
(-0.127645 -0.320361 1.8238e-21)
(-0.0694524 -0.124625 3.3975e-21)
(0.219203 0.496921 0)
(0.591148 1.21043 9.56393e-20)
(0.736464 1.54679 -1.13974e-19)
(0.772463 1.62541 2.05595e-19)
(0.750681 1.62467 -2.11158e-19)
(0.722616 1.58711 8.96248e-20)
(0.685203 1.55207 0)
(0.647501 1.51665 0)
(0.600916 1.49079 0)
(0.568506 1.50927 -3.55193e-20)
(0.63574 1.7829 3.32945e-20)
(0.868522 2.73805 -3.86273e-20)
(0.995268 3.2014 -4.54113e-20)
(0.993458 3.09411 -1.14172e-20)
(0.720014 2.32186 2.51448e-20)
(0.236866 0.442934 -1.0181e-20)
(-0.049215 -0.227601 9.60412e-21)
(-0.138578 -0.348479 2.47923e-20)
(-0.107719 -0.309078 -2.12596e-21)
(-0.0180906 -0.0997741 0)
(0.183025 0.459995 4.53377e-19)
(0.541631 1.19913 -8.94348e-20)
(0.691384 1.56468 4.55163e-21)
(0.730652 1.65168 0)
(0.713495 1.65159 -1.02954e-19)
(0.688703 1.61352 1.80428e-20)
(0.656274 1.57899 0)
(0.624852 1.54275 4.76628e-21)
(0.586897 1.5153 -3.76083e-21)
(0.561758 1.54323 0)
(0.650834 1.83467 0)
(0.896411 2.78351 6.33332e-20)
(1.01052 3.20523 9.86157e-22)
(0.960348 3.05856 -4.03921e-20)
(0.606927 2.08466 6.58172e-21)
(-0.0211703 0.275293 -2.10092e-20)
(-0.253722 -0.106791 0)
(-0.234503 -0.279678 3.61917e-20)
(-0.153174 -0.266373 1.29906e-20)
(0.0190487 0.0296252 -4.41977e-20)
(0.143122 0.40591 3.75829e-19)
(0.485004 1.16844 -8.66436e-20)
(0.637786 1.56363 1.13425e-19)
(0.684162 1.67125 -2.84857e-19)
(0.672047 1.67745 0)
(0.652926 1.64142 0)
(0.625201 1.6046 0)
(0.600708 1.56621 9.23682e-21)
(0.571077 1.5365 -7.28548e-21)
(0.551327 1.56555 0)
(0.657069 1.86461 0)
(0.932157 2.8143 -2.40903e-20)
(1.03496 3.21798 -2.65534e-20)
(0.952783 3.07328 1.51503e-20)
(0.556824 2.07616 1.36007e-19)
(-0.136089 0.474454 0)
(-0.423608 -0.149973 -7.31684e-20)
(-0.490239 -0.602424 -8.13086e-21)
(-0.432951 -0.659747 2.72749e-19)
(-0.0892208 -0.192648 -3.04265e-19)
(0.101717 0.334313 -3.4861e-19)
(0.422074 1.11842 9.61088e-20)
(0.582351 1.56048 2.5476e-19)
(0.634194 1.6867 1.55501e-19)
(0.627469 1.69566 -1.26208e-19)
(0.613173 1.66238 -7.04825e-20)
(0.590532 1.62495 3.94792e-20)
(0.572802 1.58612 0)
(0.553888 1.55301 0)
(0.539194 1.57974 0)
(0.657071 1.86954 1.94737e-20)
(0.957094 2.78848 1.05651e-20)
(1.08854 3.21764 5.54639e-20)
(1.02739 3.10929 -1.86762e-20)
(0.647668 2.10218 7.69277e-20)
(0.0275905 0.556899 0)
(-0.407361 -0.206535 2.07315e-19)
(-0.56257 -0.920077 -9.99712e-19)
(-0.578112 -1.21296 2.1801e-18)
(-0.329627 -0.927203 -1.20679e-18)
(0.0576029 0.242117 3.67597e-19)
(0.350425 1.0385 -3.02014e-19)
(0.515585 1.52647 0)
(0.578201 1.69016 7.9959e-20)
(0.578336 1.71147 5.30689e-20)
(0.570675 1.68308 9.92145e-20)
(0.553066 1.64341 -3.69045e-20)
(0.541422 1.60133 0)
(0.531964 1.56318 0)
(0.525528 1.58323 7.5043e-21)
(0.645563 1.84625 2.05347e-21)
(0.981922 2.74861 -1.95581e-20)
(1.19244 3.18236 -2.79969e-20)
(1.24741 3.11726 2.59416e-19)
(1.04976 2.4457 -7.24975e-19)
(0.606381 1.10021 1.03073e-18)
(0.0521546 0.0956618 -7.66318e-19)
(-0.270777 -0.934416 0)
(-0.500188 -1.46658 -2.4994e-20)
(-0.366095 -1.38937 1.44441e-18)
(0.0203934 0.155585 3.73083e-19)
(0.269472 0.923353 0)
(0.447522 1.48182 0)
(0.518481 1.68307 0)
(0.526371 1.7164 3.95e-20)
(0.523574 1.69442 -1.02872e-19)
(0.510535 1.65458 -3.51062e-20)
(0.505209 1.6116 0)
(0.504655 1.56712 0)
(0.506126 1.57371 -3.61245e-21)
(0.618032 1.78793 -1.03147e-20)
(0.971935 2.59853 1.0866e-20)
(1.26868 3.07608 1.38609e-21)
(1.36176 2.96668 2.44689e-20)
(1.28196 2.55252 -1.36416e-19)
(1.04513 1.63673 4.43684e-20)
(0.595263 0.628462 -1.24341e-19)
(0.209981 -0.313657 0)
(-0.0869577 -1.10741 2.40995e-20)
(-0.275325 -1.45712 5.23699e-20)
(-0.000505372 0.0859671 -3.41452e-19)
(0.179674 0.76047 1.17488e-19)
(0.366517 1.38277 1.73288e-19)
(0.452947 1.65481 -1.80359e-20)
(0.469206 1.71653 -9.8391e-20)
(0.472838 1.70461 -4.88296e-20)
(0.464348 1.66332 9.79511e-20)
(0.461148 1.61644 -7.27857e-21)
(0.467766 1.56281 0)
(0.479063 1.55229 1.4555e-21)
(0.560927 1.69241 1.96829e-20)
(0.869651 2.40932 -2.95348e-20)
(1.19933 2.89799 0)
(1.27833 2.83911 2.03992e-20)
(1.21942 2.55913 0)
(1.10018 1.96138 1.88837e-20)
(0.746107 1.04085 7.72953e-20)
(0.425387 0.200361 0)
(0.121445 -0.60745 0)
(-0.0354888 -0.829437 -8.22105e-19)
(-0.0038293 0.0293136 2.63069e-19)
(0.0953846 0.520794 -9.84209e-20)
(0.295004 1.25672 7.5376e-20)
(0.385243 1.60199 -1.15171e-19)
(0.409859 1.70082 4.3643e-20)
(0.415597 1.69985 -1.18892e-20)
(0.411406 1.66601 4.24628e-21)
(0.409173 1.61654 -1.50654e-20)
(0.41628 1.55239 -5.70485e-21)
(0.431722 1.52028 1.20708e-20)
(0.472297 1.59076 6.63122e-21)
(0.650664 2.0773 0)
(0.996942 2.74537 3.39136e-20)
(1.03728 2.72527 0)
(1.02905 2.57198 0)
(0.954099 2.2205 0)
(0.737708 1.59612 7.59758e-19)
(0.481792 0.930103 -1.89879e-18)
(0.230431 0.320886 1.41312e-20)
(0.0327802 -0.118656 1.34535e-18)
(0.00427138 -0.0259896 4.44248e-20)
(0.0306264 0.228978 4.16803e-20)
(0.207127 1.02082 -3.39585e-20)
(0.31335 1.50889 -2.35601e-20)
(0.344953 1.67638 1.90483e-20)
(0.354617 1.69238 1.10986e-20)
(0.352646 1.66855 5.9955e-21)
(0.347844 1.61266 0)
(0.347724 1.54213 -1.19672e-21)
(0.356633 1.48752 1.68642e-21)
(0.369218 1.51556 -1.67995e-20)
(0.413944 1.84142 0)
(0.709176 2.56053 1.3699e-20)
(0.724322 2.68416 -5.23506e-20)
(0.703686 2.63623 0)
(0.653735 2.45927 0)
(0.53987 2.08829 -4.58453e-20)
(0.350261 1.5211 0)
(0.183269 1.01644 -3.52754e-20)
(0.0519276 0.526034 0)
(0.00925276 -0.0727148 0)
(0.009867 0.0564856 0)
(0.106723 0.696763 0)
(0.228311 1.34508 0)
(0.271764 1.6179 -4.38177e-34)
(0.284323 1.67271 2.75601e-34)
(0.287119 1.66137 0)
(0.282956 1.61086 0)
(0.277605 1.53632 0)
(0.282219 1.46944 0)
(0.29139 1.48506 0)
(0.261671 1.73254 0)
(0.485002 2.42159 0)
(0.512339 2.69896 0)
(0.47357 2.72312 0)
(0.437796 2.65806 0)
(0.373079 2.44324 0)
(0.245036 2.01478 0)
(0.115013 1.5517 0)
(0.0238324 0.962342 0)
(0.00439667 -0.107838 0)
(0.0134999 -0.0433923 0)
(0.044393 0.425776 0)
(0.15285 1.1702 0)
(0.194642 1.54721 0)
(0.211053 1.65013 0)
(0.21727 1.64884 0)
(0.218126 1.60922 0)
(0.216258 1.5347 0)
(0.21681 1.46852 0)
(0.233873 1.48238 0)
(0.16982 1.69078 0)
(0.331912 2.34807 0)
(0.373066 2.72042 0)
(0.329155 2.80418 0)
(0.298204 2.78593 0)
(0.251053 2.64819 0)
(0.166588 2.30599 0)
(0.0689242 1.8665 0)
(0.0106271 1.19007 0)
(0.00330722 -0.146515 0)
(0.0205102 -0.0960706 0)
(0.0135159 0.301299 0)
(0.0792227 1.05182 0)
(0.114501 1.48128 0)
(0.136514 1.62192 0)
(0.148343 1.63481 0)
(0.156962 1.60358 0)
(0.157783 1.53569 0)
(0.156636 1.47627 0)
(0.182146 1.49051 0)
(0.109673 1.66771 0)
(0.219804 2.29755 0)
(0.2622 2.73946 0)
(0.224992 2.86966 0)
(0.19072 2.88044 0)
(0.159128 2.79572 0)
(0.100657 2.51777 0)
(0.0340497 2.09719 0)
(-0.00350259 1.33071 0)
(0.00271225 -0.18 0)
(0.0127659 -0.115439 0)
(-0.00694465 0.305879 0)
(0.00863089 0.990685 0)
(0.0369731 1.4387 0)
(0.0622607 1.59574 0)
(0.0825031 1.61785 0)
(0.0993062 1.59537 0)
(0.105495 1.53517 0)
(0.107172 1.48133 0)
(0.137574 1.49912 0)
(0.0708935 1.65402 0)
(0.141408 2.26503 0)
(0.174411 2.75778 0)
(0.141882 2.92308 0)
(0.110846 2.95562 0)
(0.087328 2.89554 0)
(0.0476753 2.64866 0)
(0.00387564 2.2184 0)
(-0.011456 1.33292 0)
(0.0012672 -0.188704 0)
(-0.00792797 -0.0816293 0)
(-0.0365329 0.34476 0)
(-0.0426839 0.980177 0)
(-0.0276919 1.39963 0)
(-0.00257763 1.56118 0)
(0.0238516 1.59334 0)
(0.0478481 1.58139 0)
(0.0658731 1.52922 0)
(0.0670061 1.4812 0)
(0.0985895 1.50756 0)
(0.0431441 1.64722 0)
(0.0885729 2.23918 0)
(0.109807 2.77037 0)
(0.0810947 2.96284 0)
(0.0566646 3.0113 0)
(0.0419994 2.96384 0)
(0.014186 2.73713 0)
(-0.0105983 2.302 0)
(-0.0161923 1.30668 0)
(-0.00385263 -0.156499 0)
(-0.0231166 -0.0084819 0)
(-0.0595514 0.419123 0)
(-0.0763659 0.997753 0)
(-0.0686057 1.36386 0)
(-0.0447811 1.51728 0)
(-0.018468 1.56003 0)
(0.00791599 1.55768 0)
(0.0345853 1.51576 0)
(0.0325471 1.475 0)
(0.063459 1.5117 0)
(0.0244446 1.64505 0)
(0.0526577 2.22319 0)
(0.0618342 2.77692 0)
(0.0374671 2.98988 0)
(0.0194536 3.04973 0)
(0.0066943 3.01295 0)
(-0.0124888 2.78765 0)
(-0.0310462 2.31242 0)
(-0.0176626 1.23702 0)
(-0.00638674 -0.0966924 0)
(-0.0313957 0.0903907 0)
(-0.0707386 0.503854 0)
(-0.0902158 1.01929 0)
(-0.0863732 1.33104 0)
(-0.0664832 1.47197 0)
(-0.045389 1.52116 0)
(-0.0190393 1.52663 0)
(0.00549933 1.49788 0)
(0.00479857 1.46588 0)
(0.0358331 1.50906 0)
(0.00828168 1.64484 0)
(0.0244432 2.21373 0)
(0.0260368 2.78269 0)
(0.0048577 3.01041 0)
(-0.0102153 3.08034 0)
(-0.0204024 3.04047 0)
(-0.0328337 2.81074 0)
(-0.0379055 2.29971 0)
(-0.0215474 1.1274 0)
(-0.00697365 -0.0259454 0)
(-0.0324514 0.194388 0)
(-0.0711165 0.583454 0)
(-0.0897503 1.03675 0)
(-0.0878453 1.30588 0)
(-0.07058 1.43553 0)
(-0.0550274 1.48677 0)
(-0.0350266 1.49787 0)
(-0.0151504 1.47959 0)
(-0.0126316 1.4536 0)
(0.0143707 1.50693 0)
(-0.00681662 1.64573 0)
(0.000172804 2.21571 0)
(-0.00234199 2.79175 0)
(-0.017512 3.02478 0)
(-0.0283785 3.09706 0)
(-0.0357622 3.05764 0)
(-0.0442546 2.81747 0)
(-0.0442182 2.26626 0)
(-0.0222459 1.00108 0)
(-0.00615745 0.0426504 0)
(-0.0282381 0.293546 0)
(-0.0624606 0.656592 0)
(-0.0803936 1.05542 0)
(-0.0812408 1.28988 0)
(-0.0675833 1.40777 0)
(-0.0556507 1.45902 0)
(-0.0401809 1.47542 0)
(-0.0218415 1.46489 0)
(-0.0192241 1.44291 0)
(-0.000442542 1.50677 0)
(-0.0154954 1.64765 0)
(-0.0176199 2.21793 0)
(-0.0188996 2.79896 0)
(-0.0325485 3.03498 0)
(-0.0385276 3.10642 0)
(-0.0468288 3.06443 0)
(-0.0507651 2.81178 0)
(-0.0453411 2.20773 0)
(-0.0176481 0.877331 0)
(-0.00434085 0.0988497 0)
(-0.0215134 0.377925 0)
(-0.0495269 0.718951 0)
(-0.0650322 1.0771 0)
(-0.0687666 1.28721 0)
(-0.0591388 1.39464 0)
(-0.0513273 1.44293 0)
(-0.0389744 1.45975 0)
(-0.0214711 1.45418 0)
(-0.0215561 1.43563 0)
(-0.00793925 1.50721 0)
(-0.0216759 1.65805 0)
(-0.0285294 2.22542 0)
(-0.031102 2.8099 0)
(-0.0434437 3.04802 0)
(-0.0470154 3.12 0)
(-0.0503115 3.07127 0)
(-0.0533453 2.80026 0)
(-0.0423978 2.13866 0)
(-0.0123839 0.769498 0)
(-0.00275956 0.139944 0)
(-0.0152132 0.445583 0)
(-0.0375683 0.772326 0)
(-0.0501103 1.09983 0)
(-0.0555315 1.28948 0)
(-0.0508275 1.38631 0)
(-0.0469206 1.43059 0)
(-0.036825 1.4478 0)
(-0.0219542 1.44565 0)
(-0.0241845 1.4316 0)
(-0.00972469 1.50434 0)
(-0.0233019 1.66452 0)
(-0.0313633 2.23158 0)
(-0.0350011 2.82093 0)
(-0.0468319 3.06023 0)
(-0.0495943 3.12893 0)
(-0.053419 3.07502 0)
(-0.050124 2.78524 0)
(-0.0390399 2.07309 0)
(-0.00711939 0.680316 0)
(-0.00163852 0.167472 0)
(-0.0100296 0.495511 0)
(-0.0275712 0.812703 0)
(-0.0363035 1.11789 0)
(-0.0409252 1.29676 0)
(-0.038662 1.38652 0)
(-0.0390076 1.4262 0)
(-0.0337718 1.43935 0)
(-0.0232303 1.43924 0)
(-0.0279546 1.42878 0)
(-0.0145696 1.50296 0)
(-0.0231765 1.67432 0)
(-0.0331718 2.2444 0)
(-0.0368175 2.83193 0)
(-0.0478605 3.06987 0)
(-0.0503806 3.13472 0)
(-0.0547779 3.07352 0)
(-0.0511216 2.75684 0)
(-0.0349674 1.99218 0)
(-0.00312054 0.606919 0)
(-0.00106096 0.185935 0)
(-0.00673357 0.533477 0)
(-0.0208386 0.846634 0)
(-0.0280811 1.13053 0)
(-0.0299636 1.30153 0)
(-0.0302425 1.38626 0)
(-0.0314397 1.42266 0)
(-0.0296107 1.43461 0)
(-0.0231204 1.43646 0)
(-0.0297101 1.42822 0)
(-0.0195295 1.49951 0)
(-0.0228552 1.67995 0)
(-0.036327 2.25597 0)
(-0.0407582 2.84461 0)
(-0.0540036 3.07948 0)
(-0.0554383 3.14107 0)
(-0.0569149 3.06863 0)
(-0.0538895 2.7265 0)
(-0.0301475 1.90059 0)
(-0.00112756 0.548043 0)
(-0.000734497 0.198028 0)
(-0.00446718 0.560397 0)
(-0.0154023 0.872793 0)
(-0.021577 1.13728 0)
(-0.021722 1.30572 0)
(-0.0223577 1.3899 0)
(-0.0234661 1.42489 0)
(-0.025389 1.43421 0)
(-0.0225958 1.43647 0)
(-0.0293359 1.42882 0)
(-0.0252699 1.49693 0)
(-0.0238341 1.68975 0)
(-0.0423455 2.26922 0)
(-0.0480693 2.85772 0)
(-0.060182 3.088 0)
(-0.0605848 3.14233 0)
(-0.0582331 3.06006 0)
(-0.0482273 2.68526 0)
(-0.0261057 1.81624 0)
(0.00167971 0.501765 0)
(-0.000656114 0.207085 0)
(-0.00341068 0.581636 0)
(-0.0117684 0.896677 0)
(-0.0192189 1.14487 0)
(-0.0184823 1.30727 0)
(-0.0194246 1.39095 0)
(-0.0197192 1.42575 0)
(-0.0242161 1.43611 0)
(-0.0227518 1.43739 0)
(-0.030234 1.43233 0)
(-0.0311566 1.49498 0)
(-0.0243208 1.6971 0)
(-0.0452331 2.28675 0)
(-0.050559 2.86813 0)
(-0.0634115 3.09171 0)
(-0.0615539 3.13998 0)
(-0.0575691 3.04695 0)
(-0.0454532 2.63379 0)
(-0.0217427 1.72842 0)
(0.00412711 0.468266 0)
(-0.000635171 0.213757 0)
(-0.00273517 0.596312 0)
(-0.00873871 0.914939 0)
(-0.0151257 1.15243 0)
(-0.0162408 1.30942 0)
(-0.0160548 1.39287 0)
(-0.0155557 1.42997 0)
(-0.0225128 1.44135 0)
(-0.021446 1.43903 0)
(-0.0320485 1.43717 0)
(-0.0376571 1.48955 0)
(-0.0273667 1.70092 0)
(-0.046192 2.3035 0)
(-0.055983 2.87998 0)
(-0.0678172 3.09411 0)
(-0.0649171 3.13491 0)
(-0.0606613 3.02122 0)
(-0.0525645 2.58023 0)
(-0.017289 1.62441 0)
(0.0027097 0.442825 0)
(-0.000750249 0.220531 0)
(-0.00269589 0.609277 0)
(-0.00713298 0.931938 0)
(-0.0143779 1.16284 0)
(-0.0155164 1.31056 0)
(-0.0153446 1.39203 0)
(-0.0139272 1.43119 0)
(-0.0205268 1.44564 0)
(-0.0229793 1.44455 0)
(-0.0372807 1.44923 0)
(-0.0471845 1.48951 0)
(-0.040043 1.70683 0)
(-0.0580937 2.33296 0)
(-0.0729285 2.89426 0)
(-0.0799675 3.09662 0)
(-0.0773039 3.12788 0)
(-0.073301 2.99496 0)
(-0.0562065 2.51352 0)
(-0.0184664 1.52726 0)
(0.002135 0.417682 0)
(-0.000839229 0.226332 0)
(-0.0025329 0.617593 0)
(-0.00554431 0.943287 0)
(-0.00962788 1.17189 0)
(-0.0121033 1.31262 0)
(-0.011019 1.39286 0)
(-0.00874894 1.43405 0)
(-0.0130532 1.45593 0)
(-0.0197423 1.44978 0)
(-0.0366262 1.45753 0)
(-0.048862 1.48939 0)
(-0.0528149 1.70667 0)
(-0.0622262 2.35213 0)
(-0.0837198 2.90862 0)
(-0.0872081 3.09585 0)
(-0.0790381 3.12215 0)
(-0.0731986 2.96883 0)
(-0.0479309 2.43902 0)
(-0.0204352 1.43986 0)
(0.00563628 0.39321 0)
(-0.000928287 0.233427 0)
(-0.00241499 0.625635 0)
(-0.00459607 0.952417 0)
(-0.00738203 1.17927 0)
(-0.00991512 1.31276 0)
(-0.00787571 1.38785 0)
(-0.00657924 1.43098 0)
(-0.00315716 1.455 0)
(-0.0144392 1.46179 0)
(-0.0297701 1.47184 0)
(-0.0520173 1.49837 0)
(-0.0704323 1.71703 0)
(-0.0742449 2.37561 0)
(-0.0861621 2.9175 0)
(-0.0866187 3.09091 0)
(-0.0745673 3.10828 0)
(-0.0608644 2.93734 0)
(-0.043923 2.38295 0)
(-0.012449 1.35431 0)
(0.0101603 0.386012 0)
(-0.00090702 0.238378 0)
(-0.00182421 0.628598 0)
(-0.00256792 0.955317 0)
(-0.0016217 1.1809 0)
(-0.00205363 1.3123 0)
(0.00655297 1.38544 0)
(0.00705158 1.4308 0)
(0.0227979 1.46447 0)
(0.00897664 1.48317 0)
(-0.00272377 1.49423 0)
(-0.04236 1.51572 0)
(-0.0763911 1.72652 0)
(-0.0791259 2.38823 0)
(-0.0927867 2.91999 0)
(-0.0954828 3.07838 0)
(-0.0910424 3.08524 0)
(-0.0752866 2.88354 0)
(-0.0577877 2.28174 0)
(-0.00731715 1.22583 0)
(0.00883777 0.389697 0)
(-0.00105495 0.245274 0)
(-0.00213871 0.632224 0)
(-0.00272425 0.956281 0)
(-0.00169487 1.17932 0)
(-0.00106089 1.30408 0)
(0.00947001 1.36967 0)
(0.0153965 1.41036 0)
(0.040187 1.44264 0)
(0.0479758 1.47035 0)
(0.0655803 1.50356 0)
(0.0179403 1.55148 0)
(-0.0655076 1.73874 0)
(-0.0825092 2.39814 0)
(-0.101511 2.92903 0)
(-0.105419 3.08056 0)
(-0.105432 3.07148 0)
(-0.105001 2.82528 0)
(-0.0716277 2.16167 0)
(-0.0161692 1.1001 0)
(-0.000866133 0.380969 0)
(-0.000740345 0.248984 0)
(-0.00121661 0.630594 0)
(0.000419589 0.951895 0)
(0.005884 1.17134 0)
(0.016765 1.29099 0)
(0.0355544 1.35419 0)
(0.0555804 1.39445 0)
(0.0892839 1.43354 0)
(0.109009 1.47213 0)
(0.135079 1.53283 0)
(0.0346433 1.63218 0)
(-0.074122 1.80013 0)
(-0.0847057 2.42219 0)
(-0.100235 2.94868 0)
(-0.102454 3.08461 0)
(-0.100819 3.0734 0)
(-0.100096 2.79751 0)
(-0.0716441 2.06787 0)
(-0.0163345 0.979726 0)
(-0.00926731 0.331822 0)
(-0.000802073 0.254546 0)
(-0.00143689 0.630822 0)
(-0.00112745 0.941826 0)
(0.00578648 1.14309 0)
(0.0211263 1.24818 0)
(0.0507349 1.2986 0)
(0.086735 1.3279 0)
(0.139697 1.36672 0)
(0.188992 1.41813 0)
(0.209078 1.55072 0)
(0.145151 1.69834 0)
(0.00166082 1.84074 0)
(-0.0588406 2.43278 0)
(-0.0727489 2.96051 0)
(-0.0881222 3.09465 0)
(-0.0906637 3.06814 0)
(-0.0632779 2.76308 0)
(-0.047257 2.01122 0)
(0.0089175 0.935518 0)
(-0.0110539 0.309009 0)
(0.00042409 0.254775 0)
(0.000178756 0.623781 0)
(0.00382845 0.929504 0)
(0.0138897 1.11991 0)
(0.0327358 1.21396 0)
(0.0639535 1.25352 0)
(0.107405 1.2783 0)
(0.177281 1.32141 0)
(0.241329 1.39137 0)
(0.283794 1.57972 0)
(0.166967 1.80473 0)
(0.037058 1.97073 0)
(-0.052041 2.47303 0)
(-0.0591681 3.00063 0)
(-0.0875495 3.10532 0)
(-0.0945084 3.0485 0)
(-0.067346 2.68333 0)
(-0.0333282 1.85567 0)
(0.0288081 0.882161 0)
(-0.00411889 0.320474 0)
(-0.000292354 0.249838 0)
(-0.00285285 0.622685 0)
(-0.00419759 0.904423 0)
(0.0148991 1.0706 0)
(0.0501958 1.14436 0)
(0.108474 1.16925 0)
(0.166429 1.18339 0)
(0.245829 1.22428 0)
(0.288856 1.33288 0)
(0.320543 1.62276 0)
(0.23596 1.87393 0)
(0.0811772 2.04191 0)
(-0.0460483 2.51835 0)
(-0.0747797 3.02764 0)
(-0.108527 3.11412 0)
(-0.125998 3.04588 0)
(-0.126644 2.6177 0)
(-0.0185923 1.68048 0)
(0.0128314 0.878049 0)
(0.00291611 0.359769 0)
(-0.00154933 0.272441 0)
(-0.0053531 0.646537 0)
(-0.010029 0.901722 0)
(-0.00373642 1.01337 0)
(0.0148656 1.04576 0)
(0.0528966 1.04572 0)
(0.102679 1.05708 0)
(0.177865 1.11623 0)
(0.241567 1.27968 0)
(0.297195 1.64073 0)
(0.222016 2.04629 0)
(0.0691582 2.25846 0)
(-0.0641081 2.67425 0)
(-0.103806 3.1198 0)
(-0.139732 3.17817 0)
(-0.145847 3.02157 0)
(-0.133268 2.43567 0)
(-0.0329544 1.36794 0)
(-0.0139821 0.812488 0)
(0.000448668 0.336545 0)
(-0.246623 1.59853 1.06697e-22)
(0.401942 3.24613 1.09436e-19)
(0.0936518 3.474 -2.41738e-20)
(0.202361 3.44045 0)
(0.163621 3.39247 0)
(0.158215 3.34429 -4.91199e-19)
(0.160701 3.31819 5.10046e-19)
(0.133092 3.27221 -5.21475e-19)
(0.116692 3.17549 9.36658e-21)
(0.102814 2.56655 6.87213e-19)
(-0.104923 2.34455 -9.85891e-24)
(0.135463 3.30065 1.69841e-19)
(0.0120386 3.44273 0)
(0.100128 3.39433 0)
(0.076313 3.34741 1.46197e-20)
(0.0818109 3.30889 1.00663e-18)
(0.0775033 3.27564 -5.53348e-19)
(0.0530806 3.23937 -9.08458e-21)
(0.0521082 3.08059 8.67049e-21)
(0.00103471 2.08386 0)
(-0.0276853 2.08422 2.69566e-19)
(0.0881332 3.14723 -2.82715e-19)
(0.0275048 3.3493 0)
(0.0749593 3.32691 4.65683e-19)
(0.054633 3.30377 -1.41045e-21)
(0.0557116 3.28162 -5.1797e-19)
(0.0474345 3.26665 -6.2565e-19)
(0.0321311 3.24501 -2.225e-22)
(0.0416616 3.11796 8.96589e-21)
(-0.016522 2.21019 0)
(-0.0402744 2.02663 -9.00365e-20)
(0.0289875 3.12268 0)
(-0.0121397 3.31135 -2.43785e-19)
(0.0231251 3.30855 -2.09318e-19)
(0.0177534 3.28504 1.77124e-20)
(0.0241225 3.26182 -3.25512e-19)
(0.0285388 3.24568 2.94071e-19)
(0.0223363 3.23319 -1.03078e-20)
(0.0425887 3.12458 1.36786e-20)
(0.00747288 2.24952 3.51466e-19)
(-0.050272 2.02705 -1.96944e-19)
(0.0146824 3.09242 0)
(-0.00632315 3.26819 5.18894e-19)
(0.0132189 3.26266 -2.84943e-19)
(0.0149861 3.24861 -7.13058e-22)
(0.0180756 3.23745 1.4497e-21)
(0.0216889 3.23339 -1.54609e-20)
(0.0224544 3.22376 -3.62414e-19)
(0.0433251 3.12705 9.99681e-21)
(-0.00309717 2.31167 -7.32847e-19)
(-0.0512604 2.08759 0)
(-0.00930239 3.08716 -2.77949e-19)
(-0.0278873 3.2439 1.76335e-20)
(-0.0139991 3.24746 -1.91978e-20)
(-0.00475258 3.23262 1.96979e-20)
(0.00377714 3.21999 3.26509e-19)
(0.016437 3.21084 3.401e-19)
(0.0213029 3.20537 7.09698e-19)
(0.0427999 3.12387 3.90931e-19)
(0.0107091 2.35396 -1.65711e-20)
(-0.0492575 2.14241 0)
(-0.0191801 3.08321 2.88109e-19)
(-0.0184993 3.21433 -3.0032e-19)
(-0.0111307 3.21294 -2.05097e-20)
(8.51447e-05 3.20254 4.23371e-20)
(0.00796342 3.1958 3.71285e-22)
(0.0164946 3.19562 -2.26692e-20)
(0.0220233 3.19082 -3.69436e-19)
(0.0424817 3.12126 -3.80757e-19)
(0.00383915 2.4196 -1.72079e-20)
(-0.0494237 2.22847 3.23936e-19)
(-0.0285457 3.08521 -1.50967e-20)
(-0.0317442 3.19429 1.03871e-20)
(-0.0234053 3.19571 0)
(-0.0130899 3.18574 0)
(-0.00123544 3.17805 0)
(0.0136386 3.17156 0)
(0.0207519 3.16938 4.0536e-19)
(0.0411312 3.11259 -4.17693e-19)
(0.0154476 2.46384 4.14099e-19)
(-0.0449799 2.30806 2.73152e-20)
(-0.0326129 3.08616 3.44313e-19)
(-0.0206088 3.16982 0)
(-0.0146103 3.16547 -2.29105e-20)
(-0.00401107 3.15766 2.34327e-20)
(0.00537498 3.15314 0)
(0.0146644 3.15431 -1.26386e-20)
(0.0207679 3.15265 -3.93461e-19)
(0.0402238 3.10923 4.18815e-19)
(0.0103847 2.533 0)
(-0.0447894 2.40243 1.53196e-20)
(-0.0364951 3.08561 -5.26499e-19)
(-0.0303283 3.14976 0)
(-0.0226224 3.14697 0)
(-0.0136471 3.13924 2.4894e-20)
(-0.00217152 3.13373 -2.09181e-19)
(0.0118484 3.12883 -2.62326e-20)
(0.0192107 3.12938 2.2238e-19)
(0.0384919 3.09614 0)
(0.0192992 2.58106 0)
(-0.038905 2.49217 -5.45756e-19)
(-0.0380564 3.08324 1.85182e-19)
(-0.0202561 3.12439 0)
(-0.0130066 3.1162 0)
(-0.00352501 3.10948 0)
(0.00555593 3.10649 4.29195e-19)
(0.0141452 3.10893 0)
(0.020171 3.11052 -2.37201e-19)
(0.03791 3.0905 1.46088e-20)
(0.0149049 2.65379 2.46327e-19)
(-0.0385029 2.58784 1.93574e-19)
(-0.0405257 3.07441 -1.87247e-20)
(-0.0300045 3.10102 2.23406e-19)
(-0.0213459 3.09497 2.16888e-19)
(-0.0124835 3.08845 0)
(-0.000828982 3.08429 -2.19786e-19)
(0.0127301 3.08114 0)
(0.0210585 3.08455 0)
(0.0384381 3.07218 0)
(0.0223525 2.70643 -2.47471e-19)
(-0.0343973 2.67975 -2.0181e-19)
(-0.0427444 3.06335 2.08284e-19)
(-0.0230968 3.0721 -2.10554e-19)
(-0.0130707 3.06204 -3.30888e-19)
(-0.00284934 3.05689 0)
(0.00718012 3.0554 2.95185e-20)
(0.0165771 3.05891 -1.50761e-20)
(0.0248137 3.06302 1.11877e-19)
(0.0417361 3.06163 1.38961e-19)
(0.0207868 2.78041 -1.42951e-19)
(-0.035105 2.77113 2.07091e-19)
(-0.0469253 3.04362 -2.00178e-19)
(-0.0330127 3.04548 1.41949e-20)
(-0.0209002 3.0403 8.39491e-20)
(-0.0110813 3.03632 -1.19763e-19)
(0.000314411 3.03389 0)
(0.014068 3.03183 1.28655e-19)
(0.0256637 3.03563 4.95061e-21)
(0.0445902 3.03661 -2.68283e-19)
(0.0287114 2.83263 -6.55142e-21)
(-0.0291128 2.85637 -5.82447e-20)
(-0.0436226 3.02287 1.4311e-20)
(-0.0228334 3.01806 -7.41836e-20)
(-0.0109871 3.01455 3.0283e-20)
(-0.00216664 3.01412 1.45917e-19)
(0.00628896 3.01346 -6.18195e-20)
(0.0142135 3.01443 -6.19085e-20)
(0.0233604 3.01693 -6.43688e-20)
(0.0418573 3.02183 1.37444e-19)
(0.0247758 2.9003 6.75722e-20)
(-0.0178146 2.93914 4.68354e-20)
(-0.0262351 2.99946 2.06918e-20)
(-0.0162729 3.00052 4.09036e-20)
(-0.00943882 3.00172 -8.36906e-20)
(-0.0041402 3.00265 2.83036e-20)
(0.00065042 3.00217 5.76074e-20)
(0.00562634 3.00061 -6.0055e-20)
(0.0107156 2.99898 -6.2745e-20)
(0.0218025 2.99716 8.44668e-21)
(0.0165453 2.94915 5.99808e-20)
)
;

boundaryField
{
    wall-4
    {
        type            noSlip;
    }
    pressure-outlet-7
    {
        type            zeroGradient;
    }
    velocity-inlet-6
    {
        type            fixedValue;
        value           uniform (0 3 0);
    }
    velocity-inlet-5
    {
        type            fixedValue;
        value           uniform (1 0 0);
    }
    frontAndBackPlanes
    {
        type            empty;
    }
}


// ************************************************************************* //
