/*--------------------------------*- C++ -*----------------------------------*\
  =========                 |
  \\      /  F ield         | OpenFOAM: The Open Source CFD Toolbox
   \\    /   O peration     | Website:  https://openfoam.org
    \\  /    A nd           | Version:  9
     \\/     M anipulation  |
\*---------------------------------------------------------------------------*/
FoamFile
{
    format      ascii;
    class       volVectorField;
    location    "38";
    object      U;
}
// * * * * * * * * * * * * * * * * * * * * * * * * * * * * * * * * * * * * * //

dimensions      [0 1 -1 0 0 0 0];

internalField   nonuniform List<vector> 
2200
(
(0.878833 -0.0304163 0)
(1.00578 -0.051289 0)
(1.00328 -0.0354131 0)
(1.00027 -0.0244829 0)
(0.999873 -0.0167239 0)
(1.00001 -0.0107786 0)
(0.999994 -0.00689034 0)
(1.00001 -0.00423842 0)
(1.00002 -0.00228088 0)
(1.00017 -0.000720033 0)
(1.00005 0.000913951 0)
(1.00001 0.00247018 0)
(0.999985 0.0044155 0)
(0.999998 0.00703491 0)
(1.00004 0.0109133 0)
(0.999837 0.0167242 0)
(1.00019 0.0244682 0)
(1.00345 0.0350611 0)
(1.00591 0.0513608 0)
(0.878965 0.0303414 0)
(0.71197 -0.0327641 0)
(0.99661 -0.0630249 0)
(1.03324 -0.0561805 0)
(1.02481 -0.0464098 0)
(1.01586 -0.0361233 0)
(1.00969 -0.0264472 0)
(1.00593 -0.0181619 0)
(1.00374 -0.0114343 0)
(1.00252 -0.00603481 0)
(1.00197 -0.0015846 0)
(1.00196 0.00259484 0)
(1.00244 0.00697411 0)
(1.00366 0.0122136 0)
(1.00591 0.018849 0)
(1.00953 0.0270238 0)
(1.01569 0.0367537 0)
(1.02474 0.0471524 0)
(1.03305 0.0574951 0)
(0.996632 0.0631416 0)
(0.711787 0.032971 0)
(0.535526 -0.023896 0)
(0.96986 -0.0569504 0)
(1.05644 -0.0547174 0)
(1.05226 -0.0487951 0)
(1.03616 -0.0404412 0)
(1.02441 -0.0322785 0)
(1.01599 -0.0240969 0)
(1.01045 -0.0162859 0)
(1.00725 -0.00904769 0)
(1.00578 -0.00244555 0)
(1.00574 0.0039553 0)
(1.00713 0.0105467 0)
(1.01028 0.0177206 0)
(1.01561 0.0253472 0)
(1.02408 0.0332671 0)
(1.03597 0.0412747 0)
(1.05202 0.049336 0)
(1.05636 0.05373 0)
(0.969234 0.0575529 0)
(0.534477 0.0239251 0)
(0.392117 -0.0136743 0)
(0.911589 -0.0464518 0)
(1.0574 -0.0470698 0)
(1.06943 -0.0444197 0)
(1.05481 -0.0382798 0)
(1.03921 -0.0315474 0)
(1.02743 -0.0247682 0)
(1.01895 -0.0175698 0)
(1.01356 -0.0101076 0)
(1.01086 -0.00255138 0)
(1.01075 0.00495127 0)
(1.01327 0.0123181 0)
(1.01847 0.0194365 0)
(1.02676 0.0262918 0)
(1.03846 0.0328218 0)
(1.05409 0.0393128 0)
(1.06856 0.0454387 0)
(1.05582 0.0480545 0)
(0.91016 0.0468872 0)
(0.390248 0.0137474 0)
(0.307473 -0.00451082 0)
(0.846597 -0.0323877 0)
(1.0494 -0.0399331 0)
(1.07952 -0.0381961 0)
(1.06828 -0.0335955 0)
(1.0517 -0.0279985 0)
(1.03821 -0.0226602 0)
(1.02804 -0.0167026 0)
(1.02106 -0.00988299 0)
(1.01733 -0.00238669 0)
(1.01711 0.00533144 0)
(1.02051 0.0126233 0)
(1.02719 0.0191504 0)
(1.03728 0.0248956 0)
(1.05059 0.029914 0)
(1.06693 0.0353008 0)
(1.07785 0.0397154 0)
(1.04738 0.0413813 0)
(0.843454 0.0328501 0)
(0.304359 0.00468874 0)
(0.263991 0.00010411 0)
(0.788639 -0.0200923 0)
(1.03305 -0.0315332 0)
(1.0833 -0.0321942 0)
(1.07716 -0.0289971 0)
(1.06075 -0.0241999 0)
(1.04711 -0.0196912 0)
(1.03625 -0.0145746 0)
(1.02844 -0.0085434 0)
(1.024 -0.00153562 0)
(1.02372 0.00581481 0)
(1.02762 0.0125365 0)
(1.03509 0.018187 0)
(1.04543 0.022854 0)
(1.05886 0.026841 0)
(1.07525 0.0312085 0)
(1.08097 0.033907 0)
(1.02994 0.03306 0)
(0.783696 0.0206379 0)
(0.259695 8.31019e-05 0)
(0.239965 0.0010461 0)
(0.737821 -0.0123649 0)
(1.01326 -0.0251632 0)
(1.08369 -0.0270012 0)
(1.08262 -0.0247848 0)
(1.06748 -0.0207436 0)
(1.05404 -0.0168463 0)
(1.04325 -0.0123435 0)
(1.03515 -0.00703661 0)
(1.03029 -0.000779724 0)
(1.02984 0.00581404 0)
(1.03393 0.0117392 0)
(1.04143 0.016613 0)
(1.05192 0.0205687 0)
(1.06516 0.0241923 0)
(1.07983 0.0276125 0)
(1.08027 0.0293104 0)
(1.0082 0.0268806 0)
(0.730203 0.0130143 0)
(0.234224 -0.000865851 0)
(0.225489 0.00094804 0)
(0.694739 -0.00808668 0)
(0.9925 -0.0208438 0)
(1.08179 -0.0233062 0)
(1.08645 -0.0214641 0)
(1.07297 -0.017969 0)
(1.05965 -0.0142266 0)
(1.04912 -0.00999947 0)
(1.04119 -0.00513966 0)
(1.03625 0.000458281 0)
(1.03567 0.00627308 0)
(1.03956 0.011498 0)
(1.04662 0.0156558 0)
(1.05657 0.0192562 0)
(1.06942 0.0220796 0)
(1.08232 0.0249507 0)
(1.07655 0.0260233 0)
(0.984852 0.0228919 0)
(0.684198 0.00891959 0)
(0.218219 -0.000754787 0)
(0.21586 0.000625569 0)
(0.659216 -0.00567605 0)
(0.971719 -0.0176653 0)
(1.07887 -0.0203131 0)
(1.08962 -0.0188086 0)
(1.07764 -0.0157162 0)
(1.06432 -0.0121914 0)
(1.05402 -0.00820783 0)
(1.04632 -0.00367661 0)
(1.04142 0.0014132 0)
(1.0406 0.00668168 0)
(1.04405 0.0113102 0)
(1.05075 0.0151072 0)
(1.06021 0.0182039 0)
(1.07319 0.0211463 0)
(1.08429 0.0234307 0)
(1.07213 0.0241561 0)
(0.961298 0.0203282 0)
(0.64485 0.00678606 0)
(0.206509 -0.000392332 0)
(0.208627 0.000292204 0)
(0.630526 -0.00423754 0)
(0.952704 -0.0150624 0)
(1.07557 -0.0180743 0)
(1.09264 -0.0168341 0)
(1.08213 -0.0140213 0)
(1.06862 -0.0105245 0)
(1.05813 -0.00666948 0)
(1.05043 -0.00223446 0)
(1.04571 0.00262741 0)
(1.04473 0.00764975 0)
(1.0476 0.0118176 0)
(1.05381 0.0153026 0)
(1.06329 0.0181941 0)
(1.07603 0.0206397 0)
(1.08531 0.0225083 0)
(1.06558 0.0225926 0)
(0.937593 0.0182246 0)
(0.611398 0.00555188 0)
(0.196789 -1.76808e-05 0)
(0.202751 6.79814e-05 0)
(0.607195 -0.00314439 0)
(0.934711 -0.0126679 0)
(1.07228 -0.0158337 0)
(1.09567 -0.0148325 0)
(1.08663 -0.012228 0)
(1.07293 -0.00889974 0)
(1.06209 -0.00513728 0)
(1.05407 -0.00082637 0)
(1.04897 0.00390578 0)
(1.04745 0.00869248 0)
(1.05008 0.0127627 0)
(1.05637 0.0158608 0)
(1.06594 0.0183559 0)
(1.07881 0.0205065 0)
(1.08616 0.0219004 0)
(1.05955 0.021502 0)
(0.915227 0.0164422 0)
(0.582683 0.00476616 0)
(0.187906 0.000259685 0)
(0.198166 2.3936e-05 0)
(0.588962 -0.00217237 0)
(0.918684 -0.00999057 0)
(1.06885 -0.013255 0)
(1.09872 -0.012517 0)
(1.09105 -0.010129 0)
(1.07723 -0.00683992 0)
(1.06617 -0.00317199 0)
(1.05794 0.00111968 0)
(1.05273 0.00571592 0)
(1.05114 0.0100535 0)
(1.05334 0.013687 0)
(1.05914 0.0165719 0)
(1.06849 0.0187618 0)
(1.08108 0.0205088 0)
(1.08613 0.021292 0)
(1.05107 0.0202371 0)
(0.892289 0.0147071 0)
(0.55752 0.00419119 0)
(0.179611 0.000415267 0)
(0.195006 2.98288e-05 0)
(0.575388 -0.00129624 0)
(0.905357 -0.00759405 0)
(1.06584 -0.0105594 0)
(1.10139 -0.00970004 0)
(1.0954 -0.00744289 0)
(1.08176 -0.00449917 0)
(1.07043 -0.00100635 0)
(1.0617 0.00307716 0)
(1.05564 0.00747167 0)
(1.05316 0.0115342 0)
(1.05512 0.0149203 0)
(1.06113 0.0173582 0)
(1.07048 0.0189861 0)
(1.08232 0.0201282 0)
(1.08551 0.0204908 0)
(1.04365 0.0192229 0)
(0.871533 0.0132597 0)
(0.535863 0.00375982 0)
(0.17196 0.000475607 0)
(0.193074 5.35269e-05 0)
(0.565425 -0.000647779 0)
(0.893039 -0.0055043 0)
(1.06311 -0.00817157 0)
(1.10474 -0.00710235 0)
(1.09989 -0.00455996 0)
(1.0862 -0.00133927 0)
(1.07452 0.00209863 0)
(1.06518 0.00592766 0)
(1.05856 0.010059 0)
(1.05599 0.0138126 0)
(1.05777 0.0165043 0)
(1.06305 0.018147 0)
(1.07205 0.019346 0)
(1.08355 0.019984 0)
(1.08401 0.0203911 0)
(1.03295 0.018515 0)
(0.849223 0.0122164 0)
(0.515582 0.0035922 0)
(0.164518 0.00053639 0)
(0.19255 -1.41524e-05 0)
(0.558655 4.68551e-05 0)
(0.884998 -0.00307378 0)
(1.0617 -0.00525597 0)
(1.108 -0.00395032 0)
(1.1046 -0.00128174 0)
(1.09106 0.00206941 0)
(1.07909 0.00556899 0)
(1.06923 0.0093105 0)
(1.06169 0.0130242 0)
(1.05795 0.0161695 0)
(1.05923 0.0181952 0)
(1.06491 0.0193508 0)
(1.07378 0.0199517 0)
(1.08402 0.020777 0)
(1.08229 0.02044 0)
(1.02449 0.0181945 0)
(0.830124 0.0116229 0)
(0.497946 0.0035465 0)
(0.157412 0.000592939 0)
(0.193343 -6.04188e-05 0)
(0.556985 0.00112538 0)
(0.878416 -0.000874179 0)
(1.06092 -0.00236344 0)
(1.11236 -0.000850241 0)
(1.10995 0.0020988 0)
(1.09615 0.00562235 0)
(1.08386 0.00928234 0)
(1.07371 0.0129558 0)
(1.06588 0.0165182 0)
(1.06174 0.0192963 0)
(1.0618 0.020876 0)
(1.06569 0.0214794 0)
(1.0742 0.0217819 0)
(1.0835 0.0217853 0)
(1.07865 0.0208548 0)
(1.01159 0.0179414 0)
(0.807908 0.0109889 0)
(0.47991 0.00349295 0)
(0.149942 0.000630636 0)
(0.195947 0.00041591 0)
(0.558198 0.00172022 0)
(0.875849 0.00200693 0)
(1.06166 0.00122461 0)
(1.11624 0.00302065 0)
(1.11495 0.00581754 0)
(1.10104 0.00943786 0)
(1.08816 0.0131227 0)
(1.07733 0.0172127 0)
(1.0685 0.0209988 0)
(1.06287 0.0235942 0)
(1.06186 0.02456 0)
(1.06602 0.0245868 0)
(1.07422 0.0240843 0)
(1.08221 0.0230933 0)
(1.07511 0.0214104 0)
(1.00112 0.0179689 0)
(0.789807 0.0106213 0)
(0.464586 0.00350225 0)
(0.142984 0.000641238 0)
(0.200508 0.00069283 0)
(0.562361 0.00270901 0)
(0.877414 0.00448037 0)
(1.06337 0.00469201 0)
(1.12084 0.00713681 0)
(1.12035 0.0103563 0)
(1.10582 0.0139817 0)
(1.09198 0.0181472 0)
(1.08008 0.0222304 0)
(1.07004 0.025931 0)
(1.06339 0.0281645 0)
(1.06141 0.0289159 0)
(1.06407 0.0282051 0)
(1.07182 0.0268977 0)
(1.07907 0.0253321 0)
(1.06793 0.0230066 0)
(0.985075 0.0183838 0)
(0.7668 0.0105477 0)
(0.446971 0.00369103 0)
(0.13518 0.00068112 0)
(0.208271 0.00085722 0)
(0.572525 0.00418124 0)
(0.883256 0.0075428 0)
(1.06795 0.00964203 0)
(1.12592 0.0125139 0)
(1.12598 0.0157493 0)
(1.1111 0.0201152 0)
(1.09642 0.02444 0)
(1.08313 0.0288667 0)
(1.07129 0.0327558 0)
(1.06318 0.034588 0)
(1.06024 0.0341276 0)
(1.06289 0.0324416 0)
(1.06997 0.0301944 0)
(1.0754 0.0275071 0)
(1.06105 0.0242818 0)
(0.972139 0.0189669 0)
(0.749017 0.0109553 0)
(0.43205 0.00403398 0)
(0.12777 0.000711592 0)
(0.217524 0.001063 0)
(0.586514 0.00536227 0)
(0.893782 0.0108359 0)
(1.07488 0.0143845 0)
(1.13232 0.017945 0)
(1.13302 0.0224133 0)
(1.11766 0.0270462 0)
(1.10232 0.0322131 0)
(1.08799 0.0369183 0)
(1.07447 0.0403569 0)
(1.06387 0.0411403 0)
(1.05873 0.0401721 0)
(1.05892 0.0377537 0)
(1.06477 0.0346328 0)
(1.06932 0.0314408 0)
(1.05072 0.0269734 0)
(0.953048 0.0205073 0)
(0.724374 0.0119091 0)
(0.412379 0.00457009 0)
(0.118575 0.000756175 0)
(0.23109 0.00146693 0)
(0.608185 0.00717258 0)
(0.911131 0.0149439 0)
(1.08565 0.0203606 0)
(1.14074 0.0250891 0)
(1.14117 0.0297334 0)
(1.12514 0.0355958 0)
(1.10856 0.0413021 0)
(1.09243 0.0466074 0)
(1.07668 0.050431 0)
(1.06431 0.0511694 0)
(1.05809 0.0490333 0)
(1.05762 0.0450163 0)
(1.06186 0.0403788 0)
(1.063 0.0357645 0)
(1.04013 0.0300555 0)
(0.936651 0.0228417 0)
(0.704723 0.0136686 0)
(0.394481 0.00533735 0)
(0.109434 0.000810839 0)
(0.2474 0.00203062 0)
(0.633733 0.00878338 0)
(0.933163 0.0188334 0)
(1.09984 0.026381 0)
(1.15092 0.0323547 0)
(1.15093 0.039377 0)
(1.13323 0.0461442 0)
(1.11478 0.0528696 0)
(1.09634 0.0586542 0)
(1.07788 0.0619746 0)
(1.0622 0.061308 0)
(1.05257 0.0574533 0)
(1.04954 0.0526841 0)
(1.05276 0.0472516 0)
(1.05378 0.042194 0)
(1.02609 0.0353686 0)
(0.913231 0.0265204 0)
(0.674757 0.0160926 0)
(0.368428 0.00621156 0)
(0.0973702 0.000894015 0)
(0.270149 0.00286194 0)
(0.66844 0.012598 0)
(0.962043 0.0252552 0)
(1.11865 0.0353284 0)
(1.16442 0.0434289 0)
(1.16239 0.0514558 0)
(1.1425 0.0598202 0)
(1.12124 0.0674338 0)
(1.09946 0.073492 0)
(1.07758 0.0764682 0)
(1.05951 0.0751897 0)
(1.04946 0.0705164 0)
(1.04624 0.0637845 0)
(1.04761 0.0563032 0)
(1.04347 0.049369 0)
(1.01026 0.0409451 0)
(0.890603 0.0310062 0)
(0.648193 0.0189743 0)
(0.343451 0.00725739 0)
(0.085224 0.000960977 0)
(0.301763 0.0037583 0)
(0.714536 0.015549 0)
(1.00041 0.0329352 0)
(1.14342 0.046238 0)
(1.18152 0.0561354 0)
(1.17674 0.0675258 0)
(1.15318 0.0773631 0)
(1.12858 0.0858406 0)
(1.10333 0.0917704 0)
(1.07786 0.0936057 0)
(1.05569 0.089961 0)
(1.04076 0.0822804 0)
(1.03382 0.0739519 0)
(1.03378 0.0657105 0)
(1.0306 0.0581891 0)
(0.991733 0.0485741 0)
(0.859998 0.0363026 0)
(0.607976 0.0220573 0)
(0.307567 0.00803969 0)
(0.069537 0.000963339 0)
(0.338098 0.0072396 0)
(0.772065 0.0246812 0)
(1.0472 0.0454826 0)
(1.17389 0.0625357 0)
(1.20343 0.0756935 0)
(1.19318 0.0890813 0)
(1.16511 0.0999276 0)
(1.13617 0.108575 0)
(1.10641 0.113867 0)
(1.07636 0.11435 0)
(1.05067 0.109157 0)
(1.0352 0.100367 0)
(1.02902 0.0905471 0)
(1.02741 0.0798087 0)
(1.01604 0.0693907 0)
(0.968016 0.0570202 0)
(0.826617 0.0425293 0)
(0.569827 0.025391 0)
(0.274049 0.00910983 0)
(0.0548928 0.000868662 0)
(0.41914 0.0108931 0)
(0.857608 0.0355846 0)
(1.10944 0.0657 0)
(1.21184 0.0873906 0)
(1.22888 0.101817 7.11793e-34)
(1.21143 0.118193 -3.17603e-34)
(1.17695 0.129062 0)
(1.14294 0.136893 0)
(1.10844 0.140434 0)
(1.07424 0.138523 0)
(1.0446 0.129966 0)
(1.02418 0.117876 0)
(1.01262 0.10495 0)
(1.00754 0.0927762 0)
(0.997314 0.0816936 0)
(0.941319 0.0675618 0)
(0.783546 0.0492229 0)
(0.514306 0.0289842 0)
(0.225187 0.00915936 0)
(0.0357342 0.000720446 0)
(0.489386 0.0261306 5.44458e-20)
(0.956895 0.05915 -4.11174e-20)
(1.17601 0.0993249 0)
(1.25031 0.124057 3.12789e-20)
(1.25627 0.140333 -2.53533e-20)
(1.22865 0.157225 3.35094e-34)
(1.18766 0.166296 0)
(1.14813 0.1723 1.75006e-20)
(1.10806 0.173758 -5.72717e-20)
(1.06795 0.169316 1.16396e-20)
(1.03343 0.158528 0)
(1.01147 0.144375 -2.91652e-20)
(1.00172 0.130808 -3.48143e-20)
(0.996645 0.116855 6.08393e-20)
(0.971284 0.100817 -4.80325e-20)
(0.895541 0.0808361 0)
(0.720004 0.0577298 -1.73689e-20)
(0.442597 0.0316614 0)
(0.171355 0.0102608 -9.55669e-20)
(0.0178852 0.00089572 1.12742e-19)
(0.523558 0.0538582 -7.08163e-21)
(1.01701 0.102621 1.27557e-19)
(1.22336 0.149168 -8.42111e-21)
(1.28294 0.171398 -8.0191e-20)
(1.27989 0.188748 -5.3714e-20)
(1.24337 0.20354 8.7239e-20)
(1.19633 0.210189 0)
(1.15115 0.21398 0)
(1.10544 0.212971 9.13337e-20)
(1.0605 0.205963 0)
(1.0217 0.192077 1.05891e-19)
(0.994047 0.175855 3.1292e-20)
(0.974697 0.159173 3.58607e-22)
(0.956624 0.140884 -6.65429e-20)
(0.931317 0.123722 0)
(0.851589 0.102716 0)
(0.668411 0.0729346 -2.84598e-19)
(0.397861 0.0415305 7.129e-19)
(0.153186 0.0133507 -4.23077e-19)
(0.0115357 0.00171308 -4.99025e-19)
(0.530177 0.0764387 -8.00865e-20)
(1.05237 0.159203 2.97269e-20)
(1.25842 0.210041 1.53399e-20)
(1.30871 0.230413 1.40573e-19)
(1.29812 0.245531 1.42388e-20)
(1.25467 0.255766 -2.28237e-19)
(1.20247 0.258753 7.71461e-20)
(1.15188 0.259648 0)
(1.10075 0.256017 -1.93583e-19)
(1.04964 0.24623 1.7022e-19)
(1.00435 0.229993 -2.85789e-19)
(0.972267 0.211477 1.33737e-19)
(0.951469 0.192174 -8.62437e-20)
(0.936954 0.175252 1.94382e-19)
(0.900371 0.155182 0)
(0.813444 0.127755 -7.10889e-20)
(0.637128 0.092662 0)
(0.387501 0.0517271 3.93674e-19)
(0.153965 0.0207408 -9.34703e-19)
(0.0156337 0.00167372 5.85493e-19)
(0.5223 0.1082 2.44925e-19)
(1.06849 0.215664 -1.05462e-19)
(1.27831 0.274974 -2.16274e-20)
(1.32536 0.294594 0)
(1.30979 0.307192 -1.02911e-19)
(1.26159 0.312198 1.26494e-19)
(1.20509 0.310686 -8.25309e-20)
(1.14977 0.307835 0)
(1.0937 0.300205 1.37649e-19)
(1.03792 0.28613 -1.19752e-19)
(0.989408 0.266834 2.47731e-19)
(0.952276 0.24522 0)
(0.92439 0.225396 -1.83331e-19)
(0.897059 0.204215 1.03437e-19)
(0.864704 0.182826 2.6054e-19)
(0.785361 0.156933 -2.29208e-19)
(0.622556 0.117644 3.66753e-19)
(0.389241 0.0706984 -8.11748e-19)
(0.168845 0.0306213 5.12744e-19)
(0.0252896 0.00454045 -6.41567e-19)
(0.509782 0.132419 -9.90292e-20)
(1.07481 0.270166 7.15606e-20)
(1.28827 0.341037 -7.13092e-20)
(1.33377 0.359695 1.35299e-19)
(1.31476 0.369843 -1.2371e-19)
(1.2635 0.370071 4.06729e-20)
(1.20377 0.364398 3.65692e-21)
(1.14449 0.357648 -1.58658e-19)
(1.08413 0.346229 -1.44618e-19)
(1.02377 0.32937 -2.57293e-19)
(0.969348 0.305965 -5.32593e-19)
(0.927459 0.281174 -1.63375e-19)
(0.898717 0.258809 2.41317e-21)
(0.877827 0.239346 -3.53313e-19)
(0.836768 0.21715 -6.31096e-21)
(0.755594 0.185013 3.33178e-19)
(0.603636 0.141791 -1.00747e-19)
(0.389436 0.0894275 -5.86252e-20)
(0.181888 0.0421425 0)
(0.0342703 0.00812168 1.36214e-18)
(0.491781 0.152885 0)
(1.06738 0.319494 -1.15918e-20)
(1.28972 0.404201 -1.55502e-20)
(1.33559 0.423598 -1.2656e-20)
(1.3141 0.432226 1.22088e-19)
(1.26093 0.428088 -9.36286e-20)
(1.19901 0.418405 9.05664e-20)
(1.13686 0.407634 2.59876e-19)
(1.0736 0.392132 -8.02409e-20)
(1.0093 0.369782 1.28063e-19)
(0.950755 0.342155 2.86246e-19)
(0.906769 0.316154 3.55702e-19)
(0.873438 0.292482 -2.13517e-19)
(0.83926 0.267777 3.81931e-19)
(0.805558 0.244813 -3.02236e-19)
(0.736231 0.216569 0)
(0.597688 0.169127 -7.6391e-19)
(0.396592 0.111375 1.02828e-18)
(0.195464 0.0556169 7.67555e-20)
(0.0425455 0.012407 -1.43598e-18)
(0.477397 0.173265 -5.13598e-21)
(1.05878 0.367738 5.31235e-20)
(1.28611 0.464922 1.14666e-19)
(1.33239 0.485054 -1.32963e-19)
(1.30902 0.492462 9.79461e-20)
(1.25455 0.484683 -9.21105e-20)
(1.19089 0.471644 1.81032e-19)
(1.12627 0.457252 -7.9386e-20)
(1.05926 0.437967 -3.2482e-19)
(0.990417 0.412784 2.12854e-22)
(0.928931 0.38387 -3.10244e-19)
(0.881638 0.351851 -3.81604e-19)
(0.846455 0.325423 2.349e-19)
(0.823009 0.302271 -1.37141e-19)
(0.783281 0.279057 3.27396e-19)
(0.711586 0.242905 0)
(0.581771 0.194698 -4.72524e-19)
(0.396631 0.131576 6.97839e-19)
(0.203795 0.0685255 1.32357e-18)
(0.048107 0.0164572 -1.55719e-18)
(0.462797 0.1907 2.93633e-20)
(1.0454 0.412108 -2.19623e-20)
(1.27858 0.522485 -8.8955e-20)
(1.32539 0.544086 1.38997e-19)
(1.30047 0.550642 1.1676e-20)
(1.24519 0.539584 -1.82655e-19)
(1.18046 0.523462 -1.03749e-19)
(1.11422 0.505739 -9.92669e-20)
(1.04578 0.48272 -1.81927e-19)
(0.976615 0.453257 2.93091e-19)
(0.912383 0.416319 3.1479e-19)
(0.861984 0.383874 6.05854e-19)
(0.825058 0.355507 0)
(0.787801 0.329234 5.98124e-21)
(0.755782 0.30316 -8.96198e-19)
(0.694816 0.273643 2.08532e-19)
(0.574581 0.220331 1.01803e-18)
(0.397618 0.152819 -3.00175e-19)
(0.208871 0.0806491 6.27055e-19)
(0.0516293 0.020064 -5.23373e-20)
(0.453557 0.20933 5.88927e-21)
(1.03362 0.455078 5.75352e-21)
(1.26868 0.577064 -5.06403e-20)
(1.31581 0.599884 1.77017e-19)
(1.28956 0.605674 -2.21771e-19)
(1.23368 0.591946 1.8343e-19)
(1.16809 0.573237 1.07651e-19)
(1.10041 0.552446 2.98798e-19)
(1.02932 0.526102 3.67905e-19)
(0.954261 0.492987 -3.35672e-19)
(0.885663 0.454897 0)
(0.835025 0.418296 -2.27684e-19)
(0.799168 0.386499 2.61403e-19)
(0.774321 0.360991 3.27868e-19)
(0.734622 0.33465 -1.89561e-19)
(0.66994 0.296259 -4.62338e-19)
(0.555217 0.243824 -1.38197e-19)
(0.388985 0.169586 -1.43095e-21)
(0.205618 0.0904785 0)
(0.0519146 0.0220707 0)
(0.44527 0.224912 -3.27549e-20)
(1.02112 0.495286 0)
(1.25733 0.628756 -3.83124e-20)
(1.30425 0.653361 2.75964e-21)
(1.27685 0.658381 2.46762e-19)
(1.22054 0.641985 -6.36719e-20)
(1.15431 0.620892 1.09537e-19)
(1.08535 0.5975 -2.03207e-19)
(1.01274 0.568339 2.79381e-19)
(0.937975 0.531648 -1.07927e-19)
(0.871204 0.488894 1.79621e-19)
(0.817174 0.448667 7.21662e-19)
(0.775345 0.416877 1.38307e-20)
(0.738887 0.384951 -3.4208e-19)
(0.707671 0.355978 6.31709e-19)
(0.652377 0.324125 4.3357e-21)
(0.544023 0.264512 1.47852e-19)
(0.381062 0.185679 -7.06025e-19)
(0.199132 0.0973486 7.22737e-19)
(0.0498404 0.0235829 -8.5604e-19)
(0.438981 0.243933 3.14513e-23)
(1.00944 0.533614 0)
(1.24491 0.677158 0)
(1.29145 0.703461 -1.78742e-20)
(1.26311 0.707776 -7.72529e-20)
(1.20646 0.689326 8.8854e-20)
(1.13972 0.666328 -2.08385e-19)
(1.06996 0.640509 0)
(0.996045 0.608562 -4.10946e-19)
(0.918166 0.569126 4.84762e-19)
(0.843938 0.523978 5.09035e-19)
(0.788123 0.479643 -2.64561e-19)
(0.751373 0.441416 -3.18422e-19)
(0.724142 0.413197 7.45805e-19)
(0.687746 0.384323 -2.24296e-19)
(0.627867 0.340558 -2.67916e-19)
(0.522978 0.282528 -1.60591e-19)
(0.368052 0.197018 -7.60808e-19)
(0.190741 0.101604 1.10089e-19)
(0.0463588 0.02424 9.23667e-19)
(0.435452 0.26234 -2.11532e-20)
(0.998771 0.570101 -2.24986e-20)
(1.23192 0.723004 2.34481e-20)
(1.27774 0.751233 -1.22089e-22)
(1.24858 0.754879 -6.6564e-20)
(1.19171 0.734272 1.53309e-19)
(1.1247 0.709324 0)
(1.05423 0.681479 1.21472e-19)
(0.97875 0.64736 -9.57822e-20)
(0.898553 0.60522 8.08131e-19)
(0.824648 0.554581 -1.1639e-19)
(0.769987 0.50716 1.3141e-19)
(0.726495 0.469834 0)
(0.690159 0.434049 -4.03387e-19)
(0.660344 0.400066 4.87466e-19)
(0.609361 0.364537 0)
(0.508357 0.296558 -3.46713e-19)
(0.352865 0.206761 1.01883e-18)
(0.179916 0.103747 1.20021e-19)
(0.0418471 0.0239793 -1.13663e-18)
(0.433461 0.279156 -6.01545e-20)
(0.988786 0.604541 7.78121e-20)
(1.21872 0.765765 0)
(1.26374 0.795644 -2.0845e-20)
(1.23387 0.798692 0)
(1.17684 0.776486 -1.89062e-19)
(1.10954 0.750123 0)
(1.03818 0.720393 0)
(0.961101 0.68423 -1.24181e-19)
(0.879145 0.639607 -7.67413e-19)
(0.803134 0.587951 -9.39035e-19)
(0.741737 0.538408 1.52742e-19)
(0.700594 0.493114 5.49153e-19)
(0.674976 0.458065 4.433e-19)
(0.639516 0.425083 -1.56405e-18)
(0.58374 0.374437 -6.28693e-19)
(0.484116 0.309326 3.67796e-19)
(0.335179 0.211364 0)
(0.168233 0.104056 1.03289e-18)
(0.0371116 0.022793 -1.22449e-18)
(0.432168 0.294807 7.69937e-20)
(0.979377 0.637225 -9.47256e-20)
(1.20562 0.806086 0)
(1.24957 0.837851 -1.07137e-20)
(1.21905 0.840428 1.48499e-20)
(1.16183 0.816514 0)
(1.09421 0.788556 6.35236e-20)
(1.02225 0.757311 8.2434e-20)
(0.944192 0.719432 -2.3582e-19)
(0.860069 0.673035 1.02558e-19)
(0.779217 0.617401 0)
(0.717919 0.562169 6.32999e-19)
(0.676228 0.517561 4.67617e-21)
(0.638631 0.475542 2.39074e-19)
(0.610778 0.434121 2.83767e-19)
(0.563058 0.393647 0)
(0.467256 0.316225 -6.03287e-19)
(0.317432 0.21502 1.18436e-18)
(0.155933 0.102637 -1.25358e-18)
(0.0324846 0.0212123 2.63745e-18)
(0.431123 0.309872 0)
(0.970557 0.668389 0)
(1.19289 0.843671 -4.23888e-20)
(1.23563 0.876935 0)
(1.20446 0.879068 0)
(1.14707 0.853963 -1.67619e-19)
(1.07928 0.824955 6.52705e-20)
(1.0067 0.79223 1.74719e-20)
(0.927468 0.753094 -5.46425e-20)
(0.8416 0.705102 0)
(0.760315 0.647915 -1.42061e-19)
(0.696074 0.592469 -5.15938e-19)
(0.64788 0.539147 -6.19541e-19)
(0.622072 0.495056 -2.48508e-19)
(0.589281 0.455485 3.07822e-19)
(0.536835 0.396108 -7.26114e-19)
(0.441289 0.323038 1.29833e-18)
(0.297746 0.213576 3.66956e-21)
(0.143732 0.0997631 -1.20383e-18)
(0.0284014 0.0194077 -1.78005e-19)
(0.430173 0.324599 0)
(0.96225 0.698084 -8.02194e-20)
(1.18045 0.879081 5.57484e-20)
(1.22183 0.914021 0)
(1.19008 0.915846 0)
(1.13258 0.889449 3.41379e-19)
(1.06464 0.859206 0)
(0.991637 0.825293 0)
(0.911125 0.784732 -5.17206e-19)
(0.822486 0.735162 1.39505e-19)
(0.735233 0.676001 -1.26313e-18)
(0.666567 0.614421 0)
(0.622981 0.561329 -6.70413e-19)
(0.583738 0.51096 1.09088e-20)
(0.55703 0.457931 -9.87796e-19)
(0.513712 0.409245 3.90928e-19)
(0.42425 0.321156 2.28489e-21)
(0.2821 0.211465 -1.36896e-18)
(0.133603 0.0959579 6.4929e-19)
(0.0246809 0.0176191 1.90509e-19)
(0.429313 0.338964 0)
(0.954615 0.726483 -1.21873e-19)
(1.16854 0.912271 5.88595e-20)
(1.20853 0.948356 4.7497e-20)
(1.1762 0.949762 -2.77254e-20)
(1.11863 0.922493 3.64222e-20)
(1.05064 0.89153 -4.36996e-20)
(0.97704 0.856559 5.13299e-19)
(0.895309 0.815226 5.53265e-19)
(0.805398 0.765317 1.06885e-18)
(0.719146 0.705609 1.04964e-18)
(0.649617 0.643425 1.8343e-19)
(0.592871 0.583507 9.64408e-19)
(0.564033 0.527232 5.93725e-19)
(0.532501 0.476415 7.09149e-19)
(0.4857 0.401526 -4.28466e-19)
(0.39756 0.318612 -5.00908e-19)
(0.26497 0.200069 5.86431e-19)
(0.125572 0.0922384 -3.47806e-19)
(0.0254466 0.0213819 6.16728e-19)
(0.428512 0.352865 1.77836e-19)
(0.947284 0.753225 1.89626e-19)
(1.1569 0.943417 3.58161e-20)
(1.19551 0.980868 1.62733e-20)
(1.16272 0.982027 5.66324e-20)
(1.10511 0.953788 -9.56352e-20)
(1.03703 0.921904 4.29893e-20)
(0.963043 0.886049 -2.07511e-20)
(0.880351 0.843704 -6.43734e-19)
(0.788621 0.792576 -1.15871e-18)
(0.695777 0.73099 7.31544e-20)
(0.616957 0.665997 0)
(0.567443 0.605053 0)
(0.52182 0.544034 -3.09385e-19)
(0.493696 0.472252 -1.158e-18)
(0.456613 0.406395 9.23028e-19)
(0.383643 0.296613 5.48946e-19)
(0.26894 0.182185 0)
(0.136588 0.0686947 1.1092e-18)
(0.019139 -0.00296822 -6.59957e-19)
(0.427794 0.366131 -9.40243e-20)
(0.940538 0.778753 8.38859e-20)
(1.14585 0.972723 -9.00518e-20)
(1.1831 1.01097 -6.09423e-20)
(1.14984 1.01167 4.24761e-21)
(1.0922 0.982775 -2.96326e-20)
(1.02417 0.950464 0)
(0.949883 0.913965 -6.45574e-19)
(0.866485 0.871281 7.95452e-20)
(0.773011 0.820532 0)
(0.679703 0.759885 0)
(0.603195 0.695177 1.1594e-19)
(0.535918 0.62851 1.54994e-19)
(0.498531 0.558954 -3.33553e-19)
(0.462873 0.490957 8.31439e-19)
(0.418475 0.386359 -1.0052e-18)
(0.347129 0.277771 -1.17391e-18)
(0.264384 0.158243 1.03854e-18)
(0.183016 0.102264 -3.96076e-19)
(0.11399 0.082616 2.30794e-19)
(0.426943 0.378613 1.22398e-19)
(0.933823 0.802467 0)
(1.135 0.999998 0)
(1.17101 1.03936 -1.42652e-20)
(1.1374 1.03985 1.15486e-20)
(1.07982 1.01022 -2.09683e-20)
(1.01184 0.977242 1.84806e-19)
(0.937337 0.940167 6.66397e-19)
(0.853026 0.896836 1.16951e-18)
(0.758022 0.845039 -8.65065e-20)
(0.660458 0.782957 1.77621e-19)
(0.572046 0.717402 -1.03789e-18)
(0.51093 0.65167 -1.02768e-18)
(0.452012 0.580769 -1.78584e-19)
(0.410307 0.48368 0)
(0.373437 0.392754 -9.58283e-21)
(0.316354 0.215264 6.43715e-19)
(0.276916 0.0575716 -1.08884e-18)
(0.237184 -0.0717587 8.28504e-19)
(0.0813598 -0.0959281 6.89437e-19)
(0.426072 0.390598 -2.72067e-19)
(0.927585 0.825222 -1.24349e-19)
(1.12471 1.02591 6.84227e-21)
(1.15945 1.06586 4.31241e-20)
(1.12543 1.06594 0)
(1.06787 1.03587 -1.29249e-19)
(1.00001 1.00279 -2.61231e-19)
(0.925354 0.965489 1.70183e-21)
(0.840591 0.922248 -6.13704e-19)
(0.744037 0.871502 -8.48524e-20)
(0.6447 0.812085 7.88122e-20)
(0.558981 0.748461 9.11324e-19)
(0.478026 0.679161 1.00331e-18)
(0.425 0.597922 1.73416e-19)
(0.373649 0.514388 8.85775e-19)
(0.302127 0.3675 0)
(0.18753 0.202361 0)
(0.0163852 0.227871 7.52558e-19)
(-0.0757215 0.629056 -3.16255e-20)
(0.00476259 1.52787 -9.17759e-19)
(0.42499 0.401949 1.51108e-19)
(0.921303 0.846355 3.40671e-19)
(1.11451 1.05008 -4.51504e-19)
(1.14809 1.09115 2.09763e-19)
(1.11374 1.09126 2.78352e-21)
(1.05623 1.06084 -9.21275e-20)
(0.988399 1.0275 0)
(0.9135 0.990127 -5.58801e-19)
(0.827785 0.946907 0)
(0.729676 0.895706 1.20538e-18)
(0.626649 0.835123 -9.46106e-20)
(0.528502 0.772033 1.06084e-19)
(0.455092 0.708218 1.14297e-18)
(0.371931 0.636689 -3.74709e-19)
(0.282065 0.518311 -4.51489e-19)
(0.205003 0.426265 0)
(0.0960477 0.532406 0)
(0.0290309 1.30444 0)
(0.0740479 2.45199 -4.28076e-19)
(0.102664 2.90532 -2.62405e-19)
(0.423797 0.412729 0)
(0.915514 0.866688 0)
(1.1049 1.07325 1.66022e-19)
(1.1373 1.11491 -1.68295e-19)
(1.10253 1.1148 5.63524e-20)
(1.04501 1.08425 9.40253e-20)
(0.977279 1.05124 3.30729e-20)
(0.902295 1.01418 -2.57502e-20)
(0.816332 0.971724 8.57336e-20)
(0.716979 0.922624 -1.38345e-18)
(0.61153 0.866703 1.72464e-19)
(0.517457 0.808708 9.06255e-19)
(0.419316 0.744805 -1.13959e-18)
(0.344169 0.658193 -1.24169e-18)
(0.270084 0.581847 4.18484e-19)
(0.198461 0.708524 0)
(0.129594 1.53386 5.84789e-19)
(0.129208 2.68558 6.49983e-19)
(0.136996 3.08529 -7.27126e-19)
(0.128127 3.22094 7.8709e-19)
(0.422374 0.423046 0)
(0.909618 0.885301 3.10724e-19)
(1.09538 1.09462 -4.12556e-20)
(1.12677 1.13745 2.49577e-19)
(1.09168 1.13761 -5.9151e-20)
(1.03422 1.10703 0)
(0.966523 1.07407 0)
(0.891319 1.03736 0)
(0.804506 0.995517 4.93057e-19)
(0.703751 0.946714 6.47714e-20)
(0.595747 0.889911 0)
(0.488739 0.83223 -9.02326e-19)
(0.406739 0.776898 0)
(0.295196 0.71109 8.89602e-19)
(0.210062 0.782797 -5.96841e-19)
(0.161578 1.4566 -4.80947e-19)
(0.163903 2.67416 -1.13617e-18)
(0.184789 3.12655 -6.0128e-19)
(0.175408 3.26876 -8.27493e-19)
(0.160902 3.30926 6.45317e-19)
(0.42097 0.432561 -1.0987e-19)
(0.904247 0.903292 1.54046e-20)
(1.08649 1.11527 -4.65771e-20)
(1.11684 1.1587 -1.90113e-19)
(1.08134 1.15881 0)
(1.02386 1.12835 0)
(0.956247 1.09603 0)
(0.881045 1.05999 3.87362e-20)
(0.79419 1.01944 -6.2233e-19)
(0.692609 0.973543 0)
(0.582068 0.922886 0)
(0.48301 0.873614 0)
(0.368144 0.818237 0)
(0.3065 0.801373 6.48655e-19)
(0.275923 1.17696 1.59397e-18)
(0.258029 2.36771 4.73947e-19)
(0.269499 3.08284 9.62825e-19)
(0.263589 3.28606 -7.41118e-19)
(0.214096 3.35249 2.75784e-19)
(0.180978 3.36508 0)
(0.419357 0.441726 1.13734e-19)
(0.898511 0.919999 -6.9714e-19)
(1.0774 1.13465 -1.84153e-19)
(1.10691 1.17935 -3.92093e-20)
(1.07115 1.17994 1.29769e-20)
(1.01378 1.1497 1.32286e-21)
(0.946211 1.11761 -9.28601e-21)
(0.870848 1.08221 -4.54522e-19)
(0.783344 1.04267 0)
(0.680889 0.997774 -8.03609e-20)
(0.570373 0.947203 7.31033e-20)
(0.45698 0.896574 0)
(0.373859 0.858921 0)
(0.321211 0.983738 -8.10843e-19)
(0.281473 1.85102 1.01143e-19)
(0.276938 2.93934 -3.57704e-19)
(0.297513 3.29071 7.48739e-19)
(0.270647 3.39017 5.50949e-19)
(0.204044 3.41494 -7.59536e-19)
(0.178854 3.42408 3.78156e-19)
(0.417492 0.451034 2.25811e-19)
(0.892782 0.937779 6.83971e-19)
(1.06821 1.15525 2.19614e-19)
(1.09679 1.20047 0)
(1.06069 1.201 0)
(1.00337 1.17088 4.15132e-22)
(0.935994 1.13954 1.15594e-19)
(0.860856 1.10487 4.06462e-19)
(0.773695 1.0668 2.54369e-20)
(0.671161 1.02526 1.04273e-18)
(0.557491 0.981017 -1.20594e-18)
(0.451267 0.938176 0)
(0.370797 0.941283 0)
(0.339893 1.34558 -5.54354e-19)
(0.342282 2.47474 -6.65668e-19)
(0.384772 3.19905 0)
(0.409706 3.37439 -7.66991e-19)
(0.339857 3.43782 4.23072e-20)
(0.268722 3.48215 3.82998e-19)
(0.245533 3.50764 -1.32237e-19)
(0.415098 0.460768 -4.31284e-19)
(0.885876 0.955553 -3.29489e-19)
(1.05777 1.17593 0)
(1.08567 1.22245 0)
(1.04945 1.22348 0)
(0.992413 1.19345 0)
(0.925304 1.16215 -1.31589e-19)
(0.850276 1.12807 3.70954e-19)
(0.762854 1.091 0)
(0.660054 1.05064 -9.5019e-19)
(0.54975 1.00714 2.16598e-18)
(0.440825 0.972278 8.7806e-20)
(0.386426 1.05695 1.14926e-19)
(0.391067 1.74249 9.06327e-19)
(0.408809 2.89433 -4.89056e-19)
(0.446094 3.32399 0)
(0.428603 3.44978 2.1583e-19)
(0.342215 3.53765 9.37892e-20)
(0.263998 3.60276 1.45875e-19)
(0.188677 3.58234 9.62416e-22)
(0.412314 0.470824 2.06042e-19)
(0.878722 0.975319 -3.40875e-19)
(1.04691 1.19884 0)
(1.07394 1.24554 -5.61348e-20)
(1.03749 1.24621 1.86402e-19)
(0.980658 1.21604 0)
(0.914021 1.18537 0)
(0.839626 1.15184 -6.4949e-19)
(0.753158 1.11609 -6.24338e-20)
(0.651423 1.07896 9.38777e-19)
(0.534957 1.04149 -1.0303e-18)
(0.447207 1.02527 5.95111e-19)
(0.409367 1.23824 0)
(0.432006 2.17784 -4.81398e-19)
(0.473876 3.14522 3.14312e-19)
(0.535605 3.42913 2.00131e-19)
(0.528683 3.52692 0)
(0.464345 3.61139 -3.40755e-20)
(0.392335 3.65386 -4.09392e-19)
(0.310652 3.62486 -9.41417e-20)
(0.408693 0.481239 -4.14963e-19)
(0.869955 0.994819 4.89226e-19)
(1.03446 1.22145 3.31801e-19)
(1.06101 1.26937 -8.13869e-20)
(1.02457 1.27045 -2.85827e-19)
(0.96831 1.24019 0)
(0.902253 1.20926 -2.53791e-20)
(0.828357 1.17614 2.39212e-19)
(0.742097 1.14123 3.61946e-20)
(0.640622 1.1052 -8.10996e-19)
(0.529552 1.07061 -5.54949e-20)
(0.451663 1.08216 -6.72014e-19)
(0.447825 1.46497 7.28719e-19)
(0.501619 2.53978 1.59978e-19)
(0.567728 3.30701 -2.83186e-19)
(0.621398 3.48197 1.50716e-19)
(0.581737 3.53655 0)
(0.522037 3.54177 0)
(0.42572 3.50806 -6.87424e-19)
(0.193071 3.30038 1.26644e-18)
(0.404675 0.491408 1.99845e-19)
(0.860821 1.01673 4.85389e-19)
(1.02158 1.24691 -3.42557e-19)
(1.04742 1.29455 2.95739e-19)
(1.0109 1.29484 3.06598e-19)
(0.955097 1.26409 0)
(0.889902 1.23357 3.76047e-20)
(0.817108 1.20073 2.14775e-19)
(0.732519 1.16682 0)
(0.633408 1.13343 0)
(0.523651 1.10732 0)
(0.460522 1.16216 0)
(0.48934 1.69608 -8.2245e-19)
(0.563541 2.84566 -2.12484e-19)
(0.638561 3.40173 0)
(0.681775 3.4986 -2.77373e-20)
(0.679744 3.50399 0)
(0.755943 3.34718 1.44607e-19)
(0.851823 2.9805 -1.81834e-18)
(0.452223 2.60543 1.90214e-18)
(0.399094 0.501643 -4.09924e-19)
(0.849542 1.03796 -3.12346e-19)
(1.00664 1.27156 -2.29696e-19)
(1.03233 1.32036 -2.76597e-19)
(0.996042 1.32092 -1.51155e-19)
(0.941224 1.28985 0)
(0.877022 1.25874 1.31733e-20)
(0.805233 1.22603 -4.93364e-20)
(0.721364 1.19267 -2.69798e-19)
(0.623076 1.16005 0)
(0.522789 1.14052 5.41743e-20)
(0.480998 1.25279 -6.16147e-20)
(0.541013 1.94769 0)
(0.63772 3.07357 2.77769e-19)
(0.728053 3.4429 0)
(0.761685 3.48086 -1.01926e-19)
(0.766522 3.39548 2.81781e-19)
(0.759162 3.01742 -1.42687e-19)
(0.514192 2.01122 2.83147e-19)
(-0.347117 0.508755 -6.93574e-19)
(0.392766 0.51209 -1.33845e-20)
(0.837497 1.06193 -1.61366e-19)
(0.990998 1.29995 3.15903e-19)
(1.01623 1.34822 -1.92985e-20)
(0.980091 1.34761 -5.08024e-20)
(0.925995 1.31581 0)
(0.863088 1.28503 3.1891e-20)
(0.792857 1.25252 -1.25427e-19)
(0.711489 1.2201 4.86627e-19)
(0.61372 1.18968 -5.64935e-19)
(0.523848 1.18288 -6.52339e-19)
(0.501922 1.36948 0)
(0.593897 2.23496 4.25295e-19)
(0.704002 3.21413 -5.85499e-20)
(0.779126 3.42677 2.80822e-20)
(0.786809 3.42332 0)
(0.715429 3.18997 -1.48943e-19)
(0.546382 2.41722 1.61559e-19)
(0.110466 0.663165 -1.91833e-19)
(-0.253552 -0.408457 -1.78471e-19)
(0.384242 0.52148 3.85701e-19)
(0.822721 1.08465 -1.58932e-19)
(0.97259 1.32687 2.26183e-19)
(0.998202 1.3766 1.73657e-19)
(0.96249 1.37641 1.03335e-19)
(0.909916 1.34432 1.81163e-19)
(0.848465 1.31286 -8.33223e-20)
(0.779866 1.28042 6.4132e-20)
(0.699714 1.24862 -3.72616e-19)
(0.60396 1.22034 2.96363e-20)
(0.528773 1.22671 9.95479e-20)
(0.537755 1.50896 -4.2678e-19)
(0.654006 2.50715 1.1833e-19)
(0.766849 3.29145 -2.26354e-19)
(0.828528 3.40048 3.80579e-20)
(0.807208 3.32137 8.18274e-20)
(0.683574 2.8865 -2.15503e-19)
(0.422918 1.67492 1.40212e-19)
(0.0641486 0.0586401 0)
(-0.0795779 -0.16846 -3.04092e-19)
(0.374649 0.530867 0)
(0.806523 1.1096 -6.03939e-19)
(0.953308 1.35811 2.38173e-20)
(0.978957 1.40736 -2.81954e-19)
(0.943714 1.4057 0)
(0.892242 1.3727 -1.35575e-19)
(0.83265 1.34155 9.66913e-20)
(0.766177 1.3094 -5.99941e-20)
(0.689695 1.27854 2.80089e-19)
(0.597339 1.25389 4.11422e-19)
(0.533837 1.28013 5.08972e-19)
(0.566978 1.66453 4.71071e-20)
(0.705965 2.7401 -3.14919e-19)
(0.817776 3.32088 1.15145e-20)
(0.856711 3.35738 7.87607e-21)
(0.783805 3.15827 7.99204e-20)
(0.54326 2.35888 9.18414e-20)
(0.121002 0.466117 -1.08847e-19)
(-0.134757 -0.245501 0)
(-0.114659 -0.207978 0)
(0.36228 0.538022 -3.75059e-19)
(0.786903 1.13242 6.02427e-19)
(0.93061 1.38663 0)
(0.957337 1.43796 0)
(0.922737 1.43692 0)
(0.873596 1.40371 0)
(0.816068 1.37184 -5.77612e-20)
(0.752052 1.33952 -1.56857e-20)
(0.677512 1.3093 -3.0208e-20)
(0.592035 1.28748 4.34837e-20)
(0.54228 1.34062 -4.37143e-19)
(0.610802 1.83617 3.0924e-19)
(0.768015 2.93763 0)
(0.863841 3.32722 3.67152e-20)
(0.880978 3.30067 5.86051e-20)
(0.740901 2.88792 -2.19469e-20)
(0.411517 1.72812 1.08898e-19)
(0.0136219 -0.0255457 6.03079e-20)
(-0.162375 -0.205015 -2.54941e-19)
(-0.0597796 -0.138966 -2.98506e-19)
(0.34747 0.543929 1.91077e-19)
(0.764247 1.15527 2.81643e-19)
(0.907001 1.41967 -9.22395e-21)
(0.934209 1.47119 1.52264e-19)
(0.90047 1.4683 0)
(0.853083 1.434 2.6977e-19)
(0.798071 1.40232 -5.09309e-20)
(0.736922 1.37039 1.30626e-20)
(0.665936 1.34075 -3.50921e-20)
(0.587261 1.32457 3.27146e-20)
(0.553233 1.40862 2.93762e-19)
(0.647881 2.03319 -1.50548e-19)
(0.811883 3.05771 -1.24432e-19)
(0.893824 3.31058 -4.64792e-22)
(0.881845 3.19472 -3.00086e-20)
(0.658274 2.55816 1.49739e-19)
(0.209608 0.822613 -8.51758e-20)
(-0.0791018 -0.276063 1.25654e-19)
(-0.139114 -0.229195 -3.8067e-19)
(-0.0616997 -0.135046 2.65059e-19)
(0.32893 0.546293 -1.78732e-19)
(0.73779 1.175 0)
(0.879416 1.44822 -2.06133e-19)
(0.908006 1.50312 -2.94487e-19)
(0.875233 1.50114 0)
(0.831377 1.46676 -2.11985e-19)
(0.779101 1.43431 0)
(0.721243 1.40174 -8.75332e-20)
(0.651726 1.37276 -4.20828e-20)
(0.584452 1.36114 1.11811e-19)
(0.567728 1.48608 -1.59429e-19)
(0.697414 2.23007 8.22524e-20)
(0.862853 3.13709 2.01425e-19)
(0.932746 3.29351 8.22172e-21)
(0.872934 3.06943 -3.01906e-20)
(0.552401 2.1279 -5.01284e-20)
(0.0907857 0.159294 1.25748e-19)
(-0.170012 -0.286672 -1.42309e-19)
(-0.107529 -0.216379 4.67664e-22)
(-0.041283 -0.0766039 -2.76359e-20)
(0.307478 0.545593 3.57047e-19)
(0.708302 1.19349 -2.71888e-19)
(0.850572 1.48044 2.21694e-19)
(0.879717 1.53766 1.42212e-19)
(0.848684 1.53361 2.75805e-20)
(0.807587 1.4979 1.38049e-19)
(0.758358 1.46545 0)
(0.704462 1.43323 -3.66962e-20)
(0.639247 1.40522 0)
(0.580675 1.40142 -1.04575e-19)
(0.583316 1.56826 1.56387e-19)
(0.736237 2.40222 -7.97603e-21)
(0.896824 3.17773 -8.26151e-20)
(0.945298 3.24913 3.78742e-20)
(0.833485 2.87111 -1.09332e-20)
(0.423949 1.62645 6.03938e-20)
(-0.0481834 -0.112867 -1.90796e-19)
(-0.226757 -0.268018 -1.11075e-19)
(-0.123842 -0.240866 -4.50863e-20)
(-0.0581135 -0.0721184 2.08041e-19)
(0.282315 0.538775 4.28228e-21)
(0.674727 1.20722 1.40421e-19)
(0.816468 1.5055 0)
(0.847397 1.56884 2.67439e-19)
(0.818556 1.56675 -3.77274e-19)
(0.78218 1.53118 1.40467e-19)
(0.736375 1.49787 -9.17477e-20)
(0.686723 1.46434 7.19345e-20)
(0.624747 1.43743 -5.92146e-20)
(0.577204 1.4401 -6.74371e-21)
(0.600318 1.65179 5.6974e-20)
(0.784505 2.55841 7.6909e-20)
(0.933581 3.19495 3.73153e-20)
(0.967956 3.20743 -5.29679e-20)
(0.793169 2.67688 -6.46636e-20)
(0.302651 1.12345 1.24722e-19)
(-0.0830969 -0.236491 -1.25915e-19)
(-0.248503 -0.306513 8.13667e-20)
(-0.134938 -0.287696 8.45441e-22)
(-0.074928 -0.0976756 -1.88563e-19)
(0.253675 0.524748 6.67086e-19)
(0.636312 1.21489 -1.40535e-19)
(0.780369 1.53303 -3.78726e-19)
(0.812755 1.60182 3.07447e-19)
(0.787477 1.59871 -1.63922e-19)
(0.754341 1.56146 2.71662e-19)
(0.71205 1.52805 1.39688e-19)
(0.667969 1.49471 0)
(0.612303 1.46881 6.75685e-20)
(0.572225 1.48123 -9.4513e-21)
(0.617282 1.7334 -2.21935e-20)
(0.819083 2.67042 -3.11898e-20)
(0.95588 3.19573 2.17538e-20)
(0.960952 3.14299 9.51426e-21)
(0.721491 2.44227 -1.01732e-19)
(0.203374 0.609099 -4.95714e-20)
(-0.0794711 -0.269913 1.40293e-19)
(-0.187358 -0.345749 5.8091e-20)
(-0.128254 -0.309044 1.86198e-20)
(-0.0685498 -0.118397 1.63675e-19)
(0.220928 0.500206 0)
(0.592841 1.21477 1.30851e-19)
(0.737594 1.54984 -1.71466e-19)
(0.773641 1.62858 2.98871e-19)
(0.752467 1.62986 -3.61949e-19)
(0.72406 1.59335 1.50689e-19)
(0.686318 1.55898 0)
(0.647217 1.52367 0)
(0.598978 1.49771 0)
(0.565977 1.51838 1.14422e-20)
(0.632329 1.80332 -1.0725e-20)
(0.858517 2.76402 1.18972e-20)
(0.976154 3.20045 5.26778e-20)
(0.971356 3.08515 4.73808e-20)
(0.68883 2.27567 -7.70891e-20)
(0.192992 0.360072 7.8542e-20)
(-0.0656919 -0.245795 4.29464e-21)
(-0.126466 -0.347977 -1.23991e-19)
(-0.100672 -0.296448 1.51007e-20)
(-0.0264624 -0.109412 0)
(0.18438 0.462378 6.13782e-19)
(0.542735 1.20045 -1.22361e-19)
(0.692679 1.56685 4.62817e-21)
(0.732482 1.65671 0)
(0.716182 1.658 -1.73725e-19)
(0.691025 1.62057 1.81513e-20)
(0.657607 1.58584 0)
(0.62541 1.5507 4.10887e-20)
(0.584957 1.5244 -3.24217e-20)
(0.558608 1.55369 0)
(0.645162 1.86035 0)
(0.880695 2.81273 -2.57695e-20)
(0.990195 3.20308 -8.33697e-20)
(0.946559 3.02813 -2.90536e-20)
(0.615555 2.06421 -1.64203e-20)
(0.0285696 0.176056 2.12425e-20)
(-0.164777 -0.176527 0)
(-0.153288 -0.31375 -6.36653e-20)
(-0.103682 -0.267329 -1.2167e-19)
(0.0303158 0.0119658 2.74306e-19)
(0.144354 0.408046 5.07108e-19)
(0.487353 1.17313 -1.17475e-19)
(0.639809 1.56676 1.64009e-19)
(0.68605 1.67437 -4.07931e-19)
(0.674899 1.68295 0)
(0.65536 1.64869 0)
(0.627406 1.61282 0)
(0.601255 1.57527 4.35842e-20)
(0.569608 1.54701 -3.43807e-20)
(0.549411 1.57958 0)
(0.65296 1.89769 0)
(0.913678 2.85348 1.01463e-19)
(1.00342 3.21956 -5.75288e-20)
(0.911331 3.03161 6.80021e-20)
(0.515244 1.94308 1.34278e-19)
(-0.131558 0.29947 0)
(-0.380895 -0.198248 -5.79415e-20)
(-0.391541 -0.424726 -2.49797e-20)
(-0.283941 -0.392122 3.3127e-19)
(-0.0299459 -0.00352571 -3.85842e-19)
(0.102325 0.334086 -4.71414e-19)
(0.42346 1.11797 1.24756e-19)
(0.584758 1.56232 3.4888e-19)
(0.637599 1.69201 2.32551e-19)
(0.631182 1.70267 -1.88335e-19)
(0.616959 1.67037 -1.21081e-19)
(0.593429 1.63328 8.03407e-20)
(0.574701 1.5962 0)
(0.552811 1.56518 0)
(0.536871 1.59667 0)
(0.654117 1.90738 -5.50949e-20)
(0.934071 2.8378 -1.09088e-19)
(1.04375 3.22254 7.74218e-20)
(0.943106 3.06848 -2.95791e-20)
(0.540745 1.95892 8.89729e-20)
(-0.126454 0.495724 0)
(-0.451602 -0.24081 1.86775e-19)
(-0.518086 -0.814921 -7.29132e-19)
(-0.524502 -0.95264 1.66322e-18)
(-0.239106 -0.704034 -9.10509e-19)
(0.0569067 0.239093 4.98874e-19)
(0.353198 1.04129 -4.09861e-19)
(0.518761 1.52811 0)
(0.582093 1.69207 1.15966e-19)
(0.583344 1.71708 8.23597e-20)
(0.575451 1.69122 1.70274e-19)
(0.557614 1.6535 -7.51006e-20)
(0.544875 1.61271 0)
(0.532622 1.57784 0)
(0.523045 1.60369 -1.09201e-19)
(0.645635 1.8897 -1.93776e-21)
(0.961052 2.80994 6.49992e-20)
(1.11955 3.21562 2.44747e-20)
(1.12082 3.13727 3.43057e-19)
(0.839167 2.26802 -8.13959e-19)
(0.291791 0.765402 1.21235e-18)
(-0.177665 -0.217179 -8.66674e-19)
(-0.472277 -0.990874 0)
(-0.499186 -1.36531 -4.01919e-20)
(-0.348838 -1.2267 1.67844e-18)
(0.0191245 0.151348 5.10903e-19)
(0.269574 0.916143 0)
(0.451361 1.48142 0)
(0.524387 1.68792 0)
(0.532374 1.7236 6.72648e-20)
(0.530421 1.7034 -1.69475e-19)
(0.516764 1.66428 -7.16314e-20)
(0.510561 1.62424 0)
(0.50766 1.58371 0)
(0.507016 1.59785 6.91329e-20)
(0.62135 1.83824 2.2842e-20)
(0.971974 2.68704 -2.97572e-20)
(1.23956 3.1287 2.60474e-20)
(1.32234 3.01056 1.05988e-19)
(1.253 2.53088 -2.9979e-19)
(0.928441 1.53753 2.81625e-19)
(0.481723 0.488616 -3.63985e-19)
(0.0592489 -0.411408 0)
(-0.231526 -1.47623 3.84122e-20)
(-0.323411 -1.5099 5.04676e-19)
(-0.000925008 0.0827529 -4.7657e-19)
(0.181063 0.756386 1.64226e-19)
(0.370488 1.37799 2.50646e-19)
(0.460009 1.65371 -1.71984e-20)
(0.478683 1.72175 -1.49398e-19)
(0.481751 1.71318 -9.095e-20)
(0.47325 1.67546 2.00382e-19)
(0.469572 1.63002 -6.8353e-21)
(0.4751 1.58025 0)
(0.481753 1.57969 1.85125e-20)
(0.576557 1.74705 -8.51445e-22)
(0.891829 2.50536 1.36049e-20)
(1.20944 2.96589 0)
(1.27702 2.89251 -2.60225e-20)
(1.22065 2.55301 0)
(1.06476 1.85571 -2.99832e-20)
(0.697508 0.884986 5.27938e-20)
(0.402573 -0.0168118 0)
(0.101285 -0.72488 0)
(-0.0655097 -1.00796 -4.55416e-19)
(-0.00316689 0.0242218 3.79735e-19)
(0.0925784 0.490018 -1.42285e-19)
(0.301568 1.24732 1.11568e-19)
(0.394588 1.60249 -1.74368e-19)
(0.420254 1.70696 6.77501e-20)
(0.427891 1.70842 -2.18233e-20)
(0.423264 1.67823 1.24249e-20)
(0.421595 1.63154 -2.7599e-20)
(0.428716 1.57171 -1.60483e-20)
(0.443788 1.54844 -5.78384e-21)
(0.495961 1.64087 6.47242e-21)
(0.710057 2.21466 0)
(1.02858 2.80146 2.21277e-20)
(1.08769 2.77241 0)
(1.07582 2.57811 0)
(0.984284 2.16231 0)
(0.733972 1.46046 6.35401e-19)
(0.456514 0.729176 -1.56296e-18)
(0.201917 0.086514 1.08918e-20)
(0.0129728 -0.326943 1.11846e-18)
(0.00503549 -0.0322544 6.6579e-20)
(0.0279803 0.205754 6.24552e-20)
(0.208082 0.990827 -5.08851e-20)
(0.325033 1.49808 -3.75956e-20)
(0.360811 1.67969 3.03946e-20)
(0.370362 1.70148 2.03757e-20)
(0.368668 1.68117 1.35619e-20)
(0.362591 1.62862 0)
(0.365347 1.56053 -6.1175e-21)
(0.377179 1.51294 -2.25061e-21)
(0.38972 1.55309 -1.00116e-21)
(0.467829 1.92813 0)
(0.755153 2.63003 1.52777e-20)
(0.776414 2.70639 -4.1222e-20)
(0.752614 2.63536 0)
(0.701578 2.41127 0)
(0.566329 1.96815 -3.95465e-20)
(0.36564 1.35524 0)
(0.190079 0.787701 -3.06947e-20)
(0.0527181 0.331818 0)
(0.00738196 -0.0745368 0)
(0.0075453 0.041491 0)
(0.103669 0.653438 0)
(0.237998 1.32375 0)
(0.288234 1.61679 -7.38426e-34)
(0.303551 1.6816 5.28826e-34)
(0.305276 1.67392 0)
(0.300771 1.62696 0)
(0.297476 1.55221 0)
(0.301703 1.49127 0)
(0.304219 1.51141 0)
(0.299597 1.78937 0)
(0.533192 2.48329 0)
(0.551255 2.71638 0)
(0.524039 2.71561 0)
(0.483753 2.61987 0)
(0.412303 2.35503 0)
(0.27166 1.87105 0)
(0.131926 1.38629 0)
(0.0283542 0.834406 0)
(0.000846395 -0.0937584 0)
(0.0107193 -0.0508553 0)
(0.042781 0.344524 0)
(0.168298 1.12646 0)
(0.216849 1.53791 0)
(0.233905 1.65769 0)
(0.23864 1.6617 0)
(0.238509 1.62565 0)
(0.231358 1.54937 0)
(0.234309 1.48618 0)
(0.244507 1.50096 0)
(0.197086 1.73228 0)
(0.376218 2.40295 0)
(0.409144 2.73576 0)
(0.368189 2.79045 0)
(0.338084 2.75343 0)
(0.28921 2.58004 0)
(0.191095 2.18852 0)
(0.0847045 1.72207 0)
(0.0140972 1.0854 0)
(0.00165893 -0.125695 0)
(0.0259737 -0.114979 0)
(0.0207429 0.186004 0)
(0.0970345 0.97463 0)
(0.140303 1.46022 0)
(0.159961 1.6294 0)
(0.169387 1.64818 0)
(0.175629 1.62234 0)
(0.172622 1.55132 0)
(0.175485 1.49163 0)
(0.197021 1.5055 0)
(0.128878 1.70257 0)
(0.254657 2.34792 0)
(0.294369 2.75403 0)
(0.254806 2.85758 0)
(0.222192 2.85214 0)
(0.189107 2.73772 0)
(0.122391 2.41967 0)
(0.0475774 1.99098 0)
(0.00267397 1.26819 0)
(0.00337969 -0.17951 0)
(0.024551 -0.158646 0)
(0.00573492 0.182213 0)
(0.0275827 0.89786 0)
(0.0624868 1.41073 0)
(0.0856893 1.60086 0)
(0.102992 1.63231 0)
(0.11521 1.61542 0)
(0.123167 1.55062 0)
(0.123105 1.49683 0)
(0.152994 1.51482 0)
(0.0832775 1.6869 0)
(0.166715 2.31505 0)
(0.200166 2.77376 0)
(0.166417 2.91375 0)
(0.137282 2.93083 0)
(0.112722 2.85139 0)
(0.0652634 2.57256 0)
(0.0132393 2.13861 0)
(-0.00855808 1.31277 0)
(0.00343826 -0.209047 0)
(0.00673882 -0.163759 0)
(-0.0159119 0.220114 0)
(-0.0291315 0.879961 0)
(-0.00969854 1.37384 0)
(0.0120251 1.5727 0)
(0.0388488 1.61227 0)
(0.0602786 1.60118 0)
(0.0777095 1.5444 0)
(0.0764547 1.49965 0)
(0.111726 1.52164 0)
(0.0528857 1.67595 0)
(0.106413 2.28529 0)
(0.130759 2.78479 0)
(0.100831 2.95314 0)
(0.0776489 2.98708 0)
(0.0617708 2.92563 0)
(0.0288175 2.67813 0)
(-0.00201546 2.24341 0)
(-0.0141602 1.29795 0)
(-0.000338925 -0.205597 0)
(-0.0144887 -0.107627 0)
(-0.0506525 0.302576 0)
(-0.0732963 0.909319 0)
(-0.0640929 1.34572 0)
(-0.042417 1.53511 0)
(-0.0135958 1.58344 0)
(0.0131727 1.58087 0)
(0.0365172 1.5334 0)
(0.0378083 1.49483 0)
(0.0747344 1.52529 0)
(0.0278826 1.67272 0)
(0.0642574 2.26966 0)
(0.0778253 2.79117 0)
(0.0524738 2.98098 0)
(0.0347727 3.02851 0)
(0.0220632 2.98029 0)
(-3.30401e-05 2.74271 0)
(-0.0250002 2.28478 0)
(-0.0160735 1.25042 0)
(-0.00558008 -0.157773 0)
(-0.0293211 -0.0150617 0)
(-0.0701147 0.395102 0)
(-0.097288 0.945951 0)
(-0.0944325 1.31567 0)
(-0.0747367 1.48703 0)
(-0.0468104 1.54346 0)
(-0.0206089 1.55428 0)
(0.00737921 1.51605 0)
(0.00990097 1.48301 0)
(0.0448375 1.52484 0)
(0.0082937 1.66982 0)
(0.0345616 2.25435 0)
(0.0392498 2.79531 0)
(0.0179691 3.00178 0)
(0.00279479 3.06067 0)
(-0.00839231 3.01407 0)
(-0.0239216 2.77554 0)
(-0.0332278 2.2801 0)
(-0.019494 1.15367 0)
(-0.00730772 -0.0875241 0)
(-0.0343198 0.0946262 0)
(-0.076248 0.487482 0)
(-0.102685 0.979731 0)
(-0.102506 1.29087 0)
(-0.0856824 1.44393 0)
(-0.0625978 1.50376 0)
(-0.040046 1.52205 0)
(-0.0103635 1.49434 0)
(-0.010934 1.46933 0)
(0.0225575 1.52365 0)
(-0.0062917 1.67267 0)
(0.0106651 2.24873 0)
(0.010612 2.7999 0)
(-0.00583129 3.01657 0)
(-0.0170635 3.08049 0)
(-0.0274048 3.03836 0)
(-0.0383062 2.79485 0)
(-0.0399523 2.25841 0)
(-0.0214633 1.04004 0)
(-0.00733676 -0.0117428 0)
(-0.0327287 0.20563 0)
(-0.0719026 0.575564 0)
(-0.0966412 1.00951 0)
(-0.0977104 1.27317 0)
(-0.0849438 1.40845 0)
(-0.0678496 1.46779 0)
(-0.0494795 1.49 0)
(-0.022815 1.47382 0)
(-0.0253085 1.45747 0)
(0.00744169 1.51978 0)
(-0.0149729 1.67114 0)
(-0.00549488 2.24724 0)
(-0.00829714 2.80511 0)
(-0.022243 3.03037 0)
(-0.0319561 3.09752 0)
(-0.0400916 3.05057 0)
(-0.0479434 2.79319 0)
(-0.0427399 2.21006 0)
(-0.0186559 0.920449 0)
(-0.00577068 0.0558685 0)
(-0.0267148 0.303805 0)
(-0.0598642 0.649931 0)
(-0.0810625 1.03589 0)
(-0.0834069 1.26823 0)
(-0.0745105 1.38998 0)
(-0.0642447 1.44572 0)
(-0.0513312 1.46711 0)
(-0.0304934 1.45893 0)
(-0.0327735 1.44657 0)
(-0.00502507 1.51736 0)
(-0.0214949 1.6747 0)
(-0.0159332 2.24832 0)
(-0.0220778 2.81504 0)
(-0.0323439 3.04504 0)
(-0.0398025 3.11211 0)
(-0.0453302 3.06207 0)
(-0.0488466 2.78594 0)
(-0.0405654 2.15082 0)
(-0.0129621 0.81366 0)
(-0.00383941 0.108536 0)
(-0.0195972 0.386245 0)
(-0.0462383 0.716405 0)
(-0.0641903 1.06277 0)
(-0.0678864 1.27027 0)
(-0.0631201 1.38067 0)
(-0.0569339 1.43322 0)
(-0.0478764 1.45435 0)
(-0.0321842 1.44988 0)
(-0.034037 1.43783 0)
(-0.0129819 1.51294 0)
(-0.0273687 1.67826 0)
(-0.0248812 2.25633 0)
(-0.0332105 2.82691 0)
(-0.0406262 3.05716 0)
(-0.046104 3.12135 0)
(-0.0495829 3.06471 0)
(-0.0485474 2.77141 0)
(-0.0363295 2.08472 0)
(-0.00841634 0.725561 0)
(-0.00224698 0.144429 0)
(-0.0130774 0.447027 0)
(-0.033307 0.766687 0)
(-0.0472187 1.08551 0)
(-0.0525635 1.27653 0)
(-0.0500793 1.37872 0)
(-0.0471262 1.428 0)
(-0.0412552 1.44716 0)
(-0.0296862 1.44412 0)
(-0.0323288 1.43272 0)
(-0.0162016 1.50938 0)
(-0.031822 1.68096 0)
(-0.0305513 2.26215 0)
(-0.0389914 2.83639 0)
(-0.0462445 3.06761 0)
(-0.0502533 3.13063 0)
(-0.0500564 3.06309 0)
(-0.0488809 2.74455 0)
(-0.0329075 2.00979 0)
(-0.00547022 0.651756 0)
(-0.00128279 0.168176 0)
(-0.00861221 0.493204 0)
(-0.0241311 0.808807 0)
(-0.0352038 1.10822 0)
(-0.0411678 1.2846 0)
(-0.0409125 1.37759 0)
(-0.0406293 1.42228 0)
(-0.0360775 1.44072 0)
(-0.026809 1.43893 0)
(-0.0310495 1.43003 0)
(-0.0179829 1.50986 0)
(-0.0337985 1.68889 0)
(-0.0386519 2.27406 0)
(-0.0433725 2.8481 0)
(-0.0496862 3.07466 0)
(-0.0507 3.13192 0)
(-0.0488273 3.0586 0)
(-0.0442523 2.72451 0)
(-0.0284626 1.94344 0)
(-0.00201431 0.592911 0)
(-0.00072218 0.182811 0)
(-0.00545242 0.524754 0)
(-0.0173725 0.837942 0)
(-0.0246736 1.12424 0)
(-0.0306468 1.2934 0)
(-0.0314777 1.3802 0)
(-0.0330637 1.42071 0)
(-0.0308157 1.43616 0)
(-0.0229772 1.43527 0)
(-0.0298352 1.42936 0)
(-0.0184073 1.51135 0)
(-0.0322004 1.69445 0)
(-0.0382115 2.2799 0)
(-0.0454016 2.85304 0)
(-0.0504741 3.07622 0)
(-0.0503157 3.13077 0)
(-0.049344 3.04789 0)
(-0.0407453 2.6824 0)
(-0.0236434 1.86778 0)
(0.000172173 0.546194 0)
(-0.000495897 0.192896 0)
(-0.00368904 0.549705 0)
(-0.0132675 0.863728 0)
(-0.0194287 1.13761 0)
(-0.0225844 1.30186 0)
(-0.0244775 1.38366 0)
(-0.0272241 1.41977 0)
(-0.0255881 1.43282 0)
(-0.0206034 1.43408 0)
(-0.0285958 1.4296 0)
(-0.0190909 1.51253 0)
(-0.0296521 1.70666 0)
(-0.0397525 2.29084 0)
(-0.0439621 2.85892 0)
(-0.0496176 3.07714 0)
(-0.0494393 3.12736 0)
(-0.0464089 3.03488 0)
(-0.0402011 2.65098 0)
(-0.0199379 1.79563 0)
(0.00101901 0.511928 0)
(-0.000336775 0.199001 0)
(-0.00237915 0.565977 0)
(-0.00969328 0.881494 0)
(-0.013989 1.1436 0)
(-0.0154921 1.30749 0)
(-0.0176832 1.38854 0)
(-0.0201872 1.42256 0)
(-0.0216725 1.43282 0)
(-0.0185098 1.43439 0)
(-0.0268392 1.43044 0)
(-0.0190399 1.51232 0)
(-0.0266608 1.71356 0)
(-0.0380049 2.29973 0)
(-0.0427441 2.86657 0)
(-0.0492416 3.07971 0)
(-0.0499196 3.12514 0)
(-0.0453864 3.0197 0)
(-0.0390365 2.61099 0)
(-0.0182947 1.71939 0)
(0.00232034 0.483219 0)
(-0.000346686 0.204143 0)
(-0.00191967 0.580396 0)
(-0.00777224 0.899061 0)
(-0.0130196 1.14999 0)
(-0.0127476 1.31142 0)
(-0.0145633 1.39211 0)
(-0.0166261 1.42419 0)
(-0.0187141 1.43368 0)
(-0.017386 1.43588 0)
(-0.0246991 1.43202 0)
(-0.0196407 1.51115 0)
(-0.0246262 1.72231 0)
(-0.0376278 2.30763 0)
(-0.0458866 2.87512 0)
(-0.052152 3.08437 0)
(-0.0524691 3.12426 0)
(-0.0521633 3.00905 0)
(-0.0388892 2.57376 0)
(-0.0176929 1.64929 0)
(0.00364929 0.461233 0)
(-0.000386312 0.207636 0)
(-0.00175717 0.589607 0)
(-0.00609699 0.911531 0)
(-0.0107511 1.15427 0)
(-0.0111875 1.31335 0)
(-0.0120282 1.39493 0)
(-0.0128696 1.42789 0)
(-0.0179182 1.4369 0)
(-0.0164454 1.43703 0)
(-0.0245333 1.43528 0)
(-0.0226677 1.51046 0)
(-0.0215132 1.73316 0)
(-0.0421037 2.32531 0)
(-0.0462573 2.8867 0)
(-0.0559898 3.08738 0)
(-0.0544164 3.12065 0)
(-0.0521178 2.98964 0)
(-0.0442856 2.51586 0)
(-0.0151579 1.5566 0)
(0.00226297 0.439178 0)
(-0.00049694 0.212384 0)
(-0.00195272 0.600015 0)
(-0.00555454 0.925031 0)
(-0.0110108 1.16169 0)
(-0.0114845 1.3148 0)
(-0.0115329 1.3957 0)
(-0.0119261 1.43009 0)
(-0.0176138 1.43955 0)
(-0.0162033 1.43842 0)
(-0.0249022 1.43837 0)
(-0.0271639 1.50606 0)
(-0.0186585 1.73968 0)
(-0.0424429 2.33757 0)
(-0.0480104 2.89538 0)
(-0.0596797 3.09015 0)
(-0.0592879 3.11864 0)
(-0.0545279 2.9752 0)
(-0.047008 2.47889 0)
(-0.0138585 1.48297 0)
(0.00189311 0.422573 0)
(-0.000631765 0.216272 0)
(-0.00212846 0.60645 0)
(-0.0047489 0.934216 0)
(-0.00901337 1.16832 0)
(-0.0105663 1.31577 0)
(-0.0103096 1.3962 0)
(-0.00927512 1.43354 0)
(-0.0162256 1.44625 0)
(-0.0181372 1.44223 0)
(-0.0280249 1.44515 0)
(-0.034538 1.50355 0)
(-0.0220021 1.74866 0)
(-0.0468659 2.36152 0)
(-0.0579183 2.9105 0)
(-0.0695785 3.09676 0)
(-0.0705826 3.11655 0)
(-0.0650819 2.94745 0)
(-0.0487324 2.39922 0)
(-0.0171515 1.38615 0)
(0.00321696 0.399983 0)
(-0.000742096 0.222365 0)
(-0.00243483 0.615368 0)
(-0.00496616 0.943712 0)
(-0.00840334 1.17554 0)
(-0.00995911 1.31626 0)
(-0.00997077 1.39541 0)
(-0.00790566 1.43498 0)
(-0.0117177 1.44923 0)
(-0.015899 1.44632 0)
(-0.03071 1.45278 0)
(-0.0354581 1.50038 0)
(-0.026794 1.75231 0)
(-0.0488787 2.38598 0)
(-0.0694311 2.92968 0)
(-0.078855 3.10199 0)
(-0.0721922 3.1133 0)
(-0.0696281 2.92798 0)
(-0.0451085 2.34665 0)
(-0.0164548 1.31314 0)
(0.00542471 0.385404 0)
(-0.000901736 0.227398 0)
(-0.00261979 0.620701 0)
(-0.00456271 0.949856 0)
(-0.00643569 1.18089 0)
(-0.00867898 1.31815 0)
(-0.00828132 1.3942 0)
(-0.00653677 1.43475 0)
(-0.00747283 1.455 0)
(-0.0154263 1.45674 0)
(-0.0293979 1.46232 0)
(-0.0364715 1.50248 0)
(-0.0416037 1.75985 0)
(-0.056373 2.41891 0)
(-0.0736805 2.94299 0)
(-0.0807016 3.10002 0)
(-0.0740185 3.10634 0)
(-0.0616029 2.89122 0)
(-0.0520009 2.25768 0)
(-0.00731817 1.19964 0)
(0.00491341 0.37526 0)
(-0.00106857 0.234822 0)
(-0.002911 0.628349 0)
(-0.00485048 0.95413 0)
(-0.00480875 1.18304 0)
(-0.00526748 1.31785 0)
(0.000647449 1.39253 0)
(0.00186541 1.43509 0)
(0.00886624 1.46355 0)
(-0.00130247 1.47196 0)
(-0.0141952 1.46986 0)
(-0.0291177 1.50495 0)
(-0.0472554 1.76525 0)
(-0.061345 2.43543 0)
(-0.0866197 2.94925 0)
(-0.0885461 3.09632 0)
(-0.0861134 3.09035 0)
(-0.0751863 2.84883 0)
(-0.0506347 2.18053 0)
(-0.00716262 1.11605 0)
(0.000781658 0.369879 0)
(-0.000900465 0.241669 0)
(-0.00324919 0.634179 0)
(-0.00508028 0.957006 0)
(-0.00509814 1.18236 0)
(-0.00604729 1.31257 0)
(0.00133109 1.38168 0)
(0.00500478 1.4231 0)
(0.0193807 1.4513 0)
(0.0191015 1.46662 0)
(0.0107292 1.4879 0)
(-0.0291293 1.53359 0)
(-0.058932 1.78268 0)
(-0.0716902 2.47079 0)
(-0.0916352 2.96698 0)
(-0.091172 3.09766 0)
(-0.0885311 3.07547 0)
(-0.0893935 2.79039 0)
(-0.0545778 2.06256 0)
(-0.0101334 1.01505 0)
(-0.00572256 0.342807 0)
(-0.000857221 0.248034 0)
(-0.00462179 0.640792 0)
(-0.00597524 0.959034 0)
(-0.0026316 1.18085 0)
(0.00281966 1.3081 0)
(0.0167794 1.37566 0)
(0.0291052 1.41854 0)
(0.0558184 1.45501 0)
(0.0649488 1.48978 0)
(0.0612661 1.49988 0)
(0.00480764 1.54757 0)
(-0.0548069 1.79547 0)
(-0.0656124 2.4832 0)
(-0.0848523 2.97091 0)
(-0.0855755 3.09944 0)
(-0.0786564 3.07446 0)
(-0.0657239 2.76759 0)
(-0.0399513 2.01664 0)
(-0.0010554 0.984974 0)
(-0.00794045 0.323859 0)
(-0.000215749 0.257802 0)
(-0.00108388 0.650312 0)
(-0.00191623 0.950155 0)
(0.00463336 1.15163 0)
(0.0160387 1.26215 0)
(0.0380315 1.31716 0)
(0.0630101 1.34954 0)
(0.10478 1.38824 0)
(0.140807 1.43447 0)
(0.177512 1.55143 0)
(0.0812904 1.67097 0)
(-0.0244057 1.87257 0)
(-0.048222 2.51784 0)
(-0.0662046 2.9872 0)
(-0.0660963 3.09412 0)
(-0.065657 3.0479 0)
(-0.0516598 2.68603 0)
(-0.0285371 1.88055 0)
(0.00112931 0.914161 0)
(-0.00532151 0.301684 0)
(-0.243678 1.59034 1.2509e-22)
(0.399914 3.2427 3.03437e-20)
(0.0930103 3.47146 5.44638e-20)
(0.20097 3.4388 0)
(0.161846 3.39153 0)
(0.15635 3.34372 -4.00462e-19)
(0.158725 3.31756 4.23457e-19)
(0.131224 3.27243 -4.37929e-19)
(0.115634 3.17676 8.02718e-21)
(0.100927 2.56708 5.95588e-19)
(-0.104882 2.33845 8.00118e-24)
(0.134173 3.29746 1.68672e-19)
(0.0116407 3.44132 0)
(0.0990784 3.39339 0)
(0.0752111 3.34676 1.19056e-20)
(0.0806514 3.30861 8.29789e-19)
(0.0763703 3.27598 -4.62079e-19)
(0.0521869 3.23997 -7.75306e-21)
(0.0515478 3.0816 7.39879e-21)
(0.000892282 2.08487 0)
(-0.0274292 2.081 1.94636e-19)
(0.0874284 3.14548 -2.04979e-19)
(0.0265639 3.34832 0)
(0.0739733 3.32639 3.82309e-19)
(0.0536767 3.30369 -1.39742e-21)
(0.0548237 3.28165 -4.31005e-19)
(0.04687 3.26668 -5.32715e-19)
(0.0315872 3.24533 -2.19722e-22)
(0.0413821 3.11847 7.64571e-21)
(-0.0166008 2.21073 0)
(-0.0401941 2.0241 -5.22223e-20)
(0.0286992 3.12137 0)
(-0.0127665 3.31081 -2.01308e-19)
(0.022407 3.30827 -1.66861e-19)
(0.0171767 3.28479 1.49735e-20)
(0.0235735 3.26179 -2.77626e-19)
(0.0280533 3.24594 2.48233e-19)
(0.0220299 3.23337 -8.859e-21)
(0.0423828 3.12493 1.17429e-20)
(0.00738271 2.24989 3.04147e-19)
(-0.0524877 2.02647 -1.57172e-19)
(0.0143785 3.09162 0)
(-0.00691786 3.26779 4.33953e-19)
(0.0125303 3.26257 -2.39483e-19)
(0.0146135 3.2486 -7.09882e-22)
(0.0176947 3.23758 -1.37436e-21)
(0.0215333 3.23343 -1.54901e-20)
(0.022268 3.22396 -3.14136e-19)
(0.0432018 3.1273 8.64071e-21)
(-0.00310882 2.31189 -6.36317e-19)
(-0.0499233 2.0871 0)
(-0.00980732 3.08693 -2.37607e-19)
(-0.0281797 3.24357 1.89146e-20)
(-0.014408 3.24737 -1.65102e-20)
(-0.00506493 3.23258 1.69364e-20)
(0.00358481 3.21996 2.8126e-19)
(0.0161946 3.211 2.94012e-19)
(0.0211735 3.20543 6.17337e-19)
(0.042761 3.12395 3.41669e-19)
(0.0106597 2.35409 -1.66061e-20)
(-0.0509564 2.14104 0)
(-0.0195453 3.08243 2.45936e-19)
(-0.0187422 3.2142 -2.57863e-19)
(-0.0113374 3.21291 -1.78076e-20)
(-0.000102553 3.20254 3.68146e-20)
(0.00780671 3.19589 3.69898e-22)
(0.0164782 3.19559 -1.97878e-20)
(0.021958 3.19091 -3.22422e-19)
(0.0424289 3.12138 -3.32777e-19)
(0.00383833 2.41968 -1.72315e-20)
(-0.0481049 2.2295 2.82369e-19)
(-0.0285412 3.08577 -1.31222e-20)
(-0.0318193 3.1942 9.05373e-21)
(-0.0235046 3.19562 0)
(-0.0132143 3.1857 0)
(-0.00130067 3.17799 0)
(0.0135091 3.17165 0)
(0.0206997 3.16938 3.58265e-19)
(0.0411334 3.11258 -3.69587e-19)
(0.015414 2.46388 3.65166e-19)
(-0.0458915 2.30637 2.6642e-20)
(-0.0328948 3.08512 3.01027e-19)
(-0.0209278 3.16967 0)
(-0.0146888 3.16542 -2.02058e-20)
(-0.00403922 3.15767 2.06653e-20)
(0.00533818 3.1532 0)
(0.0147089 3.15425 -1.11942e-20)
(0.0207511 3.1527 -3.47724e-19)
(0.0401992 3.10929 3.70508e-19)
(0.0103924 2.53302 0)
(-0.0441344 2.40379 1.59271e-20)
(-0.0361558 3.08618 -4.61392e-19)
(-0.030113 3.14983 0)
(-0.0225511 3.14696 0)
(-0.0136464 3.13922 2.21246e-20)
(-0.00217872 3.13367 -1.86543e-19)
(0.0117617 3.12889 -2.33403e-20)
(0.01918 3.12936 1.98722e-19)
(0.0385107 3.09615 0)
(0.019278 2.58106 0)
(-0.0393463 2.49076 -4.85155e-19)
(-0.0382924 3.08247 1.64476e-19)
(-0.0204729 3.12426 0)
(-0.0131147 3.11617 0)
(-0.00355928 3.10949 0)
(0.00554004 3.10654 3.83905e-19)
(0.0142035 3.10887 0)
(0.0201683 3.11055 -2.12002e-19)
(0.0378922 3.0905 1.30913e-20)
(0.0149192 2.6538 2.21534e-19)
(-0.0382299 2.58897 1.72866e-19)
(-0.0403998 3.07511 -1.67904e-20)
(-0.0298135 3.10112 2.01033e-19)
(-0.0212316 3.09498 1.9534e-19)
(-0.0124411 3.08845 0)
(-0.000812845 3.08423 -1.97134e-19)
(0.0126634 3.08119 0)
(0.0210346 3.08453 0)
(0.0384593 3.07217 0)
(0.0223356 2.70643 -2.22563e-19)
(-0.0345573 2.67878 -1.82428e-19)
(-0.0427858 3.06269 1.88374e-19)
(-0.0232318 3.072 -1.89504e-19)
(-0.0131548 3.06204 -2.98538e-19)
(-0.00289411 3.0569 0)
(0.00715036 3.05544 2.66864e-20)
(0.0166254 3.05886 -1.36241e-20)
(0.0248174 3.06305 1.01463e-19)
(0.0417319 3.06163 1.25988e-19)
(0.0208031 2.78042 -1.29657e-19)
(-0.0350053 2.77188 1.87186e-19)
(-0.0469147 3.04418 -1.80988e-19)
(-0.0329143 3.04558 1.28828e-20)
(-0.0208433 3.04033 7.59465e-20)
(-0.0110482 3.03632 -1.08891e-19)
(0.000342874 3.03385 0)
(0.0140317 3.03188 1.17019e-19)
(0.0256588 3.03562 4.95046e-21)
(0.044601 3.0366 -2.4377e-19)
(0.0287033 2.83262 -6.55166e-21)
(-0.0291771 2.85577 -5.32747e-20)
(-0.0435925 3.02239 1.304e-20)
(-0.0228889 3.01798 -6.7662e-20)
(-0.0110123 3.01455 2.76523e-20)
(-0.00218197 3.01412 1.32727e-19)
(0.0062778 3.01345 -5.63687e-20)
(0.0142572 3.0144 -5.61657e-20)
(0.0233571 3.01695 -5.83942e-20)
(0.0418426 3.02183 1.25142e-19)
(0.0247899 2.9003 6.12575e-20)
(-0.0177859 2.93958 4.28299e-20)
(-0.0262797 2.99983 1.89303e-20)
(-0.0162691 3.00061 3.72897e-20)
(-0.00944812 3.00172 -7.63455e-20)
(-0.0041462 3.00265 2.58317e-20)
(0.000653668 3.00217 5.25161e-20)
(0.00559089 3.00062 -5.47747e-20)
(0.0107189 2.99898 -5.72585e-20)
(0.0218055 2.99715 7.74156e-21)
(0.0165384 2.94915 5.4925e-20)
)
;

boundaryField
{
    wall-4
    {
        type            noSlip;
    }
    pressure-outlet-7
    {
        type            zeroGradient;
    }
    velocity-inlet-6
    {
        type            fixedValue;
        value           uniform (0 3 0);
    }
    velocity-inlet-5
    {
        type            fixedValue;
        value           uniform (1 0 0);
    }
    frontAndBackPlanes
    {
        type            empty;
    }
}


// ************************************************************************* //
