/*--------------------------------*- C++ -*----------------------------------*\
  =========                 |
  \\      /  F ield         | OpenFOAM: The Open Source CFD Toolbox
   \\    /   O peration     | Website:  https://openfoam.org
    \\  /    A nd           | Version:  9
     \\/     M anipulation  |
\*---------------------------------------------------------------------------*/
FoamFile
{
    format      ascii;
    class       volVectorField;
    location    "37";
    object      U;
}
// * * * * * * * * * * * * * * * * * * * * * * * * * * * * * * * * * * * * * //

dimensions      [0 1 -1 0 0 0 0];

internalField   nonuniform List<vector> 
2200
(
(0.878826 -0.030416 0)
(1.00577 -0.0512882 0)
(1.00326 -0.0354164 0)
(1.00024 -0.0244828 0)
(0.999861 -0.0167316 0)
(1.00002 -0.0108005 0)
(0.999994 -0.00688918 0)
(1 -0.00422424 0)
(1 -0.00226277 0)
(1.00017 -0.000726729 0)
(1.00004 0.000925948 0)
(0.999972 0.00244045 0)
(0.999967 0.00439198 0)
(1.00004 0.00703245 0)
(1.00006 0.0109196 0)
(0.999819 0.0167199 0)
(1.00017 0.0244663 0)
(1.00344 0.0350761 0)
(1.0059 0.0513566 0)
(0.878957 0.030345 0)
(0.711988 -0.032763 0)
(0.996615 -0.0630215 0)
(1.03327 -0.056163 0)
(1.02483 -0.0463849 0)
(1.01583 -0.0360814 0)
(1.00969 -0.0264056 0)
(1.00597 -0.0181558 0)
(1.00377 -0.0114559 0)
(1.00253 -0.00605018 0)
(1.00199 -0.00158568 0)
(1.00197 0.00258476 0)
(1.00248 0.00702187 0)
(1.00372 0.0122919 0)
(1.0059 0.0188865 0)
(1.0095 0.0269799 0)
(1.01569 0.0367328 0)
(1.02478 0.0471183 0)
(1.03307 0.0574514 0)
(0.996633 0.0631413 0)
(0.711801 0.0329651 0)
(0.535513 -0.0238986 0)
(0.969864 -0.0569614 0)
(1.05645 -0.0547371 0)
(1.05228 -0.0488326 0)
(1.03618 -0.0404647 0)
(1.02437 -0.0322504 0)
(1.01594 -0.0240879 0)
(1.01042 -0.0162901 0)
(1.00723 -0.00906732 0)
(1.00576 -0.00244956 0)
(1.00573 0.00393402 0)
(1.00714 0.010523 0)
(1.01024 0.0176502 0)
(1.01551 0.025252 0)
(1.02403 0.0332464 0)
(1.03597 0.0412736 0)
(1.05202 0.0493608 0)
(1.05636 0.0537601 0)
(0.969239 0.0575565 0)
(0.534474 0.0239248 0)
(0.392105 -0.013674 0)
(0.911581 -0.046442 0)
(1.05741 -0.0470737 0)
(1.06945 -0.0443966 0)
(1.05489 -0.0382886 0)
(1.03926 -0.0315699 0)
(1.02738 -0.0247626 0)
(1.01893 -0.017554 0)
(1.01355 -0.0100968 0)
(1.01085 -0.00256056 0)
(1.01072 0.00489371 0)
(1.01324 0.0122214 0)
(1.01842 0.0193157 0)
(1.0268 0.02623 0)
(1.03857 0.0327898 0)
(1.05417 0.0392703 0)
(1.06861 0.0454065 0)
(1.05584 0.0480354 0)
(0.910198 0.0468649 0)
(0.390276 0.0137455 0)
(0.307495 -0.00450342 0)
(0.846646 -0.0323752 0)
(1.04942 -0.0399043 0)
(1.0795 -0.0381936 0)
(1.06825 -0.0336173 0)
(1.05172 -0.0280846 0)
(1.03825 -0.0227333 0)
(1.02808 -0.0167438 0)
(1.0211 -0.00990723 0)
(1.01737 -0.00239353 0)
(1.01716 0.00534329 0)
(1.02055 0.0126687 0)
(1.02727 0.0192634 0)
(1.0373 0.0250357 0)
(1.05061 0.0300152 0)
(1.06694 0.0353482 0)
(1.07784 0.0397076 0)
(1.04739 0.0413715 0)
(0.843494 0.0328408 0)
(0.30441 0.00468477 0)
(0.263994 9.9172e-05 0)
(0.788581 -0.0201081 0)
(1.03295 -0.031571 0)
(1.08319 -0.0322392 0)
(1.07704 -0.0290334 0)
(1.06065 -0.0242443 0)
(1.04712 -0.0197581 0)
(1.03627 -0.0146212 0)
(1.02843 -0.00858786 0)
(1.02396 -0.00156987 0)
(1.02368 0.00578318 0)
(1.02762 0.0125158 0)
(1.03512 0.0181764 0)
(1.04547 0.0228177 0)
(1.0588 0.0268747 0)
(1.07517 0.0312023 0)
(1.08094 0.0339014 0)
(1.02995 0.0330539 0)
(0.783725 0.0206356 0)
(0.259759 8.26771e-05 0)
(0.239968 0.00104377 0)
(0.73784 -0.0123664 0)
(1.0133 -0.0251474 0)
(1.08373 -0.0269757 0)
(1.08261 -0.0247183 0)
(1.06744 -0.020634 0)
(1.05405 -0.0167536 0)
(1.04327 -0.0123006 0)
(1.03516 -0.0070379 0)
(1.03029 -0.000813683 0)
(1.02985 0.00575896 0)
(1.03397 0.0116707 0)
(1.04143 0.0164735 0)
(1.05198 0.0204297 0)
(1.06512 0.0239639 0)
(1.0798 0.027467 0)
(1.08026 0.0292215 0)
(1.00825 0.0268139 0)
(0.730323 0.0129951 0)
(0.234318 -0.000870923 0)
(0.225508 0.00095727 0)
(0.694777 -0.00805921 0)
(0.992482 -0.0207911 0)
(1.0818 -0.0232475 0)
(1.08649 -0.0213892 0)
(1.07299 -0.0178539 0)
(1.05962 -0.0140885 0)
(1.0491 -0.00990907 0)
(1.0412 -0.00512123 0)
(1.03629 0.000415629 0)
(1.03571 0.00624504 0)
(1.03958 0.0114142 0)
(1.04665 0.0155152 0)
(1.05651 0.0190663 0)
(1.06947 0.0219185 0)
(1.08244 0.0248502 0)
(1.07672 0.0259554 0)
(0.985018 0.0228312 0)
(0.684431 0.00889635 0)
(0.21836 -0.000763272 0)
(0.215915 0.000625799 0)
(0.659295 -0.00567422 0)
(0.971756 -0.0176557 0)
(1.07889 -0.020296 0)
(1.08965 -0.0188219 0)
(1.07764 -0.0157458 0)
(1.06424 -0.0122122 0)
(1.0539 -0.00825034 0)
(1.04622 -0.00373808 0)
(1.04142 0.00131587 0)
(1.04062 0.00662655 0)
(1.04399 0.0111823 0)
(1.05068 0.0149953 0)
(1.06023 0.0180731 0)
(1.0733 0.021122 0)
(1.08441 0.0233878 0)
(1.07221 0.0241037 0)
(0.961432 0.0202795 0)
(0.645115 0.00676401 0)
(0.206688 -0.000395323 0)
(0.208666 0.000284323 0)
(0.630595 -0.00424114 0)
(0.952771 -0.0150855 0)
(1.07556 -0.0181286 0)
(1.09264 -0.0169147 0)
(1.08215 -0.0141427 0)
(1.06856 -0.0106623 0)
(1.05798 -0.00678323 0)
(1.05025 -0.00230867 0)
(1.04556 0.00257625 0)
(1.04455 0.00760017 0)
(1.0474 0.0118261 0)
(1.05367 0.0153145 0)
(1.06329 0.0182545 0)
(1.07609 0.0206106 0)
(1.08538 0.0224702 0)
(1.06569 0.0224974 0)
(0.937888 0.0181581 0)
(0.611799 0.00552193 0)
(0.197021 -1.69089e-05 0)
(0.202813 7.27112e-05 0)
(0.607329 -0.00310189 0)
(0.934672 -0.0125774 0)
(1.07221 -0.0157142 0)
(1.09558 -0.0147852 0)
(1.08654 -0.0122558 0)
(1.07285 -0.00898221 0)
(1.06202 -0.00520414 0)
(1.054 -0.000848447 0)
(1.04893 0.00388905 0)
(1.04747 0.00854826 0)
(1.05012 0.0126408 0)
(1.05642 0.0158067 0)
(1.06595 0.0183151 0)
(1.07887 0.020455 0)
(1.08615 0.0217376 0)
(1.05963 0.0213382 0)
(0.915568 0.0163092 0)
(0.583234 0.00470865 0)
(0.188197 0.000254853 0)
(0.19835 3.69573e-05 0)
(0.589375 -0.00210162 0)
(0.918982 -0.00981712 0)
(1.06875 -0.0130595 0)
(1.09843 -0.0123158 0)
(1.0908 -0.0099991 0)
(1.0771 -0.00681735 0)
(1.06613 -0.00318561 0)
(1.05792 0.00108013 0)
(1.05266 0.0056261 0)
(1.05106 0.00984201 0)
(1.05331 0.0134392 0)
(1.05915 0.0163565 0)
(1.06846 0.0185299 0)
(1.08085 0.0201803 0)
(1.08606 0.0209294 0)
(1.05131 0.0199286 0)
(0.892926 0.0144704 0)
(0.558454 0.00408845 0)
(0.180073 0.000398699 0)
(0.195283 2.94688e-05 0)
(0.57595 -0.00125495 0)
(0.905545 -0.00752858 0)
(1.0658 -0.0104375 0)
(1.10118 -0.00950583 0)
(1.09509 -0.00721808 0)
(1.08151 -0.00431454 0)
(1.07023 -0.000894383 0)
(1.06145 0.00305483 0)
(1.05531 0.00735953 0)
(1.05289 0.011403 0)
(1.05497 0.0146971 0)
(1.06098 0.0169792 0)
(1.07027 0.0185514 0)
(1.08217 0.019606 0)
(1.08551 0.0201194 0)
(1.04392 0.0189107 0)
(0.872354 0.0130371 0)
(0.537081 0.00367454 0)
(0.172575 0.000468292 0)
(0.193383 4.5732e-05 0)
(0.566099 -0.000634857 0)
(0.893542 -0.00536726 0)
(1.06327 -0.00801224 0)
(1.10464 -0.00691108 0)
(1.09963 -0.0043159 0)
(1.08593 -0.00104953 0)
(1.07424 0.00230196 0)
(1.06486 0.00600051 0)
(1.0582 0.00998866 0)
(1.05565 0.0136812 0)
(1.05754 0.0161971 0)
(1.06299 0.0177033 0)
(1.072 0.0187946 0)
(1.08363 0.0196061 0)
(1.08419 0.0200081 0)
(1.0336 0.018188 0)
(0.850539 0.0120149 0)
(0.51724 0.0035292 0)
(0.165274 0.000544203 0)
(0.192951 -4.80092e-05 0)
(0.559695 0.000151775 0)
(0.885801 -0.00289736 0)
(1.0619 -0.00502694 0)
(1.10799 -0.003765 0)
(1.10451 -0.00108727 0)
(1.09087 0.00221976 0)
(1.07886 0.0056463 0)
(1.06904 0.00925774 0)
(1.06157 0.0128416 0)
(1.05785 0.0159067 0)
(1.05907 0.0178624 0)
(1.0647 0.0189602 0)
(1.07373 0.0195087 0)
(1.08396 0.0203558 0)
(1.08251 0.0199033 0)
(1.02527 0.0177639 0)
(0.83181 0.0113154 0)
(0.50005 0.00343461 0)
(0.158277 0.000595189 0)
(0.193831 -3.74258e-05 0)
(0.558532 0.00120347 0)
(0.879222 -0.000621656 0)
(1.06112 -0.00206347 0)
(1.11224 -0.000637121 0)
(1.10971 0.00218085 0)
(1.09581 0.00563489 0)
(1.0835 0.00918678 0)
(1.07342 0.0128494 0)
(1.06573 0.016406 0)
(1.06164 0.0191341 0)
(1.06161 0.0206223 0)
(1.06549 0.0211626 0)
(1.07405 0.0214346 0)
(1.08338 0.0212131 0)
(1.07894 0.0202199 0)
(1.01261 0.0173517 0)
(0.810206 0.0105319 0)
(0.482742 0.00333034 0)
(0.151057 0.000618118 0)
(0.196664 0.000459606 0)
(0.559945 0.00178402 0)
(0.87715 0.00226099 0)
(1.06175 0.00153779 0)
(1.11577 0.00327182 0)
(1.1144 0.00594193 0)
(1.10044 0.00934201 0)
(1.08752 0.0129854 0)
(1.07672 0.0170186 0)
(1.06791 0.0207542 0)
(1.06224 0.0232519 0)
(1.06125 0.0242522 0)
(1.06547 0.024231 0)
(1.07372 0.0235494 0)
(1.08193 0.0224191 0)
(1.0752 0.0207484 0)
(1.00226 0.0172782 0)
(0.792719 0.0101205 0)
(0.468133 0.00333976 0)
(0.144376 0.000624893 0)
(0.201396 0.000694209 0)
(0.564484 0.00282435 0)
(0.879012 0.00476651 0)
(1.06355 0.0051241 0)
(1.12023 0.00751712 0)
(1.11951 0.0105402 0)
(1.10497 0.0140465 0)
(1.09116 0.0181129 0)
(1.07927 0.0220818 0)
(1.06923 0.0257399 0)
(1.06276 0.0278743 0)
(1.06088 0.0285218 0)
(1.06354 0.0276741 0)
(1.07119 0.0263046 0)
(1.07864 0.0245349 0)
(1.06788 0.0222066 0)
(0.986634 0.0175751 0)
(0.770599 0.0100384 0)
(0.451362 0.00354724 0)
(0.136886 0.000665512 0)
(0.209419 0.000859821 0)
(0.575507 0.00430108 0)
(0.885483 0.00790814 0)
(1.06815 0.0100939 0)
(1.12501 0.0128553 0)
(1.12493 0.0160157 0)
(1.11022 0.0202353 0)
(1.09576 0.0244692 0)
(1.0826 0.0287959 0)
(1.07079 0.0325095 0)
(1.06254 0.0341109 0)
(1.05949 0.0335251 0)
(1.06206 0.03178 0)
(1.06904 0.0294478 0)
(1.07474 0.0266746 0)
(1.06109 0.0233429 0)
(0.974168 0.018147 0)
(0.753802 0.0104865 0)
(0.437198 0.00390914 0)
(0.129736 0.00069281 0)
(0.218774 0.00107635 0)
(0.589782 0.00538111 0)
(0.896268 0.0109904 0)
(1.0752 0.0146205 0)
(1.13146 0.0181934 0)
(1.13191 0.0225682 0)
(1.11677 0.0271226 0)
(1.10165 0.032211 0)
(1.08748 0.0368084 0)
(1.07403 0.0401049 0)
(1.06356 0.0408186 0)
(1.05847 0.0397627 0)
(1.0585 0.0371314 0)
(1.06407 0.0338425 0)
(1.0686 0.0305721 0)
(1.05084 0.026039 0)
(0.955654 0.0197658 0)
(0.730072 0.0115295 0)
(0.418144 0.00448081 0)
(0.120758 0.000743211 0)
(0.232382 0.0014774 0)
(0.611576 0.007154 0)
(0.913824 0.014937 0)
(1.08606 0.0204292 0)
(1.1398 0.0251541 0)
(1.13996 0.0298201 0)
(1.12405 0.0356796 0)
(1.10761 0.0412717 0)
(1.09156 0.0464906 0)
(1.07585 0.0501641 0)
(1.06345 0.0507753 0)
(1.057 0.0482443 0)
(1.05647 0.0441425 0)
(1.06071 0.0394841 0)
(1.06223 0.0348099 0)
(1.04055 0.0291961 0)
(0.940002 0.0221943 0)
(0.711378 0.0134069 0)
(0.400764 0.00527741 0)
(0.111767 0.000807532 0)
(0.248678 0.00203757 0)
(0.637026 0.00877553 0)
(0.935806 0.0187734 0)
(1.10031 0.0263722 0)
(1.15002 0.0323931 0)
(1.14963 0.0395093 0)
(1.13199 0.0461931 0)
(1.11358 0.0528537 0)
(1.09516 0.0585052 0)
(1.07674 0.0616278 0)
(1.06108 0.0608292 0)
(1.05165 0.0569347 0)
(1.04867 0.0520269 0)
(1.0518 0.0464192 0)
(1.05291 0.0413611 0)
(1.02674 0.0346209 0)
(0.917206 0.0260379 0)
(0.681952 0.0158963 0)
(0.37495 0.00618388 0)
(0.0997406 0.000908103 0)
(0.271435 0.00286147 0)
(0.671684 0.0125719 0)
(0.964574 0.0251471 0)
(1.11917 0.0351865 0)
(1.16372 0.0433476 0)
(1.16114 0.0513919 0)
(1.14124 0.0597637 0)
(1.12002 0.0673106 0)
(1.09829 0.0732589 0)
(1.0765 0.0761539 0)
(1.0584 0.0747427 0)
(1.04813 0.0698058 0)
(1.04474 0.062856 0)
(1.04621 0.0553111 0)
(1.04286 0.0484866 0)
(1.01157 0.040163 0)
(0.895383 0.0304942 0)
(0.65625 0.0187439 0)
(0.350466 0.00722745 0)
(0.0876591 0.000973323 0)
(0.302911 0.00375461 0)
(0.717487 0.015468 0)
(1.00268 0.0326941 0)
(1.14389 0.0459349 0)
(1.18097 0.0557967 0)
(1.17557 0.0672974 0)
(1.15198 0.0770337 0)
(1.12743 0.0855117 0)
(1.10225 0.0914225 0)
(1.07681 0.0932658 0)
(1.05449 0.0895728 0)
(1.03952 0.0818584 0)
(1.03275 0.0736315 0)
(1.03285 0.0652597 0)
(1.02999 0.0576453 0)
(0.993075 0.0480138 0)
(0.865209 0.0358793 0)
(0.616414 0.0218385 0)
(0.314691 0.00802536 0)
(0.0719177 0.00098369 0)
(0.3391 0.00723843 0)
(0.774568 0.0246184 0)
(1.04894 0.045151 0)
(1.17417 0.0620092 0)
(1.2029 0.075193 0)
(1.19197 0.0884659 0)
(1.16388 0.0992928 0)
(1.135 0.107998 0)
(1.10532 0.113352 0)
(1.0754 0.114001 0)
(1.04971 0.108898 0)
(1.03412 0.100304 0)
(1.02759 0.090275 0)
(1.02587 0.0793703 0)
(1.01547 0.0688975 0)
(0.969691 0.056473 0)
(0.832347 0.0420602 0)
(0.579161 0.0252109 0)
(0.281693 0.00916645 0)
(0.0572937 0.000898686 0)
(0.420125 0.0109135 0)
(0.859717 0.0354828 0)
(1.11055 0.065422 0)
(1.21169 0.0868634 0)
(1.22814 0.101053 7.4633e-34)
(1.21013 0.117319 -3.3203e-34)
(1.17576 0.128182 0)
(1.14186 0.136154 0)
(1.10746 0.139878 0)
(1.07325 0.138206 0)
(1.04342 0.129857 0)
(1.02267 0.117775 0)
(1.01104 0.104953 0)
(1.00617 0.0928101 0)
(0.996381 0.0813796 0)
(0.942745 0.0670478 0)
(0.78993 0.0487829 0)
(0.524226 0.0289272 0)
(0.232727 0.00923849 0)
(0.0378454 0.000725321 0)
(0.49013 0.0261308 5.77657e-20)
(0.958462 0.0590838 -4.35876e-20)
(1.17645 0.098907 0)
(1.24964 0.123354 3.29327e-20)
(1.25516 0.139587 -2.66926e-20)
(1.2272 0.156217 3.50315e-34)
(1.18653 0.165305 0)
(1.1472 0.171448 1.81786e-20)
(1.10727 0.173113 -5.94088e-20)
(1.06725 0.168957 1.20577e-20)
(1.03275 0.15844 0)
(1.01069 0.144594 -3.00565e-20)
(1.00037 0.131065 -3.58348e-20)
(0.994432 0.116573 6.26085e-20)
(0.969829 0.100133 -4.94076e-20)
(0.897262 0.0801777 0)
(0.727329 0.0574174 -1.78478e-20)
(0.453229 0.0318123 0)
(0.178836 0.0105222 -9.81999e-20)
(0.0199784 0.000924961 1.15879e-19)
(0.524065 0.0538615 -7.4759e-21)
(1.01793 0.102598 1.36804e-19)
(1.22318 0.148726 -9.50076e-21)
(1.28184 0.170634 -8.55033e-20)
(1.27844 0.187864 -5.65738e-20)
(1.24187 0.202409 9.18328e-20)
(1.19538 0.209164 0)
(1.1505 0.213154 0)
(1.10501 0.212453 9.47698e-20)
(1.06011 0.205709 0)
(1.02104 0.191948 1.09262e-19)
(0.992743 0.175723 3.22483e-20)
(0.972256 0.158369 3.58304e-22)
(0.953709 0.140067 -6.8456e-20)
(0.929324 0.122909 0)
(0.853679 0.102289 0)
(0.677005 0.0731645 -2.92385e-19)
(0.409585 0.0423762 7.32275e-19)
(0.161397 0.0139222 -4.34572e-19)
(0.0139187 0.00195695 -5.12739e-19)
(0.530555 0.0764908 -8.86422e-20)
(1.05308 0.159127 3.25855e-20)
(1.25791 0.209781 1.65082e-20)
(1.30725 0.229786 1.50074e-19)
(1.29636 0.244727 1.42118e-20)
(1.25316 0.254693 -2.40519e-19)
(1.20169 0.257813 8.10659e-20)
(1.15147 0.25889 0)
(1.10052 0.255455 -2.00943e-19)
(1.04934 0.245704 1.75989e-19)
(1.00394 0.229757 -2.9481e-19)
(0.971111 0.210865 1.37836e-19)
(0.949506 0.191606 -8.86002e-20)
(0.934364 0.174743 1.99838e-19)
(0.898741 0.154657 0)
(0.815817 0.127963 -7.29594e-20)
(0.645815 0.0937767 0)
(0.39902 0.0532109 4.04185e-19)
(0.162269 0.0219016 -9.5982e-19)
(0.0184414 0.00204056 6.01222e-19)
(0.522364 0.108229 2.7859e-19)
(1.06859 0.215532 -1.19337e-19)
(1.27739 0.274599 -2.41565e-20)
(1.32359 0.293828 0)
(1.30776 0.306306 -1.09475e-19)
(1.25999 0.311166 1.34402e-19)
(1.20427 0.309853 -8.67274e-20)
(1.14932 0.307176 0)
(1.09339 0.299671 1.42901e-19)
(1.03772 0.285885 -1.23866e-19)
(0.988948 0.266252 2.55492e-19)
(0.950875 0.244175 0)
(0.922235 0.224461 -1.88378e-19)
(0.894351 0.203262 1.06361e-19)
(0.862766 0.182025 2.67365e-19)
(0.787635 0.157257 -2.35204e-19)
(0.631253 0.119183 3.76373e-19)
(0.400684 0.07281 -8.33025e-19)
(0.177418 0.0322572 5.26197e-19)
(0.0284071 0.00513882 -6.5843e-19)
(0.509843 0.132438 -1.17132e-19)
(1.07505 0.270182 8.48311e-20)
(1.28734 0.340791 -7.94313e-20)
(1.33184 0.358995 1.48457e-19)
(1.3125 0.369003 -1.34329e-19)
(1.26182 0.369145 4.34942e-20)
(1.20302 0.363714 3.65434e-21)
(1.14418 0.357106 -1.65791e-19)
(1.08421 0.345878 -1.50248e-19)
(1.02377 0.328749 -2.6613e-19)
(0.96848 0.305055 -5.49191e-19)
(0.92624 0.28054 -1.68076e-19)
(0.896907 0.257968 2.42572e-21)
(0.875211 0.238312 -3.62695e-19)
(0.835315 0.216695 -6.32072e-21)
(0.758248 0.185912 3.41726e-19)
(0.61178 0.144077 -1.03287e-19)
(0.400305 0.0921344 -6.0141e-20)
(0.190377 0.0443063 0)
(0.0375264 0.00892728 1.39703e-18)
(0.491665 0.152897 0)
(1.06735 0.319393 -1.51731e-20)
(1.28858 0.403908 -1.84731e-20)
(1.33353 0.42288 -1.26178e-20)
(1.31174 0.431405 1.33471e-19)
(1.25919 0.427281 -9.96598e-20)
(1.19818 0.417862 9.53734e-20)
(1.13642 0.407237 2.71329e-19)
(1.07316 0.391754 -8.32626e-20)
(1.00846 0.369291 1.32827e-19)
(0.949791 0.342329 2.9512e-19)
(0.905405 0.315494 3.65741e-19)
(0.871022 0.291763 -2.1924e-19)
(0.836828 0.267034 3.91899e-19)
(0.80457 0.244883 -3.09964e-19)
(0.739 0.217743 0)
(0.605653 0.17183 -7.82862e-19)
(0.407103 0.114612 1.05383e-18)
(0.203671 0.0581763 7.86545e-20)
(0.0456835 0.0133558 -1.47187e-18)
(0.477445 0.173366 -5.1434e-21)
(1.05896 0.367834 7.61759e-20)
(1.28499 0.464754 1.366e-19)
(1.33018 0.484379 -1.53277e-19)
(1.3065 0.491651 1.06027e-19)
(1.25272 0.483969 -9.85899e-20)
(1.19002 0.471239 1.91322e-19)
(1.12586 0.457039 -8.34648e-20)
(1.05917 0.437719 -3.37676e-19)
(0.990918 0.412769 2.04048e-22)
(0.929164 0.3826 -3.19717e-19)
(0.880713 0.35069 -3.92313e-19)
(0.845086 0.324006 2.41004e-19)
(0.821169 0.301831 -1.40671e-19)
(0.782708 0.279 3.35611e-19)
(0.714391 0.244338 0)
(0.589368 0.197663 -4.84042e-19)
(0.406701 0.135212 7.14835e-19)
(0.211788 0.0713683 1.35598e-18)
(0.0511439 0.0175163 -1.59538e-18)
(0.462837 0.190786 6.93819e-20)
(1.04544 0.412075 -4.25924e-20)
(1.27741 0.522168 -1.09121e-19)
(1.32318 0.543268 1.60738e-19)
(1.29795 0.549753 1.16255e-20)
(1.24332 0.538917 -1.96495e-19)
(1.17959 0.523103 -1.09244e-19)
(1.11379 0.505515 -1.03631e-19)
(1.04557 0.482438 -1.88839e-19)
(0.975682 0.452469 3.03859e-19)
(0.910601 0.415112 3.24944e-19)
(0.860278 0.383323 6.23055e-19)
(0.823757 0.35484 0)
(0.78659 0.328816 5.96867e-21)
(0.755299 0.303167 -9.1813e-19)
(0.697651 0.275304 2.13609e-19)
(0.581793 0.22364 1.0425e-18)
(0.406928 0.156781 -3.07353e-19)
(0.21615 0.0836732 6.42216e-19)
(0.0543927 0.0211335 -5.36157e-20)
(0.453743 0.209495 5.90534e-21)
(1.03396 0.455247 -1.1942e-20)
(1.26766 0.576868 -6.5037e-20)
(1.31365 0.59914 2.11973e-19)
(1.28702 0.604816 -2.49792e-19)
(1.23175 0.59129 1.98249e-19)
(1.16706 0.572927 1.13539e-19)
(1.0997 0.552316 3.12787e-19)
(1.02861 0.525994 3.82637e-19)
(0.953405 0.492735 -3.47112e-19)
(0.885632 0.455533 0)
(0.834527 0.417949 -2.3375e-19)
(0.79698 0.386712 2.68367e-19)
(0.772956 0.360635 3.35886e-19)
(0.734446 0.335194 -1.94227e-19)
(0.672685 0.298212 -4.73321e-19)
(0.561947 0.247442 -1.41445e-19)
(0.397674 0.173766 -1.41235e-21)
(0.212105 0.0936513 0)
(0.0543366 0.0231188 0)
(0.445452 0.225145 -1.55274e-20)
(1.02142 0.495391 0)
(1.25634 0.628441 -5.37408e-20)
(1.30216 0.652513 9.05898e-21)
(1.27435 0.657473 2.76656e-19)
(1.21861 0.641385 -7.16756e-20)
(1.15327 0.620685 1.15791e-19)
(1.08473 0.597456 -2.13185e-19)
(1.01248 0.568226 2.91114e-19)
(0.938303 0.53152 -1.10986e-19)
(0.870532 0.488273 1.85354e-19)
(0.81585 0.447694 7.41112e-19)
(0.774742 0.415623 1.37941e-20)
(0.737302 0.384777 -3.50669e-19)
(0.707775 0.356562 6.46668e-19)
(0.655286 0.326054 4.36432e-21)
(0.550743 0.268156 1.51327e-19)
(0.389413 0.190031 -7.22565e-19)
(0.20525 0.100416 7.39293e-19)
(0.0519468 0.0246378 -8.76086e-19)
(0.439266 0.244207 3.49116e-23)
(1.00992 0.533858 0)
(1.24402 0.676913 0)
(1.28944 0.702632 -2.45673e-20)
(1.26064 0.706882 -8.79396e-20)
(1.20452 0.688726 9.73337e-20)
(1.13867 0.66608 -2.21836e-19)
(1.06937 0.640441 0)
(0.995555 0.608442 -4.2767e-19)
(0.916939 0.568961 5.01143e-19)
(0.841942 0.523172 5.24263e-19)
(0.787076 0.479101 -2.7148e-19)
(0.750011 0.441097 -3.26354e-19)
(0.723471 0.413312 7.64147e-19)
(0.687876 0.384972 -2.29626e-19)
(0.630642 0.342641 -2.7418e-19)
(0.529215 0.286303 -1.64313e-19)
(0.375742 0.201328 -7.78525e-19)
(0.19633 0.104666 1.126e-19)
(0.0481952 0.0252346 9.45117e-19)
(0.435774 0.262611 -1.47015e-20)
(0.999235 0.570314 -1.16309e-20)
(1.23112 0.722733 2.34224e-20)
(1.27585 0.750347 -1.14857e-22)
(1.2462 0.753911 -7.21742e-20)
(1.18984 0.73362 1.71517e-19)
(1.12366 0.709099 0)
(1.05347 0.681423 1.27163e-19)
(0.97797 0.647271 -1.0027e-19)
(0.897938 0.604934 8.3601e-19)
(0.825471 0.554323 -1.19795e-19)
(0.769481 0.507647 1.35102e-19)
(0.725215 0.470101 0)
(0.689348 0.43412 -4.13182e-19)
(0.660284 0.400883 4.98905e-19)
(0.612166 0.366626 0)
(0.514479 0.300362 -3.54748e-19)
(0.360196 0.211161 1.04244e-18)
(0.185146 0.106803 1.22779e-19)
(0.0434753 0.0249247 -1.16293e-18)
(0.433814 0.279422 -4.65591e-20)
(0.989332 0.604835 6.0405e-20)
(1.21801 0.765525 0)
(1.26196 0.794778 -3.61528e-20)
(1.23159 0.797744 0)
(1.175 0.775834 -2.0847e-19)
(1.10838 0.749853 0)
(1.03732 0.720338 0)
(0.960486 0.684062 -1.28936e-19)
(0.878481 0.639405 -7.93519e-19)
(0.801131 0.588071 -9.66835e-19)
(0.73909 0.537914 1.56694e-19)
(0.699581 0.492627 5.62725e-19)
(0.6739 0.458143 4.53806e-19)
(0.639744 0.425621 -1.6008e-18)
(0.586211 0.376596 -6.43184e-19)
(0.489864 0.313235 3.7628e-19)
(0.342027 0.215754 0)
(0.173074 0.107098 1.05677e-18)
(0.0385549 0.0236772 -1.25272e-18)
(0.432526 0.295097 6.26297e-20)
(0.979953 0.637548 -7.61232e-20)
(1.20503 0.80586 0)
(1.24793 0.836975 -1.06673e-20)
(1.21686 0.839441 2.14353e-20)
(1.16001 0.815816 0)
(1.09308 0.788283 6.76231e-20)
(1.02142 0.757205 8.5645e-20)
(0.943635 0.719426 -2.45995e-19)
(0.85969 0.673032 1.06531e-19)
(0.779224 0.617048 0)
(0.718922 0.562116 6.49833e-19)
(0.675064 0.517481 4.67652e-21)
(0.637686 0.475412 2.447e-19)
(0.611018 0.434872 2.90326e-19)
(0.565756 0.395923 0)
(0.472913 0.320109 -6.17186e-19)
(0.324014 0.219491 1.2116e-18)
(0.160419 0.105641 -1.28259e-18)
(0.0337715 0.022035 2.69815e-18)
(0.431486 0.310181 0)
(0.971153 0.668737 0)
(1.19235 0.843428 -3.15745e-20)
(1.23408 0.876045 0)
(1.20234 0.878084 0)
(1.14532 0.853261 -1.89793e-19)
(1.07817 0.824667 6.96441e-20)
(1.00591 0.792102 1.74554e-20)
(0.926679 0.752887 -5.73679e-20)
(0.840457 0.704679 0)
(0.75845 0.647996 -1.46037e-19)
(0.69335 0.592123 -5.29433e-19)
(0.646669 0.538785 -6.35083e-19)
(0.62129 0.495397 -2.54507e-19)
(0.58944 0.456393 3.14906e-19)
(0.539121 0.398432 -7.42777e-19)
(0.446527 0.327219 1.32817e-18)
(0.303797 0.218063 3.82793e-21)
(0.147863 0.102704 -1.23166e-18)
(0.0295328 0.0201694 -1.82097e-19)
(0.43054 0.324918 0)
(0.962888 0.698489 -6.60611e-20)
(1.18002 0.878916 4.41793e-20)
(1.22042 0.913179 0)
(1.18809 0.914849 0)
(1.13091 0.888699 3.88784e-19)
(1.06357 0.858862 0)
(0.990781 0.825155 0)
(0.910319 0.784658 -5.40452e-19)
(0.821828 0.7354 1.44015e-19)
(0.735099 0.676227 -1.30106e-18)
(0.667195 0.613945 0)
(0.621929 0.561819 -6.86919e-19)
(0.582655 0.511164 1.09586e-20)
(0.556906 0.459161 -1.01044e-18)
(0.516076 0.411771 3.9987e-19)
(0.429275 0.32527 2.36662e-21)
(0.287853 0.216022 -1.40054e-18)
(0.137349 0.098826 6.64165e-19)
(0.0257109 0.018352 1.94907e-19)
(0.429675 0.339281 0)
(0.955221 0.726842 -1.06769e-19)
(1.16814 0.912032 4.65092e-20)
(1.2072 0.947464 1.7631e-20)
(1.1743 0.948752 -3.56454e-20)
(1.11702 0.921738 4.2697e-20)
(1.04955 0.89118 -4.87365e-20)
(0.976143 0.856339 5.44896e-19)
(0.894509 0.815005 5.78131e-19)
(0.804806 0.76502 1.10732e-18)
(0.718239 0.704965 1.08118e-18)
(0.647253 0.643957 1.88554e-19)
(0.59176 0.583555 9.87978e-19)
(0.563053 0.528029 6.0741e-19)
(0.5324 0.477693 7.25317e-19)
(0.487499 0.404224 -4.38125e-19)
(0.402013 0.323122 -5.12495e-19)
(0.26989 0.204664 5.99983e-19)
(0.128703 0.0946457 -3.55719e-19)
(0.0262066 0.0218882 6.30913e-19)
(0.428869 0.353172 1.59116e-19)
(0.947945 0.753668 1.65406e-19)
(1.1566 0.943289 2.92313e-20)
(1.19431 0.980059 1.62944e-20)
(1.16092 0.981023 8.2171e-20)
(1.10356 0.952991 -1.0921e-19)
(1.03597 0.9215 4.83703e-20)
(0.962229 0.885862 -2.08522e-20)
(0.879793 0.843584 -6.73406e-19)
(0.787921 0.792716 -1.19986e-18)
(0.694535 0.731335 7.55667e-20)
(0.616541 0.6662 0)
(0.566353 0.605501 0)
(0.520617 0.544709 -3.16665e-19)
(0.493287 0.473921 -1.1838e-18)
(0.458273 0.409543 9.43822e-19)
(0.387587 0.300997 5.61478e-19)
(0.27336 0.186582 0)
(0.139374 0.0713626 1.13455e-18)
(0.0199412 -0.00226556 -6.7521e-19)
(0.428125 0.36643 -8.39679e-20)
(0.941137 0.779108 7.52788e-20)
(1.14556 0.972478 -7.5969e-20)
(1.18196 1.01007 -4.38252e-20)
(1.14811 1.01063 1.33612e-20)
(1.09072 0.98197 -3.33018e-20)
(1.02316 0.950058 0)
(0.94905 0.913693 -6.86097e-19)
(0.865698 0.87105 8.3141e-20)
(0.77229 0.820211 0)
(0.67981 0.759294 0)
(0.602487 0.69554 1.18839e-19)
(0.534789 0.629072 1.58355e-19)
(0.497561 0.560199 -3.41281e-19)
(0.462575 0.492946 8.49861e-19)
(0.419697 0.389965 -1.02744e-18)
(0.350335 0.282632 -1.2007e-18)
(0.267784 0.162451 1.06205e-18)
(0.184784 0.104034 -4.05207e-19)
(0.114219 0.0830408 2.36227e-19)
(0.427261 0.378898 1.11609e-19)
(0.934475 0.802925 0)
(1.1348 0.999891 0)
(1.16997 1.03856 -8.22109e-21)
(1.13576 1.03882 6.65554e-21)
(1.0784 1.00937 -2.09904e-20)
(1.01085 0.976789 2.06115e-19)
(0.936567 0.939915 7.11904e-19)
(0.852483 0.89666 1.22576e-18)
(0.757515 0.845046 -8.94134e-20)
(0.659384 0.783604 1.83064e-19)
(0.570404 0.717929 -1.06552e-18)
(0.509862 0.652298 -1.05221e-18)
(0.450885 0.581899 -1.8267e-19)
(0.409761 0.486218 0)
(0.374116 0.396704 -9.80215e-21)
(0.318888 0.22065 6.57736e-19)
(0.278495 0.0619086 -1.11394e-18)
(0.238631 -0.069517 8.4812e-19)
(0.0810809 -0.0957015 7.06717e-19)
(0.426354 0.390875 -2.4887e-19)
(0.928159 0.825566 -1.14614e-19)
(1.12449 1.02566 6.82544e-21)
(1.15847 1.06495 3.6733e-20)
(1.12385 1.06485 0)
(1.06651 1.035 -1.61136e-19)
(0.999071 1.00231 -2.89328e-19)
(0.924542 0.965146 4.0964e-21)
(0.839831 0.922022 -6.43926e-19)
(0.743293 0.871283 -8.7746e-20)
(0.644245 0.811842 8.14999e-20)
(0.559256 0.748486 9.35424e-19)
(0.477553 0.680189 1.02729e-18)
(0.424279 0.599622 1.77357e-19)
(0.373387 0.517387 9.04183e-19)
(0.303059 0.372568 0)
(0.18892 0.20798 0)
(0.0178981 0.230671 7.69048e-19)
(-0.075402 0.628996 -3.18016e-20)
(0.00449635 1.52669 -9.35482e-19)
(0.425264 0.402205 1.3863e-19)
(0.921924 0.846803 3.09569e-19)
(1.11437 1.04999 -4.01168e-19)
(1.14719 1.09038 1.76109e-19)
(1.11223 1.09021 8.08035e-21)
(1.05491 1.05993 -1.29721e-19)
(0.987467 1.02698 0)
(0.912776 0.989802 -5.99176e-19)
(0.827253 0.946703 0)
(0.729296 0.895758 1.25277e-18)
(0.625882 0.835872 -9.7316e-20)
(0.52705 0.773005 1.09117e-19)
(0.453677 0.709036 1.17019e-18)
(0.371245 0.638503 -3.82614e-19)
(0.281872 0.522154 -4.60708e-19)
(0.205694 0.431539 0)
(0.0968644 0.535522 0)
(0.0294299 1.30136 0)
(0.0742519 2.45067 -4.37676e-19)
(0.102997 2.90467 -2.68046e-19)
(0.424029 0.41297 0)
(0.916053 0.867006 0)
(1.10475 1.073 1.48246e-19)
(1.13645 1.114 -1.39902e-19)
(1.10109 1.11367 3.39625e-20)
(1.04376 1.08332 1.28938e-19)
(0.976417 1.05068 3.64395e-20)
(0.901554 1.01379 -2.83714e-20)
(0.815686 0.971495 8.9704e-20)
(0.716325 0.922516 -1.43797e-18)
(0.610877 0.866506 1.77985e-19)
(0.517847 0.808461 9.30505e-19)
(0.419848 0.746013 -1.1671e-18)
(0.343939 0.660596 -1.26867e-18)
(0.270342 0.585874 4.27335e-19)
(0.199283 0.711792 0)
(0.130415 1.53116 5.97321e-19)
(0.129917 2.68464 6.65266e-19)
(0.137633 3.08495 -7.44263e-19)
(0.128725 3.22078 8.06488e-19)
(0.422601 0.42327 0)
(0.910198 0.88572 2.87352e-19)
(1.09528 1.09452 -3.65657e-20)
(1.12598 1.13668 2.15924e-19)
(1.0903 1.13653 -3.56492e-20)
(1.03301 1.10606 0)
(0.965659 1.07347 0)
(0.890656 1.03694 0)
(0.803997 0.995273 5.21694e-19)
(0.703329 0.946678 6.78722e-20)
(0.595153 0.890342 0)
(0.487336 0.833437 -9.26898e-19)
(0.405308 0.777998 0)
(0.294987 0.713928 9.09077e-19)
(0.21073 0.785885 -6.10016e-19)
(0.162225 1.45578 -4.91223e-19)
(0.16476 2.67329 -1.16083e-18)
(0.185518 3.12647 -6.15302e-19)
(0.176122 3.26891 -8.50961e-19)
(0.161558 3.30944 6.65577e-19)
(0.421156 0.432758 -1.02259e-19)
(0.904751 0.90358 1.54183e-20)
(1.08638 1.11501 -4.16421e-20)
(1.1161 1.15778 -1.62677e-19)
(1.08002 1.15764 0)
(1.02272 1.12736 0)
(0.955463 1.09539 0)
(0.880369 1.05952 4.14957e-20)
(0.79366 1.01914 -6.57975e-19)
(0.692235 0.973448 0)
(0.582146 0.92309 0)
(0.483855 0.873631 0)
(0.369348 0.819793 0)
(0.306701 0.803864 6.64032e-19)
(0.276362 1.17786 1.62989e-18)
(0.259182 2.36559 4.8436e-19)
(0.270441 3.0827 9.86889e-19)
(0.264435 3.28636 -7.62222e-19)
(0.214857 3.35291 2.83926e-19)
(0.181652 3.36549 0)
(0.41954 0.441888 1.06195e-19)
(0.899049 0.920379 -6.482e-19)
(1.07734 1.13454 -1.69467e-19)
(1.10622 1.17859 -3.53174e-20)
(1.06988 1.17885 6.93061e-21)
(1.01266 1.14868 4.83934e-20)
(0.945418 1.11694 -1.29283e-20)
(0.870242 1.08167 -4.98698e-19)
(0.782878 1.0423 0)
(0.680551 0.997593 -8.34716e-20)
(0.569645 0.947011 7.5933e-20)
(0.455466 0.897125 0)
(0.372683 0.860235 0)
(0.321634 0.985534 -8.30145e-19)
(0.282545 1.85008 1.05508e-19)
(0.277879 2.93868 -3.67836e-19)
(0.29824 3.29105 7.72228e-19)
(0.271417 3.39069 5.72217e-19)
(0.204698 3.41552 -7.96864e-19)
(0.179447 3.4246 3.97021e-19)
(0.41763 0.451164 2.11802e-19)
(0.893243 0.938019 6.38094e-19)
(1.06813 1.15497 2.012e-19)
(1.09615 1.19954 0)
(1.05948 1.19979 0)
(1.00233 1.16982 -3.55586e-20)
(0.935288 1.13882 1.4341e-19)
(0.860264 1.10435 4.46524e-19)
(0.773299 1.06642 2.74798e-20)
(0.670979 1.02511 1.09156e-18)
(0.557839 0.981443 -1.25e-18)
(0.452413 0.939469 0)
(0.372385 0.943629 0)
(0.340934 1.34654 -5.69748e-19)
(0.342988 2.47274 -6.83057e-19)
(0.385719 3.19909 0)
(0.410673 3.37499 -8.01947e-19)
(0.340824 3.43852 3.552e-20)
(0.269445 3.48281 4.1848e-19)
(0.246162 3.50833 -1.49097e-19)
(0.415225 0.460853 -4.05196e-19)
(0.886364 0.955886 -3.07886e-19)
(1.05774 1.17582 0)
(1.08507 1.22171 0)
(1.04829 1.22236 0)
(0.991396 1.19238 0)
(0.924587 1.1614 -1.61689e-19)
(0.84975 1.12743 4.14834e-19)
(0.76251 1.09052 0)
(0.659862 1.05027 -9.95022e-19)
(0.549321 1.00679 2.24703e-18)
(0.439848 0.971697 9.07996e-20)
(0.385307 1.05578 1.18282e-19)
(0.391248 1.7411 9.33164e-19)
(0.410101 2.89338 -5.06073e-19)
(0.447224 3.32441 0)
(0.429552 3.45056 2.2753e-19)
(0.343015 3.53839 9.40831e-20)
(0.264425 3.60377 1.38698e-19)
(0.189098 3.58337 1.36117e-20)
(0.412385 0.470866 1.93894e-19)
(0.879131 0.975509 -3.20561e-19)
(1.04686 1.19853 0)
(1.0734 1.24457 -4.95679e-20)
(1.03639 1.24494 1.60161e-19)
(0.979734 1.2149 0)
(0.913398 1.18456 0)
(0.839136 1.15122 -7.29283e-19)
(0.752885 1.11564 -6.62405e-20)
(0.651376 1.07885 9.88376e-19)
(0.535459 1.04218 -1.06995e-18)
(0.44852 1.02711 6.15675e-19)
(0.411781 1.24129 0)
(0.433482 2.17673 -4.965e-19)
(0.475124 3.14493 3.22838e-19)
(0.536525 3.42977 2.09921e-19)
(0.529806 3.52782 0)
(0.465197 3.61278 -2.81144e-20)
(0.392948 3.65545 -3.9749e-19)
(0.311122 3.6264 -9.04337e-20)
(0.408744 0.481219 -3.9232e-19)
(0.870368 0.995069 4.60555e-19)
(1.03445 1.22132 3.08564e-19)
(1.06049 1.26864 -7.51224e-20)
(1.02353 1.26931 -2.45906e-19)
(0.967395 1.23906 0)
(0.901621 1.20842 -4.7041e-20)
(0.8279 1.17539 2.70543e-19)
(0.74187 1.14064 3.99434e-20)
(0.640545 1.10461 -8.53785e-19)
(0.52945 1.06997 -5.81248e-20)
(0.450524 1.08092 -6.95358e-19)
(0.446263 1.4626 7.55239e-19)
(0.50197 2.53678 1.67249e-19)
(0.568925 3.30684 -2.99433e-19)
(0.622825 3.48292 1.69419e-19)
(0.583062 3.53791 0)
(0.523097 3.54342 0)
(0.426407 3.50994 -6.82239e-19)
(0.193182 3.30246 1.25208e-18)
(0.404666 0.491321 1.89252e-19)
(0.86117 1.01687 4.58383e-19)
(1.02156 1.24657 -3.2055e-19)
(1.04697 1.29355 2.71941e-19)
(1.00991 1.2935 2.6836e-19)
(0.954283 1.26286 0)
(0.889363 1.23268 6.16396e-20)
(0.816739 1.19999 2.52562e-19)
(0.732328 1.16624 0)
(0.633573 1.13321 0)
(0.524275 1.1082 0)
(0.462148 1.1639 0)
(0.491832 1.69677 -8.52814e-19)
(0.566 2.84484 -2.23365e-19)
(0.640288 3.40261 0)
(0.683166 3.49986 -3.65033e-20)
(0.681254 3.50536 0)
(0.757148 3.34901 1.39097e-19)
(0.853103 2.98265 -1.8028e-18)
(0.452741 2.6083 1.88967e-18)
(0.399057 0.501461 -3.89964e-19)
(0.849849 1.03808 -2.95497e-19)
(1.00663 1.27137 -2.15964e-19)
(1.0319 1.31962 -2.54338e-19)
(0.99513 1.31973 -1.33282e-19)
(0.940419 1.28866 0)
(0.876483 1.25777 1.87589e-20)
(0.804826 1.22518 -5.37432e-20)
(0.721227 1.192 -2.97276e-19)
(0.622944 1.15947 0)
(0.522709 1.13954 5.66228e-20)
(0.479902 1.25131 -6.43954e-20)
(0.540665 1.94382 0)
(0.638115 3.07071 2.91327e-19)
(0.729186 3.44303 0)
(0.76378 3.48207 -9.39619e-20)
(0.768284 3.3972 2.62834e-19)
(0.761104 3.01953 -1.37236e-19)
(0.515945 2.01419 2.77525e-19)
(-0.34757 0.510398 -6.80895e-19)
(0.392613 0.511898 -1.33791e-20)
(0.837782 1.06201 -1.53476e-19)
(0.990981 1.29961 2.96629e-19)
(1.01587 1.34718 -1.92681e-20)
(0.979189 1.34621 -4.65968e-20)
(0.925288 1.31447 0)
(0.862625 1.28405 1.08248e-20)
(0.792616 1.25163 -1.54363e-19)
(0.711415 1.2194 5.3804e-19)
(0.614346 1.18935 -6.07109e-19)
(0.5245 1.18378 -6.89068e-19)
(0.503821 1.36998 0)
(0.596432 2.23318 4.48499e-19)
(0.70717 3.21513 -6.45737e-20)
(0.782182 3.42929 2.13778e-20)
(0.788579 3.42499 0)
(0.717572 3.19155 -1.40222e-19)
(0.548358 2.41958 1.51595e-19)
(0.111742 0.667904 -1.8002e-19)
(-0.253979 -0.409981 -1.6846e-19)
(0.384053 0.521204 3.67684e-19)
(0.822893 1.08456 -1.51543e-19)
(0.972562 1.32658 2.14135e-19)
(0.997844 1.37583 1.63854e-19)
(0.961718 1.37516 9.54574e-20)
(0.909231 1.34305 1.56202e-19)
(0.848025 1.31173 -4.38616e-20)
(0.779525 1.27944 9.51616e-20)
(0.699684 1.24779 -4.20858e-19)
(0.603911 1.2197 2.73487e-20)
(0.529273 1.22503 1.01671e-19)
(0.53751 1.50637 -4.51013e-19)
(0.654564 2.50254 1.28833e-19)
(0.767565 3.28967 -2.43873e-19)
(0.829516 3.40006 5.09705e-20)
(0.809671 3.32224 7.47566e-20)
(0.686129 2.88975 -1.98996e-19)
(0.42546 1.68112 1.30585e-19)
(0.0648098 0.0600228 0)
(-0.0795618 -0.169505 -2.8757e-19)
(0.374432 0.53051 0)
(0.806735 1.10961 -5.76227e-19)
(0.953284 1.35778 2.38185e-20)
(0.97866 1.40628 -2.63677e-19)
(0.942883 1.40422 0)
(0.891624 1.37123 -1.18035e-19)
(0.83225 1.34047 6.43448e-20)
(0.766035 1.30831 -8.90216e-20)
(0.689724 1.27762 3.25337e-19)
(0.597957 1.25327 4.46169e-19)
(0.535278 1.28035 5.41125e-19)
(0.56863 1.66345 4.69493e-20)
(0.708517 2.73799 -3.3483e-19)
(0.821398 3.32288 6.28435e-21)
(0.860947 3.36022 1.99192e-20)
(0.786773 3.16164 6.60278e-20)
(0.546062 2.364 8.41093e-20)
(0.12167 0.469602 -9.96831e-20)
(-0.134319 -0.245433 0)
(-0.114625 -0.208131 0)
(0.361975 0.537528 -3.59242e-19)
(0.78688 1.132 5.76475e-19)
(0.930544 1.38618 0)
(0.957052 1.43715 0)
(0.9221 1.43559 0)
(0.87304 1.40232 0)
(0.815734 1.37052 -4.47496e-20)
(0.751855 1.33841 -1.56431e-20)
(0.677641 1.30828 -2.7461e-20)
(0.591995 1.28668 4.75446e-20)
(0.542404 1.33887 -4.75041e-19)
(0.611378 1.83237 3.30646e-19)
(0.769661 2.93373 0)
(0.865255 3.3262 3.67819e-20)
(0.881916 3.30015 4.11884e-20)
(0.743706 2.88968 -1.50172e-20)
(0.4143 1.73525 1.01957e-19)
(0.0141217 -0.0234175 5.5811e-20)
(-0.162845 -0.205451 -2.34852e-19)
(-0.060102 -0.139126 -2.74561e-19)
(0.347114 0.543402 1.83659e-19)
(0.764298 1.15512 2.69472e-19)
(0.906983 1.41931 -9.21897e-21)
(0.933948 1.47004 1.4423e-19)
(0.899697 1.46671 0)
(0.852532 1.43239 2.44046e-19)
(0.797743 1.40108 -4.27838e-20)
(0.736812 1.36906 9.84204e-21)
(0.666124 1.33955 -3.50146e-20)
(0.587873 1.32358 3.65054e-20)
(0.554444 1.40761 3.18522e-19)
(0.649308 2.02876 -1.66325e-19)
(0.814543 3.05676 -1.37387e-19)
(0.897508 3.31268 -5.2879e-21)
(0.887403 3.19854 -1.90194e-20)
(0.663238 2.56517 1.31036e-19)
(0.214005 0.836886 -7.44339e-20)
(-0.0775647 -0.275748 1.13277e-19)
(-0.140215 -0.229772 -3.44375e-19)
(-0.0617826 -0.136043 2.38837e-19)
(0.328459 0.545586 -1.71793e-19)
(0.737598 1.17425 0)
(0.879319 1.44756 -1.9686e-19)
(0.907788 1.50223 -2.79431e-19)
(0.874686 1.4997 0)
(0.83095 1.46521 -1.92714e-19)
(0.778832 1.43277 0)
(0.721251 1.40039 -6.9349e-20)
(0.652028 1.37163 -5.59882e-20)
(0.584744 1.36002 1.40637e-19)
(0.567876 1.48431 -1.83016e-19)
(0.698879 2.22559 8.96859e-20)
(0.86557 3.13478 2.29439e-19)
(0.935129 3.29286 -7.60865e-22)
(0.874518 3.07084 -1.97073e-20)
(0.555088 2.13243 -4.41851e-20)
(0.0926082 0.16529 1.11055e-19)
(-0.168048 -0.288493 -1.25227e-19)
(-0.108009 -0.216823 4.19546e-22)
(-0.0409698 -0.0767127 -2.4865e-20)
(0.307041 0.544923 3.44027e-19)
(0.708276 1.19325 -2.61214e-19)
(0.850533 1.48001 2.1299e-19)
(0.879408 1.53642 1.35158e-19)
(0.847977 1.53189 2.75184e-20)
(0.807056 1.49616 1.28936e-19)
(0.758101 1.46398 0)
(0.704321 1.43164 -3.65129e-20)
(0.639577 1.40369 0)
(0.581268 1.4002 -1.31536e-19)
(0.584234 1.56504 1.78376e-19)
(0.737696 2.39636 -1.12764e-20)
(0.899415 3.17732 -1.0513e-19)
(0.949069 3.25169 2.95424e-20)
(0.839791 2.87713 -6.02659e-21)
(0.429938 1.64246 5.41392e-20)
(-0.0475693 -0.109132 -1.70486e-19)
(-0.226711 -0.267647 -9.96819e-20)
(-0.123999 -0.24049 -4.07388e-20)
(-0.0577012 -0.0715564 1.86932e-19)
(0.281767 0.537846 4.27659e-21)
(0.674387 1.20613 1.35415e-19)
(0.816276 1.50466 0)
(0.847195 1.56786 2.54199e-19)
(0.818015 1.5652 -3.55967e-19)
(0.781822 1.5294 1.31901e-19)
(0.736101 1.49611 -8.48711e-20)
(0.68691 1.46262 5.60084e-20)
(0.625236 1.43594 -4.24648e-20)
(0.577943 1.43834 -9.90359e-21)
(0.601165 1.64842 7.75927e-20)
(0.786722 2.55208 1.01553e-19)
(0.937639 3.1942 3.72882e-20)
(0.971828 3.20755 -3.68846e-20)
(0.796816 2.68354 -5.62391e-20)
(0.303415 1.13124 1.09784e-19)
(-0.0859522 -0.235492 -1.14871e-19)
(-0.251006 -0.308146 7.46402e-20)
(-0.135906 -0.28916 7.08961e-22)
(-0.0755285 -0.0978195 -1.69689e-19)
(0.253218 0.523957 6.44255e-19)
(0.636157 1.21453 -1.35841e-19)
(0.780214 1.53247 -3.6342e-19)
(0.812344 1.60042 2.95019e-19)
(0.786818 1.59684 -1.53965e-19)
(0.753777 1.55953 2.55517e-19)
(0.711821 1.52625 1.26937e-19)
(0.667847 1.4928 0)
(0.612886 1.46673 4.79603e-20)
(0.573055 1.47932 -6.39094e-21)
(0.61857 1.72835 -2.80724e-20)
(0.821581 2.66453 -5.38184e-20)
(0.958737 3.19633 2.18403e-20)
(0.964639 3.14762 8.93085e-21)
(0.728279 2.45024 -8.94352e-20)
(0.214243 0.642567 -4.63548e-20)
(-0.0807013 -0.271708 1.28948e-19)
(-0.193405 -0.348977 5.18101e-20)
(-0.127322 -0.312149 1.67592e-20)
(-0.0696133 -0.119161 1.46381e-19)
(0.220378 0.499171 0)
(0.592313 1.21337 1.26465e-19)
(0.737232 1.54886 -1.64275e-19)
(0.773338 1.62758 2.87215e-19)
(0.75182 1.62819 -3.43122e-19)
(0.72361 1.59131 1.4302e-19)
(0.685946 1.55687 0)
(0.647311 1.52146 0)
(0.599528 1.49546 0)
(0.566628 1.51572 5.69155e-21)
(0.633713 1.7968 -5.33489e-21)
(0.861811 2.75637 5.62054e-21)
(0.981936 3.20201 4.46428e-20)
(0.97795 3.08849 4.14778e-20)
(0.699814 2.28877 -6.69476e-20)
(0.206646 0.388676 6.88198e-20)
(-0.0606248 -0.239856 5.21453e-21)
(-0.13158 -0.349599 -1.07585e-19)
(-0.10417 -0.304438 1.32962e-20)
(-0.0240553 -0.11029 0)
(0.18397 0.461659 5.93811e-19)
(0.542429 1.20007 -1.1826e-19)
(0.692309 1.56619 4.61888e-21)
(0.731918 1.65506 0)
(0.715422 1.65594 -1.64845e-19)
(0.69033 1.61836 1.81232e-20)
(0.657217 1.58366 0)
(0.62537 1.54825 3.65365e-20)
(0.585679 1.52181 -2.88295e-20)
(0.559733 1.55053 0)
(0.647096 1.85281 0)
(0.885755 2.80448 -1.5956e-20)
(0.996458 3.20464 -7.8815e-20)
(0.948624 3.03802 -3.3704e-20)
(0.606998 2.06578 -1.67133e-20)
(0.0126928 0.20919 1.62465e-20)
(-0.194028 -0.151227 0)
(-0.179453 -0.303682 -5.0663e-20)
(-0.118096 -0.275177 -1.09267e-19)
(0.0362012 0.0273257 2.44662e-19)
(0.143967 0.407371 4.90786e-19)
(0.486602 1.17167 -1.13642e-19)
(0.639177 1.56577 1.57665e-19)
(0.685439 1.6735 -3.92517e-19)
(0.673951 1.68125 0)
(0.654551 1.64641 0)
(0.626783 1.61019 0)
(0.600973 1.57246 3.9219e-20)
(0.570248 1.54356 -3.09361e-20)
(0.550136 1.57533 0)
(0.65476 1.88721 0)
(0.920487 2.84167 8.79015e-20)
(1.0143 3.2208 -5.8712e-20)
(0.92473 3.04904 6.32537e-20)
(0.532377 1.98734 1.57288e-19)
(-0.143135 0.358099 0)
(-0.396305 -0.191794 -6.80533e-20)
(-0.429747 -0.486929 -2.53364e-20)
(-0.342739 -0.500411 3.6977e-19)
(-0.0375977 -0.0347302 -4.28427e-19)
(0.102121 0.334153 -4.56161e-19)
(0.423057 1.1181 1.21227e-19)
(0.584035 1.56175 3.37163e-19)
(0.636595 1.69019 2.22843e-19)
(0.630109 1.70033 -1.80501e-19)
(0.615872 1.66773 -1.14604e-19)
(0.592569 1.63073 7.50681e-20)
(0.574341 1.59297 0)
(0.553281 1.56137 0)
(0.53735 1.5913 0)
(0.655196 1.89564 -4.58837e-20)
(0.942563 2.82201 -9.57802e-20)
(1.05921 3.21978 8.13268e-20)
(0.972318 3.08196 -3.21597e-20)
(0.580691 2.00577 8.50396e-20)
(-0.0775992 0.507342 0)
(-0.443191 -0.228422 2.01756e-19)
(-0.525313 -0.872158 -8.46934e-19)
(-0.547659 -1.04304 1.90964e-18)
(-0.26962 -0.774632 -1.05173e-18)
(0.0571172 0.240025 4.82608e-19)
(0.352324 1.04033 -3.965e-19)
(0.517747 1.5276 0)
(0.580943 1.69145 1.11438e-19)
(0.581612 1.71529 7.86221e-20)
(0.573957 1.68875 1.61153e-19)
(0.556276 1.65016 -7.01721e-20)
(0.543871 1.60911 0)
(0.532655 1.57343 0)
(0.524482 1.59713 -9.35369e-20)
(0.645079 1.87567 -7.15868e-22)
(0.97007 2.79012 5.34701e-20)
(1.1445 3.20517 1.62682e-20)
(1.16376 3.13369 3.31943e-19)
(0.911276 2.33721 -8.13881e-19)
(0.401057 0.88221 1.18026e-18)
(-0.105836 -0.128423 -8.49672e-19)
(-0.405791 -1.00686 0)
(-0.513881 -1.36047 -3.70699e-20)
(-0.346295 -1.29319 1.68617e-18)
(0.0195205 0.152697 4.9388e-19)
(0.269568 0.918479 0)
(0.450102 1.48155 0)
(0.522608 1.68636 0)
(0.530518 1.72126 6.36548e-20)
(0.528349 1.70036 -1.60888e-19)
(0.514876 1.66111 -6.67761e-20)
(0.508867 1.62016 0)
(0.507203 1.57795 0)
(0.507092 1.59018 5.93225e-20)
(0.621707 1.82139 1.86602e-20)
(0.970587 2.65684 -2.40655e-20)
(1.25002 3.10873 1.77286e-20)
(1.33636 2.99265 8.37512e-20)
(1.2612 2.54009 -2.58827e-19)
(0.969867 1.57406 2.1811e-19)
(0.527926 0.535682 -3.00932e-19)
(0.0946735 -0.358643 0)
(-0.167448 -1.36573 3.55644e-20)
(-0.317646 -1.50621 3.64356e-19)
(-0.000798752 0.083687 -4.60045e-19)
(0.180572 0.757488 1.58519e-19)
(0.369272 1.37934 2.40983e-19)
(0.457715 1.65396 -1.74653e-20)
(0.475688 1.72001 -1.42907e-19)
(0.478944 1.71041 -8.53911e-20)
(0.470397 1.67162 1.86744e-19)
(0.467295 1.62536 -6.9766e-21)
(0.472973 1.57445 0)
(0.48115 1.57053 1.61743e-20)
(0.572892 1.72887 2.53164e-21)
(0.886398 2.47636 6.87468e-21)
(1.20292 2.94633 0)
(1.27712 2.87664 -1.51236e-20)
(1.21756 2.55752 0)
(1.07538 1.89555 -1.72346e-20)
(0.711088 0.931397 5.88002e-20)
(0.406979 0.0529861 0)
(0.103482 -0.711679 0)
(-0.0506736 -0.946346 -5.46457e-19)
(-0.00331063 0.0257999 3.65437e-19)
(0.093537 0.499881 -1.36909e-19)
(0.299443 1.25034 1.07046e-19)
(0.391615 1.60238 -1.66887e-19)
(0.416913 1.70496 6.46689e-20)
(0.424048 1.70547 -2.049e-20)
(0.419594 1.67397 1.12956e-20)
(0.417573 1.62665 -2.59559e-20)
(0.424738 1.56547 -1.46184e-20)
(0.440748 1.53836 -3.07855e-21)
(0.488166 1.62421 6.54051e-21)
(0.692557 2.1743 0)
(1.01795 2.7846 2.42199e-20)
(1.07185 2.75843 0)
(1.06123 2.5779 0)
(0.976008 2.18395 0)
(0.737256 1.50674 6.61385e-19)
(0.468171 0.797665 -1.63636e-18)
(0.214157 0.171032 1.0891e-20)
(0.0172921 -0.262729 1.16906e-18)
(0.00472238 -0.0303638 6.37848e-20)
(0.0287464 0.213069 5.98394e-20)
(0.207809 1.00047 -4.87535e-20)
(0.321351 1.50148 -3.5775e-20)
(0.355658 1.67868 2.89231e-20)
(0.365152 1.69848 1.91319e-20)
(0.363407 1.67702 1.2523e-20)
(0.357339 1.62324 0)
(0.360184 1.5538 -5.42498e-21)
(0.37031 1.50432 -1.67082e-21)
(0.381153 1.54071 -3.43598e-21)
(0.449146 1.90157 0)
(0.74165 2.60788 1.4895e-20)
(0.759121 2.69942 -4.30456e-20)
(0.735146 2.63665 0)
(0.68555 2.42742 0)
(0.557026 2.00479 -4.07609e-20)
(0.36034 1.40114 0)
(0.187616 0.855126 -3.16329e-20)
(0.0521623 0.390613 0)
(0.00801953 -0.073985 0)
(0.00834775 0.0460314 0)
(0.104537 0.667194 0)
(0.234948 1.33074 0)
(0.282949 1.61722 -6.98547e-34)
(0.297561 1.67842 4.94322e-34)
(0.299161 1.67004 0)
(0.295354 1.62117 0)
(0.290022 1.54653 0)
(0.293882 1.4847 0)
(0.298387 1.50285 0)
(0.286045 1.77071 0)
(0.517451 2.46298 0)
(0.543642 2.70972 0)
(0.506314 2.7162 0)
(0.470423 2.63008 0)
(0.401942 2.38007 0)
(0.264158 1.91359 0)
(0.127336 1.44 0)
(0.026831 0.877607 0)
(0.00205008 -0.0986435 0)
(0.0119639 -0.0494522 0)
(0.0437293 0.369998 0)
(0.163538 1.1403 0)
(0.20991 1.54099 0)
(0.226204 1.65555 0)
(0.231558 1.6575 0)
(0.231969 1.62042 0)
(0.2249 1.54516 0)
(0.228575 1.48065 0)
(0.241906 1.49441 0)
(0.188444 1.7176 0)
(0.361951 2.38471 0)
(0.399023 2.73096 0)
(0.355805 2.79319 0)
(0.32689 2.76165 0)
(0.277915 2.59955 0)
(0.183071 2.22322 0)
(0.0802848 1.76875 0)
(0.0131498 1.12039 0)
(0.00209528 -0.133417 0)
(0.0245448 -0.110743 0)
(0.0185467 0.221965 0)
(0.0915 1.00145 0)
(0.131776 1.46744 0)
(0.152009 1.62698 0)
(0.162551 1.64339 0)
(0.168742 1.6171 0)
(0.169096 1.5461 0)
(0.170156 1.48612 0)
(0.193992 1.50068 0)
(0.122277 1.69144 0)
(0.242688 2.33347 0)
(0.283571 2.75172 0)
(0.244299 2.86283 0)
(0.212441 2.8621 0)
(0.179955 2.75541 0)
(0.115689 2.44789 0)
(0.0428429 2.02659 0)
(0.0011074 1.29373 0)
(0.00337513 -0.181007 0)
(0.0210391 -0.147452 0)
(0.00134908 0.222098 0)
(0.0216299 0.928777 0)
(0.0540493 1.42052 0)
(0.0778631 1.59935 0)
(0.0962015 1.62748 0)
(0.10933 1.60866 0)
(0.118782 1.5443 0)
(0.11685 1.49195 0)
(0.14811 1.51011 0)
(0.0789308 1.67664 0)
(0.157658 2.30008 0)
(0.192171 2.76904 0)
(0.159625 2.9158 0)
(0.131785 2.93663 0)
(0.107361 2.86434 0)
(0.0612969 2.59818 0)
(0.0103807 2.1658 0)
(-0.00942782 1.32152 0)
(0.0030426 -0.204476 0)
(0.00138853 -0.13773 0)
(-0.0235334 0.261376 0)
(-0.0342759 0.915201 0)
(-0.015935 1.38417 0)
(0.00690946 1.56986 0)
(0.0328656 1.60655 0)
(0.0557829 1.59399 0)
(0.0715695 1.53909 0)
(0.0715355 1.49419 0)
(0.106986 1.51644 0)
(0.0489393 1.66703 0)
(0.100215 2.27136 0)
(0.125068 2.77758 0)
(0.0956529 2.95281 0)
(0.0723918 2.99212 0)
(0.0555696 2.93722 0)
(0.0246709 2.70055 0)
(-0.00456665 2.26863 0)
(-0.0148532 1.30319 0)
(-0.00157571 -0.190548 0)
(-0.01794 -0.0758712 0)
(-0.0547775 0.34129 0)
(-0.0752721 0.940593 0)
(-0.06649 1.35281 0)
(-0.0437103 1.52973 0)
(-0.015388 1.57606 0)
(0.010986 1.57434 0)
(0.0341408 1.52802 0)
(0.0361355 1.48762 0)
(0.0710764 1.52067 0)
(0.0244534 1.66407 0)
(0.060281 2.25507 0)
(0.0725199 2.78511 0)
(0.0471874 2.98231 0)
(0.0288886 3.03594 0)
(0.0158618 2.99129 0)
(-0.00566114 2.75835 0)
(-0.0273262 2.29693 0)
(-0.0166396 1.24864 0)
(-0.00607608 -0.137817 0)
(-0.0301968 0.0197026 0)
(-0.070518 0.431405 0)
(-0.0954853 0.972604 0)
(-0.0925806 1.32094 0)
(-0.0726329 1.48148 0)
(-0.0460546 1.53577 0)
(-0.0198936 1.54634 0)
(0.00899335 1.50977 0)
(0.0093187 1.47654 0)
(0.0425875 1.52082 0)
(0.00781534 1.66237 0)
(0.0317726 2.2385 0)
(0.036705 2.78949 0)
(0.0143568 3.00222 0)
(-0.000365484 3.06469 0)
(-0.0125361 3.02348 0)
(-0.0272268 2.78997 0)
(-0.0350637 2.28886 0)
(-0.0201476 1.14653 0)
(-0.00721511 -0.0667904 0)
(-0.0338492 0.128298 0)
(-0.0748572 0.520143 0)
(-0.0987011 1.00129 0)
(-0.0978564 1.29629 0)
(-0.0811578 1.44038 0)
(-0.0607794 1.49697 0)
(-0.0382805 1.51304 0)
(-0.0101648 1.48851 0)
(-0.0120678 1.46445 0)
(0.0212878 1.51873 0)
(-0.00464103 1.66464 0)
(0.00987885 2.2354 0)
(0.00977613 2.79453 0)
(-0.00822749 3.01878 0)
(-0.0203806 3.08641 0)
(-0.0309453 3.04641 0)
(-0.0418911 2.80468 0)
(-0.0414383 2.26197 0)
(-0.0218811 1.02802 0)
(-0.00698785 0.00682726 0)
(-0.0313153 0.235398 0)
(-0.0689388 0.60335 0)
(-0.091237 1.02614 0)
(-0.0917247 1.27935 0)
(-0.0789785 1.40801 0)
(-0.0646339 1.46385 0)
(-0.0473162 1.48337 0)
(-0.0242966 1.47003 0)
(-0.0253062 1.45273 0)
(0.00540248 1.5144 0)
(-0.0135084 1.66209 0)
(-0.00533023 2.23472 0)
(-0.0105552 2.80264 0)
(-0.0241904 3.03553 0)
(-0.0349653 3.10553 0)
(-0.0424163 3.05925 0)
(-0.0492398 2.80094 0)
(-0.0436016 2.2093 0)
(-0.0182531 0.906935 0)
(-0.00527395 0.070722 0)
(-0.024917 0.329041 0)
(-0.0563371 0.673667 0)
(-0.075571 1.04994 0)
(-0.0778029 1.27502 0)
(-0.0684631 1.39223 0)
(-0.0595922 1.44532 0)
(-0.047717 1.46449 0)
(-0.0298835 1.45737 0)
(-0.030228 1.44195 0)
(-0.00773634 1.5124 0)
(-0.0221922 1.66694 0)
(-0.019113 2.24011 0)
(-0.0274064 2.81474 0)
(-0.0359785 3.04886 0)
(-0.043071 3.11628 0)
(-0.0479515 3.06801 0)
(-0.0495507 2.79143 0)
(-0.040754 2.14792 0)
(-0.0124925 0.800691 0)
(-0.00344052 0.119312 0)
(-0.0180304 0.406307 0)
(-0.0430839 0.735869 0)
(-0.0594311 1.07505 0)
(-0.063709 1.27648 0)
(-0.058515 1.38296 0)
(-0.0526129 1.43347 0)
(-0.0432854 1.45355 0)
(-0.028841 1.44935 0)
(-0.0298684 1.43493 0)
(-0.0137373 1.50881 0)
(-0.0289928 1.67036 0)
(-0.0301859 2.2482 0)
(-0.0375221 2.82558 0)
(-0.0457988 3.05967 0)
(-0.0499417 3.12598 0)
(-0.0509945 3.06771 0)
(-0.0508556 2.77158 0)
(-0.0369463 2.07631 0)
(-0.00856122 0.711936 0)
(-0.00200635 0.152147 0)
(-0.0119857 0.463152 0)
(-0.0310886 0.782782 0)
(-0.0434042 1.0972 0)
(-0.04941 1.28309 0)
(-0.0467093 1.38095 0)
(-0.0444852 1.4275 0)
(-0.0378807 1.44565 0)
(-0.0262676 1.44313 0)
(-0.0291432 1.43143 0)
(-0.0156773 1.50789 0)
(-0.0323672 1.67764 0)
(-0.0371314 2.25572 0)
(-0.0422981 2.83636 0)
(-0.0503081 3.06861 0)
(-0.0514572 3.13199 0)
(-0.0506283 3.06541 0)
(-0.047794 2.75113 0)
(-0.0333608 2.00705 0)
(-0.0048102 0.638382 0)
(-0.00117663 0.173917 0)
(-0.00792624 0.506329 0)
(-0.0228457 0.821592 0)
(-0.0323023 1.11801 0)
(-0.0380179 1.29106 0)
(-0.0378694 1.38004 0)
(-0.0385028 1.42154 0)
(-0.0338008 1.43848 0)
(-0.0242036 1.43767 0)
(-0.0294595 1.42966 0)
(-0.017458 1.50951 0)
(-0.0311251 1.68692 0)
(-0.0399721 2.26742 0)
(-0.044206 2.84475 0)
(-0.0504142 3.07241 0)
(-0.0509492 3.13178 0)
(-0.0507463 3.05956 0)
(-0.0435132 2.72138 0)
(-0.0285796 1.93701 0)
(-0.00112236 0.580087 0)
(-0.000693087 0.187501 0)
(-0.00503189 0.536178 0)
(-0.0166805 0.849041 0)
(-0.0228469 1.13094 0)
(-0.0271536 1.29925 0)
(-0.0280359 1.38348 0)
(-0.0301737 1.42107 0)
(-0.0283908 1.43412 0)
(-0.0214522 1.43493 0)
(-0.0288713 1.42938 0)
(-0.0177004 1.50933 0)
(-0.0273725 1.69422 0)
(-0.0356788 2.27466 0)
(-0.041349 2.84998 0)
(-0.0489857 3.07506 0)
(-0.050067 3.1304 0)
(-0.0489514 3.04719 0)
(-0.0436604 2.68247 0)
(-0.024084 1.85515 0)
(0.000208178 0.534545 0)
(-0.000510395 0.196986 0)
(-0.0034656 0.559774 0)
(-0.0127788 0.873716 0)
(-0.0187448 1.14077 0)
(-0.0197944 1.30541 0)
(-0.0216472 1.38676 0)
(-0.0241222 1.42096 0)
(-0.0238565 1.4321 0)
(-0.0202304 1.43462 0)
(-0.027814 1.42953 0)
(-0.0195396 1.50931 0)
(-0.0252316 1.70557 0)
(-0.0381875 2.28668 0)
(-0.041407 2.86056 0)
(-0.0501107 3.08028 0)
(-0.0506325 3.13031 0)
(-0.0486856 3.03745 0)
(-0.0428062 2.65529 0)
(-0.0212784 1.78001 0)
(0.00158656 0.499701 0)
(-0.000396486 0.202987 0)
(-0.00237605 0.575439 0)
(-0.00939788 0.891419 0)
(-0.0141574 1.14551 0)
(-0.014549 1.30911 0)
(-0.0161896 1.39101 0)
(-0.0178663 1.42431 0)
(-0.0210491 1.43361 0)
(-0.018756 1.43534 0)
(-0.0261587 1.43065 0)
(-0.0204308 1.50651 0)
(-0.0230907 1.71089 0)
(-0.0376182 2.29527 0)
(-0.0454708 2.8699 0)
(-0.0541769 3.08636 0)
(-0.0540078 3.13074 0)
(-0.0532511 3.02588 0)
(-0.0410887 2.60597 0)
(-0.0200191 1.69854 0)
(0.00343428 0.470369 0)
(-0.000456891 0.208438 0)
(-0.00214169 0.589503 0)
(-0.00765502 0.909072 0)
(-0.0138207 1.15235 0)
(-0.0134859 1.3115 0)
(-0.014404 1.39316 0)
(-0.0154435 1.42609 0)
(-0.0194572 1.43538 0)
(-0.018416 1.4368 0)
(-0.0255701 1.4332 0)
(-0.0248404 1.50446 0)
(-0.0213618 1.72168 0)
(-0.041926 2.31066 0)
(-0.0464903 2.88066 0)
(-0.057461 3.08931 0)
(-0.0561085 3.12781 0)
(-0.0539961 3.01187 0)
(-0.0443427 2.56265 0)
(-0.0167822 1.61546 0)
(0.00327886 0.448372 0)
(-0.00052425 0.212597 0)
(-0.00206475 0.598745 0)
(-0.00606223 0.921853 0)
(-0.0112494 1.15847 0)
(-0.0123616 1.31294 0)
(-0.0123583 1.39467 0)
(-0.0122408 1.43015 0)
(-0.0191167 1.44065 0)
(-0.0179505 1.43804 0)
(-0.0275628 1.43856 0)
(-0.030498 1.50142 0)
(-0.0206137 1.72897 0)
(-0.0448865 2.32987 0)
(-0.0490809 2.89156 0)
(-0.0619232 3.09237 0)
(-0.0612357 3.12518 0)
(-0.0560725 2.98981 0)
(-0.0503642 2.5053 0)
(-0.0143137 1.51811 0)
(0.00165304 0.427013 0)
(-0.000663188 0.218249 0)
(-0.00228441 0.609025 0)
(-0.00554053 0.934981 0)
(-0.0111115 1.16739 0)
(-0.012207 1.31413 0)
(-0.0120693 1.39438 0)
(-0.0112338 1.43202 0)
(-0.0175038 1.44386 0)
(-0.0184388 1.44033 0)
(-0.0296521 1.4431 0)
(-0.0367112 1.49623 0)
(-0.0240366 1.73209 0)
(-0.0466872 2.34659 0)
(-0.0630658 2.90594 0)
(-0.0737578 3.09881 0)
(-0.0733385 3.1217 0)
(-0.0690969 2.96785 0)
(-0.0497028 2.44684 0)
(-0.0176555 1.44027 0)
(0.00298763 0.40728 0)
(-0.000804172 0.222958 0)
(-0.00236987 0.615175 0)
(-0.00468425 0.943252 0)
(-0.00806927 1.17432 0)
(-0.0100845 1.31531 0)
(-0.00958215 1.39479 0)
(-0.00758146 1.43458 0)
(-0.0121779 1.45312 0)
(-0.0193064 1.44996 0)
(-0.033752 1.45493 0)
(-0.0417146 1.49645 0)
(-0.0374022 1.74081 0)
(-0.0555337 2.38398 0)
(-0.0744138 2.92674 0)
(-0.0820389 3.10146 0)
(-0.0745307 3.11792 0)
(-0.0700221 2.93992 0)
(-0.0475883 2.36536 0)
(-0.0181653 1.34201 0)
(0.00567856 0.386056 0)
(-0.000915353 0.229957 0)
(-0.00264755 0.623501 0)
(-0.00486288 0.95121 0)
(-0.00691915 1.18043 0)
(-0.00887218 1.31575 0)
(-0.00773514 1.39162 0)
(-0.0062196 1.43348 0)
(-0.00510756 1.45375 0)
(-0.0134503 1.4552 0)
(-0.0300816 1.46342 0)
(-0.0373859 1.49624 0)
(-0.0464138 1.74379 0)
(-0.0592165 2.4039 0)
(-0.0791604 2.9357 0)
(-0.0827672 3.09845 0)
(-0.0740852 3.10879 0)
(-0.0624379 2.91203 0)
(-0.0467365 2.31161 0)
(-0.00867445 1.25848 0)
(0.00710392 0.380954 0)
(-0.00101153 0.235413 0)
(-0.0026105 0.62765 0)
(-0.00404905 0.95483 0)
(-0.0040566 1.18273 0)
(-0.00581898 1.31665 0)
(-0.00213753 1.39002 0)
(-0.00188153 1.43192 0)
(0.00590092 1.46022 0)
(-0.00195533 1.47344 0)
(-0.0150731 1.47473 0)
(-0.0384882 1.51137 0)
(-0.0609763 1.75512 0)
(-0.0692464 2.42948 0)
(-0.0887816 2.94273 0)
(-0.091373 3.092 0)
(-0.0885578 3.08919 0)
(-0.074133 2.85564 0)
(-0.0571561 2.1972 0)
(-0.00587221 1.13299 0)
(0.00340329 0.377769 0)
(-0.00127882 0.243775 0)
(-0.00315361 0.634509 0)
(-0.00474039 0.956749 0)
(-0.00362025 1.1822 0)
(-0.0016164 1.31296 0)
(0.0108601 1.38332 0)
(0.0162379 1.42672 0)
(0.0334902 1.45734 0)
(0.0309968 1.47575 0)
(0.0306149 1.49356 0)
(-0.0125739 1.52282 0)
(-0.0576611 1.7647 0)
(-0.0724571 2.44771 0)
(-0.0961228 2.95378 0)
(-0.0952137 3.0929 0)
(-0.0934554 3.07517 0)
(-0.0952845 2.80693 0)
(-0.0554769 2.10941 0)
(-0.0134864 1.05056 0)
(-0.00441843 0.359427 0)
(-0.000927304 0.251333 0)
(-0.0036871 0.639135 0)
(-0.00491637 0.957558 0)
(-0.00444428 1.17724 0)
(-0.00321418 1.29822 0)
(0.00928534 1.35982 0)
(0.0217883 1.39779 0)
(0.0514727 1.4321 0)
(0.0649209 1.46498 0)
(0.0809968 1.51091 0)
(0.00209451 1.58847 0)
(-0.0656293 1.79956 0)
(-0.0722273 2.47216 0)
(-0.0909065 2.96863 0)
(-0.0898429 3.0956 0)
(-0.0867522 3.0752 0)
(-0.0743448 2.76816 0)
(-0.053732 2.01768 0)
(-0.00478884 0.966602 0)
(-0.00875078 0.322655 0)
(-0.000888413 0.257252 0)
(-0.00435792 0.644959 0)
(-0.00593626 0.956119 0)
(0.00220436 1.16842 0)
(0.017274 1.28429 0)
(0.0414878 1.34256 0)
(0.0705953 1.37845 0)
(0.115502 1.41982 0)
(0.151425 1.46333 0)
(0.17481 1.53641 0)
(0.0846308 1.62366 0)
(-0.031783 1.81921 0)
(-0.0523496 2.47789 0)
(-0.0663352 2.97066 0)
(-0.0688466 3.09497 0)
(-0.0663255 3.06651 0)
(-0.047009 2.73945 0)
(-0.0243338 1.97156 0)
(0.0148453 0.948726 0)
(-0.00534442 0.321897 0)
(-0.000430814 0.26958 0)
(-0.00190588 0.656769 0)
(-0.00296827 0.941994 0)
(0.00620698 1.1194 0)
(0.0244891 1.21039 0)
(0.0565153 1.25064 0)
(0.0943152 1.27349 0)
(0.153601 1.3132 0)
(0.211414 1.37932 0)
(0.254334 1.58344 0)
(0.162378 1.79075 0)
(0.0174627 1.95889 0)
(-0.0400883 2.52545 0)
(-0.0523951 3.00268 0)
(-0.0647734 3.09967 0)
(-0.0658281 3.03335 0)
(-0.0536387 2.64346 0)
(-0.0189862 1.79542 0)
(0.00975047 0.90949 0)
(-0.00318395 0.334256 0)
(-0.244578 1.59301 1.23023e-22)
(0.400542 3.24377 3.97292e-20)
(0.0932683 3.47226 4.53776e-20)
(0.201389 3.43933 0)
(0.162444 3.39183 0)
(0.156946 3.34392 -4.11721e-19)
(0.159344 3.31777 4.34833e-19)
(0.131806 3.27237 -4.48576e-19)
(0.11595 3.17638 8.19835e-21)
(0.101505 2.56693 6.07394e-19)
(-0.104827 2.34041 5.91143e-24)
(0.134598 3.29847 1.68953e-19)
(0.0118377 3.44176 0)
(0.0993978 3.39369 0)
(0.0755885 3.34698 1.22432e-20)
(0.0810211 3.30872 8.51848e-19)
(0.0767064 3.27589 -4.73539e-19)
(0.0524604 3.2398 -7.92301e-21)
(0.0517138 3.0813 7.56119e-21)
(0.000927248 2.08458 0)
(-0.0274274 2.08202 2.03719e-19)
(0.0876688 3.14608 -2.14335e-19)
(0.0269147 3.34866 0)
(0.0742645 3.32658 3.92714e-19)
(0.053992 3.30374 -1.40164e-21)
(0.055112 3.28165 -4.41895e-19)
(0.0470242 3.26669 -5.44428e-19)
(0.0317531 3.24525 -2.20584e-22)
(0.0414631 3.11833 7.81529e-21)
(-0.0165784 2.21058 0)
(-0.0401635 2.02489 -5.68096e-20)
(0.0288044 3.12183 0)
(-0.012611 3.31102 -2.06575e-19)
(0.0226273 3.30838 -1.72106e-19)
(0.0173548 3.28489 1.53163e-20)
(0.0237534 3.26181 -2.83663e-19)
(0.0281935 3.24587 2.54012e-19)
(0.0221227 3.23333 -9.04158e-21)
(0.0424438 3.12484 1.19903e-20)
(0.0074081 2.24979 3.10132e-19)
(-0.0523164 2.02665 -1.62259e-19)
(0.0145433 3.09186 0)
(-0.00679839 3.26791 4.44627e-19)
(0.0127455 3.26261 -2.4516e-19)
(0.0147203 3.24862 -7.10941e-22)
(0.0178146 3.23755 -1.01947e-21)
(0.0215749 3.23343 -1.54842e-20)
(0.0223214 3.22391 -3.20236e-19)
(0.0432382 3.12724 8.8122e-21)
(-0.00310698 2.31184 -6.48519e-19)
(-0.0501324 2.08745 0)
(-0.00968114 3.08704 -2.42629e-19)
(-0.0280967 3.24366 1.87806e-20)
(-0.0142907 3.24741 -1.68473e-20)
(-0.00496825 3.23261 1.72839e-20)
(0.00363976 3.21998 2.86968e-19)
(0.016268 3.21096 2.99832e-19)
(0.0212099 3.20542 6.29003e-19)
(0.0427719 3.12394 3.47893e-19)
(0.0106732 2.35406 -1.65975e-20)
(-0.0505418 2.14125 0)
(-0.0194441 3.08263 2.51339e-19)
(-0.0186745 3.21425 -2.63201e-19)
(-0.0112859 3.21293 -1.81478e-20)
(-5.02482e-05 3.20255 3.751e-20)
(0.00785482 3.19587 3.70382e-22)
(0.0164777 3.19561 -2.01512e-20)
(0.0219756 3.19089 -3.28358e-19)
(0.0424436 3.12136 -3.38875e-19)
(0.00383708 2.41966 -1.72263e-20)
(-0.0485436 2.2293 2.87591e-19)
(-0.028563 3.08562 -1.33767e-20)
(-0.0317681 3.19424 9.22151e-21)
(-0.0234722 3.19566 0)
(-0.0131775 3.18572 0)
(-0.00128657 3.17801 0)
(0.0135476 3.17163 0)
(0.0207124 3.16939 3.6421e-19)
(0.0411315 3.11258 -3.757e-19)
(0.0154236 2.46387 3.71345e-19)
(-0.0455702 2.30686 2.67293e-20)
(-0.0327676 3.08548 3.07551e-19)
(-0.0208129 3.16973 0)
(-0.0146767 3.16544 -2.0547e-20)
(-0.00404234 3.15767 2.10145e-20)
(0.00534608 3.15319 0)
(0.0146915 3.15428 -1.13765e-20)
(0.0207567 3.15268 -3.53497e-19)
(0.0402055 3.10928 3.7662e-19)
(0.0103887 2.53302 0)
(-0.0444028 2.40335 1.58645e-20)
(-0.0363593 3.08601 -4.7124e-19)
(-0.0302043 3.1498 0)
(-0.0225791 3.14697 0)
(-0.0136465 3.13923 2.24741e-20)
(-0.0021791 3.13369 -1.89401e-19)
(0.0117873 3.12888 -2.37053e-20)
(0.0191853 3.12937 2.01709e-19)
(0.0385036 3.09615 0)
(0.0192842 2.58106 0)
(-0.0391415 2.4913 -4.92796e-19)
(-0.0381338 3.08277 1.67087e-19)
(-0.0203809 3.12432 0)
(-0.0130727 3.11618 0)
(-0.00355378 3.10948 0)
(0.00553908 3.10652 3.89622e-19)
(0.0141807 3.10889 0)
(0.0201693 3.11054 -2.15183e-19)
(0.0378978 3.0905 1.32829e-20)
(0.0149146 2.6538 2.24665e-19)
(-0.0383697 2.58849 1.75479e-19)
(-0.0405072 3.07481 -1.70347e-20)
(-0.0299146 3.10107 2.03859e-19)
(-0.0212937 3.09497 1.9806e-19)
(-0.0124589 3.08845 0)
(-0.000816367 3.08425 -1.99994e-19)
(0.0126877 3.08117 0)
(0.0210428 3.08454 0)
(0.0384518 3.07217 0)
(0.0223405 2.70643 -2.25708e-19)
(-0.0344683 2.67923 -1.84878e-19)
(-0.0427301 3.06301 1.9089e-19)
(-0.0231504 3.07205 -1.92163e-19)
(-0.0130998 3.06204 -3.02624e-19)
(-0.00287262 3.0569 0)
(0.00715939 3.05543 2.7044e-20)
(0.0166062 3.05888 -1.38074e-20)
(0.0248125 3.06304 1.02777e-19)
(0.041731 3.06163 1.27625e-19)
(0.0207973 2.78042 -1.31336e-19)
(-0.0350647 2.77151 1.89701e-19)
(-0.0469472 3.04389 -1.83413e-19)
(-0.0329827 3.04552 1.30487e-20)
(-0.0208883 3.0403 7.69517e-20)
(-0.0110722 3.03631 -1.10259e-19)
(0.000327323 3.03386 0)
(0.0140415 3.03186 1.18489e-19)
(0.0256613 3.03563 4.95048e-21)
(0.0445987 3.03661 -2.46866e-19)
(0.0287061 2.83263 -6.55166e-21)
(-0.0291384 2.85607 -5.39026e-20)
(-0.0435924 3.02265 1.32007e-20)
(-0.0228392 3.01803 -6.84858e-20)
(-0.0109852 3.01456 2.79767e-20)
(-0.00216888 3.01413 1.34377e-19)
(0.00628661 3.01346 -5.70516e-20)
(0.0142467 3.01441 -5.68888e-20)
(0.0233581 3.01695 -5.91501e-20)
(0.0418473 3.02183 1.26696e-19)
(0.0247851 2.9003 6.2055e-20)
(-0.0178031 2.93935 4.3336e-20)
(-0.0262611 2.99962 1.91525e-20)
(-0.0162793 3.00055 3.77462e-20)
(-0.00945059 3.00173 -7.72579e-20)
(-0.00414588 3.00265 2.61423e-20)
(0.000651296 3.00217 5.31573e-20)
(0.00560038 3.00062 -5.54394e-20)
(0.0107174 2.99898 -5.79524e-20)
(0.021804 2.99715 7.83063e-21)
(0.0165408 2.94915 5.55636e-20)
)
;

boundaryField
{
    wall-4
    {
        type            noSlip;
    }
    pressure-outlet-7
    {
        type            zeroGradient;
    }
    velocity-inlet-6
    {
        type            fixedValue;
        value           uniform (0 3 0);
    }
    velocity-inlet-5
    {
        type            fixedValue;
        value           uniform (1 0 0);
    }
    frontAndBackPlanes
    {
        type            empty;
    }
}


// ************************************************************************* //
