/*--------------------------------*- C++ -*----------------------------------*\
  =========                 |
  \\      /  F ield         | OpenFOAM: The Open Source CFD Toolbox
   \\    /   O peration     | Website:  https://openfoam.org
    \\  /    A nd           | Version:  9
     \\/     M anipulation  |
\*---------------------------------------------------------------------------*/
FoamFile
{
    format      ascii;
    class       volVectorField;
    location    "36";
    object      U;
}
// * * * * * * * * * * * * * * * * * * * * * * * * * * * * * * * * * * * * * //

dimensions      [0 1 -1 0 0 0 0];

internalField   nonuniform List<vector> 
2200
(
(0.878824 -0.0304153 0)
(1.00577 -0.0512861 0)
(1.00325 -0.0354153 0)
(1.00021 -0.0244728 0)
(0.999837 -0.0167239 0)
(1.00003 -0.0108094 0)
(1.00001 -0.00688129 0)
(1.00001 -0.00421028 0)
(0.999992 -0.00224284 0)
(1.00017 -0.0007306 0)
(1.00004 0.000936942 0)
(0.999939 0.0024232 0)
(0.999964 0.00439142 0)
(1.00008 0.00704307 0)
(1.00008 0.0109107 0)
(0.999797 0.0167072 0)
(1.00016 0.0244551 0)
(1.00343 0.0350899 0)
(1.0059 0.051351 0)
(0.878953 0.0303486 0)
(0.712007 -0.0327632 0)
(0.996624 -0.0630205 0)
(1.0333 -0.0561506 0)
(1.02486 -0.0463749 0)
(1.01583 -0.0360492 0)
(1.00967 -0.0263484 0)
(1.00599 -0.0181488 0)
(1.00378 -0.011483 0)
(1.00255 -0.00607825 0)
(1.002 -0.00158771 0)
(1.002 0.00257006 0)
(1.00253 0.0070674 0)
(1.00376 0.0123429 0)
(1.00584 0.0188859 0)
(1.00945 0.0269323 0)
(1.01571 0.0367184 0)
(1.02482 0.0470989 0)
(1.03309 0.057403 0)
(0.996634 0.0631451 0)
(0.711814 0.0329588 0)
(0.535488 -0.0239013 0)
(0.969865 -0.0569725 0)
(1.05645 -0.0547639 0)
(1.0523 -0.0488733 0)
(1.03623 -0.0405105 0)
(1.02436 -0.032261 0)
(1.01586 -0.0240872 0)
(1.01037 -0.0162811 0)
(1.00721 -0.00907336 0)
(1.00573 -0.00245375 0)
(1.0057 0.00390194 0)
(1.00711 0.010455 0)
(1.01016 0.0175276 0)
(1.01544 0.025148 0)
(1.02404 0.0332485 0)
(1.03599 0.0412729 0)
(1.05201 0.0493865 0)
(1.05636 0.0538071 0)
(0.969245 0.0575548 0)
(0.534468 0.0239263 0)
(0.392108 -0.0136699 0)
(0.911592 -0.0464244 0)
(1.05741 -0.0470534 0)
(1.06946 -0.0443577 0)
(1.05494 -0.0382925 0)
(1.03932 -0.0316329 0)
(1.02737 -0.0247894 0)
(1.01893 -0.017554 0)
(1.01356 -0.0100873 0)
(1.01087 -0.00256592 0)
(1.01072 0.00485726 0)
(1.01322 0.0121697 0)
(1.01842 0.0192877 0)
(1.02687 0.0262718 0)
(1.03867 0.0328121 0)
(1.05423 0.0392504 0)
(1.06865 0.0453664 0)
(1.05587 0.0480112 0)
(0.910241 0.0468381 0)
(0.390308 0.0137418 0)
(0.307519 -0.00449853 0)
(0.846672 -0.0323713 0)
(1.04942 -0.039896 0)
(1.07943 -0.0382095 0)
(1.06814 -0.0336358 0)
(1.05168 -0.0281495 0)
(1.03831 -0.0228091 0)
(1.02813 -0.0167953 0)
(1.02114 -0.00994571 0)
(1.01741 -0.0024062 0)
(1.01721 0.00536204 0)
(1.02062 0.0127336 0)
(1.02738 0.0193919 0)
(1.03732 0.0251494 0)
(1.05055 0.030112 0)
(1.06687 0.0353976 0)
(1.07779 0.0397061 0)
(1.04737 0.0413653 0)
(0.843513 0.0328371 0)
(0.304461 0.00468053 0)
(0.263994 9.16217e-05 0)
(0.788516 -0.0201262 0)
(1.03286 -0.0316079 0)
(1.08313 -0.0322706 0)
(1.07694 -0.0290292 0)
(1.06055 -0.0241989 0)
(1.04711 -0.0197388 0)
(1.03627 -0.0146202 0)
(1.02841 -0.00861452 0)
(1.02391 -0.0016112 0)
(1.02363 0.00573241 0)
(1.02762 0.0124494 0)
(1.0351 0.0180601 0)
(1.04552 0.0226658 0)
(1.05874 0.0267711 0)
(1.07508 0.031122 0)
(1.08092 0.0338695 0)
(1.02997 0.0330279 0)
(0.783766 0.0206309 0)
(0.259832 8.13557e-05 0)
(0.239984 0.00104618 0)
(0.737897 -0.0123534 0)
(1.01339 -0.0251012 0)
(1.08383 -0.0269213 0)
(1.08267 -0.0246238 0)
(1.06746 -0.0204876 0)
(1.05404 -0.0166017 0)
(1.04327 -0.0122145 0)
(1.03517 -0.00701613 0)
(1.0303 -0.000848044 0)
(1.02987 0.00571968 0)
(1.034 0.0115918 0)
(1.04142 0.0163128 0)
(1.05199 0.0202671 0)
(1.06514 0.0237041 0)
(1.07985 0.0273145 0)
(1.08033 0.0291277 0)
(1.00833 0.026734 0)
(0.730481 0.012972 0)
(0.234428 -0.000878606 0)
(0.225547 0.000966481 0)
(0.694831 -0.00803313 0)
(0.992456 -0.0207474 0)
(1.0818 -0.0232018 0)
(1.08655 -0.0213613 0)
(1.07303 -0.0178193 0)
(1.05957 -0.0140252 0)
(1.04904 -0.00986825 0)
(1.04118 -0.00512624 0)
(1.03632 0.00035887 0)
(1.03576 0.00622116 0)
(1.03957 0.0113252 0)
(1.04667 0.0154136 0)
(1.05646 0.0189153 0)
(1.06957 0.0218722 0)
(1.0826 0.0248078 0)
(1.0769 0.0259086 0)
(0.985183 0.0227797 0)
(0.68468 0.00887467 0)
(0.218516 -0.000771046 0)
(0.215978 0.00062006 0)
(0.659382 -0.00568282 0)
(0.971819 -0.0176687 0)
(1.07888 -0.0203146 0)
(1.08965 -0.0188881 0)
(1.07764 -0.0158638 0)
(1.06417 -0.0123424 0)
(1.05377 -0.00837043 0)
(1.04609 -0.00382376 0)
(1.04139 0.0012351 0)
(1.0406 0.00656393 0)
(1.04389 0.011107 0)
(1.05058 0.0149638 0)
(1.06027 0.0180675 0)
(1.07341 0.0211556 0)
(1.08449 0.0233743 0)
(1.07223 0.0240476 0)
(0.961571 0.0202351 0)
(0.645392 0.00674242 0)
(0.206879 -0.000395114 0)
(0.208711 0.000278599 0)
(0.630687 -0.0042302 0)
(0.952817 -0.0150801 0)
(1.0755 -0.0181387 0)
(1.09257 -0.0169557 0)
(1.08211 -0.0142392 0)
(1.06851 -0.0108 0)
(1.05789 -0.00688741 0)
(1.05012 -0.00235644 0)
(1.04543 0.00256258 0)
(1.04439 0.00752081 0)
(1.04726 0.0118322 0)
(1.05359 0.0153437 0)
(1.06327 0.018339 0)
(1.07609 0.0205651 0)
(1.08536 0.0223868 0)
(1.06579 0.0223762 0)
(0.938207 0.0180732 0)
(0.612239 0.00548428 0)
(0.197266 -1.66363e-05 0)
(0.202923 8.44779e-05 0)
(0.607564 -0.00303868 0)
(0.934709 -0.0124342 0)
(1.07211 -0.0155234 0)
(1.0954 -0.0146383 0)
(1.08635 -0.0121739 0)
(1.07275 -0.00897097 0)
(1.062 -0.00520225 0)
(1.054 -0.000844291 0)
(1.04892 0.00385859 0)
(1.04752 0.0083617 0)
(1.05022 0.0124219 0)
(1.05652 0.0156472 0)
(1.06596 0.0181388 0)
(1.07882 0.0202885 0)
(1.08609 0.0214748 0)
(1.05974 0.0211216 0)
(0.915961 0.0161313 0)
(0.583884 0.00463092 0)
(0.188535 0.000243663 0)
(0.198601 4.82105e-05 0)
(0.589894 -0.00203251 0)
(0.919343 -0.00965501 0)
(1.06869 -0.0128805 0)
(1.09815 -0.0120762 0)
(1.0905 -0.00978109 0)
(1.07692 -0.00668172 0)
(1.06604 -0.00311574 0)
(1.05784 0.00105541 0)
(1.0525 0.00551517 0)
(1.05089 0.0096671 0)
(1.05321 0.0131837 0)
(1.05908 0.0160401 0)
(1.06835 0.01818 0)
(1.08057 0.0197228 0)
(1.08601 0.0205409 0)
(1.05159 0.0195939 0)
(0.893632 0.0142185 0)
(0.559509 0.00397984 0)
(0.180608 0.00038106 0)
(0.195606 2.44276e-05 0)
(0.576604 -0.00122384 0)
(0.90578 -0.00746829 0)
(1.06588 -0.0103175 0)
(1.10109 -0.00932572 0)
(1.09483 -0.00697252 0)
(1.08124 -0.00405724 0)
(1.06994 -0.000728902 0)
(1.0611 0.00306304 0)
(1.05491 0.00726246 0)
(1.05254 0.0113269 0)
(1.05475 0.0145 0)
(1.06078 0.0165875 0)
(1.07005 0.0180671 0)
(1.08215 0.0191303 0)
(1.08558 0.019762 0)
(1.04426 0.0186121 0)
(0.87328 0.0128306 0)
(0.538421 0.00360082 0)
(0.173252 0.000468188 0)
(0.193747 3.21379e-05 0)
(0.566913 -0.000603918 0)
(0.894227 -0.0051818 0)
(1.06348 -0.00781288 0)
(1.10461 -0.00672899 0)
(1.09948 -0.00410349 0)
(1.08569 -0.00080508 0)
(1.07393 0.00246092 0)
(1.06452 0.00604408 0)
(1.05788 0.00989934 0)
(1.05533 0.0135188 0)
(1.05726 0.0158925 0)
(1.06287 0.0173138 0)
(1.07202 0.0182942 0)
(1.08372 0.0192898 0)
(1.08444 0.0195831 0)
(1.03433 0.0178311 0)
(0.851999 0.0117801 0)
(0.519073 0.00345338 0)
(0.166084 0.000553445 0)
(0.19344 -8.53707e-05 0)
(0.561015 0.000296653 0)
(0.886679 -0.00268363 0)
(1.06208 -0.0047362 0)
(1.10796 -0.00355611 0)
(1.10441 -0.000938494 0)
(1.09067 0.00227704 0)
(1.07863 0.00563428 0)
(1.06886 0.00916536 0)
(1.06152 0.0126703 0)
(1.05782 0.0156398 0)
(1.05895 0.0175565 0)
(1.06446 0.0186195 0)
(1.07364 0.0191587 0)
(1.08383 0.0198658 0)
(1.08274 0.0193225 0)
(1.02606 0.0172501 0)
(0.833654 0.0109281 0)
(0.502417 0.00328973 0)
(0.159237 0.000590248 0)
(0.194439 5.07669e-06 0)
(0.56035 0.00128 0)
(0.880201 -0.000315792 0)
(1.06131 -0.0017108 0)
(1.11195 -0.000369901 0)
(1.10932 0.00226955 0)
(1.09539 0.00559499 0)
(1.08308 0.00906073 0)
(1.0731 0.0127306 0)
(1.06551 0.0162966 0)
(1.06144 0.0189455 0)
(1.06135 0.0203773 0)
(1.06523 0.02086 0)
(1.07376 0.0210713 0)
(1.08318 0.0205916 0)
(1.07912 0.0195661 0)
(1.01363 0.0166788 0)
(0.812732 0.0100199 0)
(0.48593 0.00315076 0)
(0.152321 0.000600416 0)
(0.197553 0.00050531 0)
(0.562014 0.00186215 0)
(0.87871 0.00253768 0)
(1.06188 0.00191799 0)
(1.11517 0.0035987 0)
(1.11367 0.0061282 0)
(1.09971 0.00929285 0)
(1.0868 0.0128955 0)
(1.07602 0.0168339 0)
(1.06722 0.0205067 0)
(1.06155 0.0228972 0)
(1.06061 0.023924 0)
(1.06485 0.0238293 0)
(1.0731 0.022968 0)
(1.08159 0.0216932 0)
(1.07508 0.0200487 0)
(1.00343 0.0165345 0)
(0.795926 0.0096056 0)
(0.472078 0.00317935 0)
(0.145938 0.000607761 0)
(0.20248 0.00069223 0)
(0.567029 0.00295431 0)
(0.880945 0.00510439 0)
(1.06378 0.00561258 0)
(1.11949 0.00795798 0)
(1.1185 0.0108 0)
(1.10405 0.0142217 0)
(1.09034 0.0181618 0)
(1.07847 0.0220015 0)
(1.06844 0.0255712 0)
(1.06211 0.0275794 0)
(1.06031 0.0280626 0)
(1.06292 0.0270701 0)
(1.07043 0.0256623 0)
(1.07807 0.0237118 0)
(1.06779 0.0213235 0)
(0.988306 0.0167418 0)
(0.774776 0.00952591 0)
(0.456173 0.00340717 0)
(0.138765 0.00064813 0)
(0.210734 0.000859218 0)
(0.578963 0.00439811 0)
(0.888067 0.00824792 0)
(1.06841 0.0105133 0)
(1.12404 0.0131948 0)
(1.12382 0.0163316 0)
(1.10932 0.0204245 0)
(1.0951 0.0245655 0)
(1.0821 0.0287786 0)
(1.07032 0.0322636 0)
(1.06194 0.0336425 0)
(1.05878 0.0329188 0)
(1.06124 0.0310871 0)
(1.06808 0.0286287 0)
(1.07395 0.0258347 0)
(1.06107 0.0223743 0)
(0.976316 0.0173401 0)
(0.758959 0.0100371 0)
(0.442729 0.00379134 0)
(0.131864 0.000672877 0)
(0.220151 0.00108939 0)
(0.593379 0.00537212 0)
(0.899057 0.0110761 0)
(1.07568 0.0147968 0)
(1.13063 0.0184267 0)
(1.13078 0.0227302 0)
(1.11583 0.0272565 0)
(1.10088 0.0322483 0)
(1.08685 0.0367275 0)
(1.07348 0.0398708 0)
(1.06317 0.0405338 0)
(1.05809 0.0392842 0)
(1.05797 0.036434 0)
(1.0633 0.0330017 0)
(1.06783 0.029651 0)
(1.05097 0.0251274 0)
(0.958451 0.0190579 0)
(0.736141 0.0111885 0)
(0.424254 0.00440017 0)
(0.123093 0.000731808 0)
(0.233774 0.0014877 0)
(0.615214 0.00713183 0)
(0.916796 0.0148925 0)
(1.08663 0.0204644 0)
(1.1389 0.0251901 0)
(1.13873 0.0299426 0)
(1.12288 0.0357752 0)
(1.10652 0.0412568 0)
(1.09054 0.0463754 0)
(1.07487 0.0498872 0)
(1.06238 0.0503484 0)
(1.05574 0.0474676 0)
(1.05522 0.0433025 0)
(1.0595 0.0386118 0)
(1.06142 0.0338998 0)
(1.04101 0.0284115 0)
(0.943514 0.0216202 0)
(0.718299 0.0131858 0)
(0.407317 0.00522861 0)
(0.114223 0.00080861 0)
(0.250046 0.00204239 0)
(0.640514 0.00876046 0)
(0.93863 0.0186825 0)
(1.10093 0.0262942 0)
(1.14927 0.0323873 0)
(1.14835 0.0395764 0)
(1.1307 0.0461729 0)
(1.11231 0.0527822 0)
(1.0939 0.0583059 0)
(1.07555 0.061288 0)
(1.05992 0.0603801 0)
(1.05069 0.056516 0)
(1.04772 0.0514331 0)
(1.05079 0.0456561 0)
(1.05209 0.0406121 0)
(1.02751 0.0339413 0)
(0.921315 0.0256028 0)
(0.689375 0.0157024 0)
(0.381733 0.00615712 0)
(0.102225 0.000923534 0)
(0.272779 0.00285662 0)
(0.675065 0.0125244 0)
(0.967235 0.0249854 0)
(1.11979 0.034951 0)
(1.16312 0.0431234 0)
(1.15992 0.0511661 0)
(1.13996 0.0595349 0)
(1.11879 0.0670442 0)
(1.09713 0.0729362 0)
(1.07542 0.0758449 0)
(1.05726 0.0743633 0)
(1.04669 0.0692015 0)
(1.04319 0.0621435 0)
(1.0448 0.0545503 0)
(1.04222 0.0477915 0)
(1.01282 0.0394952 0)
(0.900146 0.0300053 0)
(0.664466 0.0185035 0)
(0.357733 0.00719379 0)
(0.0902059 0.000984226 0)
(0.304069 0.00374552 0)
(0.720474 0.0153747 0)
(1.00495 0.0324002 0)
(1.14435 0.0455181 0)
(1.18042 0.0552976 0)
(1.17436 0.0668355 0)
(1.15075 0.0764657 0)
(1.12628 0.0849897 0)
(1.1012 0.0909537 0)
(1.07583 0.0929046 0)
(1.0534 0.0892618 0)
(1.03842 0.0817094 0)
(1.03173 0.0735966 0)
(1.03186 0.0650757 0)
(1.02924 0.0572847 0)
(0.994175 0.047551 0)
(0.870269 0.0354627 0)
(0.624995 0.0216195 0)
(0.322071 0.00801593 0)
(0.074409 0.00100601 0)
(0.340109 0.00724133 0)
(0.777107 0.0245603 0)
(1.05055 0.0448256 0)
(1.17427 0.0614092 0)
(1.2022 0.0745453 0)
(1.19066 0.0875952 0)
(1.16264 0.0984318 0)
(1.13389 0.107241 0)
(1.10434 0.112736 0)
(1.07454 0.113635 0)
(1.04886 0.108725 0)
(1.03304 0.10034 0)
(1.02605 0.0901353 0)
(1.02415 0.0791235 0)
(1.01458 0.0684926 0)
(0.97097 0.0559339 0)
(0.837914 0.0415511 0)
(0.588675 0.0250261 0)
(0.289623 0.00922388 0)
(0.0598019 0.000929527 0)
(0.421143 0.0109444 0)
(0.861853 0.0353877 0)
(1.11147 0.0651486 0)
(1.21119 0.0863161 0)
(1.22706 0.100189 8.33632e-34)
(1.20866 0.116296 -3.68529e-34)
(1.17459 0.127156 0)
(1.1409 0.135285 0)
(1.10665 0.139244 0)
(1.07244 0.137847 0)
(1.04244 0.129768 0)
(1.02137 0.117724 0)
(1.00956 0.105097 0)
(1.00464 0.0929137 0)
(0.994995 0.0810356 0)
(0.943664 0.0664872 0)
(0.796154 0.0483202 0)
(0.534354 0.0288623 0)
(0.24055 0.00931468 0)
(0.040059 0.000731021 0)
(0.490953 0.0261329 6.61769e-20)
(0.960011 0.0590467 -4.98513e-20)
(1.17661 0.098455 0)
(1.24855 0.122597 3.7104e-20)
(1.25363 0.138793 -3.00719e-20)
(1.22557 0.155135 3.88823e-34)
(1.18545 0.16427 0)
(1.14643 0.170555 1.98951e-20)
(1.1067 0.172453 -6.48202e-20)
(1.0668 0.168564 1.3116e-20)
(1.0323 0.158277 0)
(1.01007 0.144731 -3.23091e-20)
(0.998898 0.131049 -3.84179e-20)
(0.991831 0.116037 6.70918e-20)
(0.967928 0.0992811 -5.28919e-20)
(0.898689 0.079438 0)
(0.734628 0.0571046 -1.90533e-20)
(0.464102 0.0319777 0)
(0.186644 0.0107951 -1.04879e-19)
(0.0221802 0.000956984 1.23801e-19)
(0.52467 0.0538811 -8.47211e-21)
(1.01891 0.102565 1.60254e-19)
(1.22273 0.148346 -1.22424e-20)
(1.28031 0.169902 -9.89131e-20)
(1.27656 0.187035 -6.37996e-20)
(1.2402 0.201312 1.03445e-19)
(1.19449 0.208198 0)
(1.15003 0.212364 0)
(1.10478 0.211924 1.03471e-19)
(1.05988 0.205346 0)
(1.02052 0.191705 1.17782e-19)
(0.9914 0.175261 3.46652e-20)
(0.969772 0.157294 3.57564e-22)
(0.950798 0.139138 -7.32807e-20)
(0.9272 0.122057 0)
(0.855583 0.101877 0)
(0.6856 0.0733988 -3.11862e-19)
(0.421543 0.0432318 7.80958e-19)
(0.169854 0.0145231 -4.63399e-19)
(0.016406 0.00220927 -5.46941e-19)
(0.531033 0.0765696 -1.10236e-19)
(1.05384 0.159063 3.98005e-20)
(1.25719 0.209527 1.94548e-20)
(1.30539 0.229177 1.74022e-19)
(1.29418 0.243999 1.41759e-20)
(1.25146 0.253724 -2.71576e-19)
(1.20088 0.256982 9.09857e-20)
(1.1511 0.258205 0)
(1.10033 0.254877 -2.1957e-19)
(1.04913 0.24516 1.90575e-19)
(1.00362 0.229299 -3.17605e-19)
(0.970012 0.209941 1.48187e-19)
(0.947741 0.190963 -9.45436e-20)
(0.931874 0.174115 2.13602e-19)
(0.897069 0.154016 0)
(0.818087 0.128134 -7.76676e-20)
(0.654516 0.0949055 0)
(0.410782 0.0547444 4.30402e-19)
(0.170877 0.0230965 -1.02218e-18)
(0.0213777 0.0024303 6.40256e-19)
(0.522559 0.108269 3.63221e-19)
(1.06883 0.215431 -1.54217e-19)
(1.27638 0.274234 -3.04931e-20)
(1.32155 0.29307 0)
(1.30537 0.305485 -1.26042e-19)
(1.25818 0.310272 1.54369e-19)
(1.20341 0.309168 -9.73445e-20)
(1.14888 0.306631 0)
(1.09319 0.299239 1.5619e-19)
(1.03761 0.285545 -1.3427e-19)
(0.988345 0.265458 2.75044e-19)
(0.949513 0.243151 0)
(0.920147 0.223416 -2.01106e-19)
(0.891659 0.202098 1.13735e-19)
(0.860855 0.181166 2.8456e-19)
(0.789913 0.157552 -2.50313e-19)
(0.639847 0.120764 4.00324e-19)
(0.412313 0.0749578 -8.85921e-19)
(0.186252 0.0339485 5.59582e-19)
(0.0316523 0.0057602 -7.00238e-19)
(0.510013 0.132499 -1.62496e-19)
(1.07552 0.270259 1.18079e-19)
(1.28639 0.340626 -9.97806e-20)
(1.32971 0.358383 1.81479e-19)
(1.30997 0.368291 -1.61011e-19)
(1.25995 0.36841 5.06157e-20)
(1.20219 0.3632 3.65231e-21)
(1.14381 0.356706 -1.83828e-19)
(1.08416 0.345556 -1.64474e-19)
(1.02351 0.328034 -2.88411e-19)
(0.96749 0.304406 -5.91001e-19)
(0.925013 0.279977 -1.79926e-19)
(0.895004 0.257138 2.44105e-21)
(0.872669 0.237341 -3.86338e-19)
(0.834066 0.216422 -6.33116e-21)
(0.760973 0.186881 3.63265e-19)
(0.619923 0.146389 -1.09657e-19)
(0.411343 0.0949162 -6.39105e-20)
(0.199096 0.0465367 0)
(0.040887 0.00976528 1.48365e-18)
(0.491705 0.152979 0)
(1.06758 0.319383 -2.41032e-20)
(1.28747 0.403694 -2.57621e-20)
(1.33129 0.422231 -1.25755e-20)
(1.30916 0.430681 1.6205e-19)
(1.25727 0.426648 -1.14892e-19)
(1.19721 0.417475 1.0753e-19)
(1.13588 0.406997 3.00276e-19)
(1.07264 0.391401 -9.08693e-20)
(1.00784 0.369055 1.44769e-19)
(0.949223 0.342135 3.17472e-19)
(0.904119 0.314578 3.91078e-19)
(0.868795 0.290792 -2.33743e-19)
(0.834617 0.266465 4.17116e-19)
(0.803715 0.244982 -3.29546e-19)
(0.741712 0.218894 0)
(0.613604 0.174522 -8.30406e-19)
(0.417822 0.117911 1.11793e-18)
(0.212107 0.0608006 8.34021e-20)
(0.0489157 0.0143342 -1.56144e-18)
(0.477653 0.173512 -5.15497e-21)
(1.0594 0.367993 1.33548e-19)
(1.28398 0.464599 1.91221e-19)
(1.32792 0.483723 -2.03942e-19)
(1.30385 0.490908 1.26367e-19)
(1.25073 0.483398 -1.14919e-19)
(1.18907 0.470949 2.17342e-19)
(1.12538 0.456893 -9.37865e-20)
(1.05908 0.437522 -3.70221e-19)
(0.99115 0.412484 1.81149e-22)
(0.928892 0.380937 -3.43608e-19)
(0.879614 0.349686 -4.19388e-19)
(0.843991 0.322781 2.56512e-19)
(0.819672 0.301475 -1.49655e-19)
(0.782211 0.278895 3.56519e-19)
(0.717204 0.245793 0)
(0.596932 0.200625 -5.13051e-19)
(0.416914 0.138921 7.57617e-19)
(0.219997 0.0742701 1.43717e-18)
(0.0542898 0.0186131 -1.69101e-18)
(0.463008 0.190916 1.68674e-19)
(1.04579 0.41214 -9.37835e-20)
(1.27643 0.521936 -1.59239e-19)
(1.32104 0.542528 2.14927e-19)
(1.29537 0.548964 1.15729e-20)
(1.24133 0.538355 -2.31415e-19)
(1.17854 0.522833 -1.23159e-19)
(1.11312 0.505345 -1.14668e-19)
(1.04495 0.482206 -2.06259e-19)
(0.974191 0.451663 3.31143e-19)
(0.908751 0.414981 3.50535e-19)
(0.858745 0.383048 6.66501e-19)
(0.822037 0.354772 0)
(0.785394 0.328422 5.95238e-21)
(0.754884 0.303361 -9.7398e-19)
(0.700446 0.27702 2.26635e-19)
(0.588926 0.227017 1.10437e-18)
(0.416331 0.160819 -3.25554e-19)
(0.223538 0.0867812 6.80183e-19)
(0.0572205 0.0222258 -5.68162e-20)
(0.454017 0.209714 5.9246e-21)
(1.03457 0.455516 -5.57874e-20)
(1.26684 0.576762 -1.00789e-19)
(1.31159 0.59848 2.98992e-19)
(1.28447 0.604055 -3.19915e-19)
(1.22972 0.590752 2.35623e-19)
(1.16588 0.572727 1.28428e-19)
(1.09886 0.55228 3.48198e-19)
(1.02788 0.525944 4.19882e-19)
(0.953169 0.492851 -3.76146e-19)
(0.885967 0.455987 0)
(0.834105 0.417283 -2.49176e-19)
(0.795217 0.386503 2.86077e-19)
(0.771443 0.360394 3.56346e-19)
(0.734394 0.33586 -2.06142e-19)
(0.675403 0.30016 -5.013e-19)
(0.568665 0.251079 -1.49688e-19)
(0.406505 0.178004 -1.39117e-21)
(0.218736 0.0968637 0)
(0.0568081 0.0241899 0)
(0.445721 0.225434 2.71247e-20)
(1.02193 0.495559 0)
(1.25557 0.628196 -9.2014e-20)
(1.30023 0.651726 2.46411e-20)
(1.27191 0.656657 3.51603e-19)
(1.21663 0.640872 -9.17566e-20)
(1.15212 0.620507 1.31672e-19)
(1.08405 0.597413 -2.38437e-19)
(1.01218 0.568071 3.20934e-19)
(0.938129 0.531259 -1.18839e-19)
(0.868927 0.486898 1.99945e-19)
(0.814151 0.446888 7.90601e-19)
(0.774348 0.414365 1.37619e-20)
(0.736046 0.384825 -3.72581e-19)
(0.707871 0.35716 6.84904e-19)
(0.658129 0.327915 4.388e-21)
(0.557432 0.27177 1.60146e-19)
(0.39786 0.194419 -7.64324e-19)
(0.211512 0.103532 7.81657e-19)
(0.0540986 0.0257228 -9.26758e-19)
(0.439624 0.244465 3.76427e-23)
(1.01062 0.534203 0)
(1.2434 0.6768 0)
(1.28762 0.701905 -4.11873e-20)
(1.25825 0.706067 -1.14696e-19)
(1.20256 0.688147 1.18725e-19)
(1.1375 0.665844 -2.55898e-19)
(1.06856 0.64035 0)
(0.994722 0.608295 -4.70192e-19)
(0.915342 0.568694 5.4276e-19)
(0.840788 0.522907 5.63011e-19)
(0.786399 0.479285 -2.89132e-19)
(0.748261 0.441474 -3.46572e-19)
(0.722987 0.413497 8.10949e-19)
(0.687907 0.385673 -2.43258e-19)
(0.633349 0.344691 -2.90167e-19)
(0.535417 0.290067 -1.73751e-19)
(0.383523 0.205682 -8.23218e-19)
(0.202062 0.107792 1.19046e-19)
(0.0500873 0.0262618 9.99327e-19)
(0.436122 0.262884 1.23263e-21)
(0.999867 0.570588 1.52273e-20)
(1.23056 0.722557 2.34026e-20)
(1.27417 0.749551 -1.02185e-22)
(1.24396 0.753029 -8.63804e-20)
(1.18798 0.733006 2.17364e-19)
(1.12248 0.708873 0)
(1.05251 0.681348 1.41601e-19)
(0.977114 0.647126 -1.11654e-19)
(0.897595 0.604643 9.06897e-19)
(0.825902 0.554431 -1.28075e-19)
(0.768311 0.507819 1.44529e-19)
(0.724175 0.470074 0)
(0.688323 0.43412 -4.38204e-19)
(0.660277 0.401571 5.28092e-19)
(0.614852 0.368634 0)
(0.520585 0.304114 -3.75012e-19)
(0.367646 0.21561 1.10209e-18)
(0.190531 0.109937 1.29748e-19)
(0.0451657 0.0259059 -1.22927e-18)
(0.43418 0.279708 -1.29813e-20)
(0.990071 0.605237 1.73523e-20)
(1.21759 0.765428 0)
(1.26043 0.794039 -7.41807e-20)
(1.22945 0.796887 0)
(1.17314 0.775189 -2.57448e-19)
(1.10711 0.749555 0)
(1.03637 0.720201 0)
(0.959829 0.68395 -1.41052e-19)
(0.877799 0.639329 -8.59877e-19)
(0.798888 0.588021 -1.03792e-18)
(0.737358 0.537114 1.66768e-19)
(0.698601 0.491992 5.9742e-19)
(0.672864 0.458107 4.80604e-19)
(0.640081 0.426107 -1.69452e-18)
(0.588679 0.378714 -6.79926e-19)
(0.495618 0.317106 3.97852e-19)
(0.34902 0.220196 0)
(0.178084 0.110231 1.11676e-18)
(0.0400681 0.0246027 -1.3238e-18)
(0.432887 0.295405 2.70937e-20)
(0.980644 0.637914 -3.00868e-20)
(1.20467 0.805726 0)
(1.24651 0.836182 -1.06264e-20)
(1.21481 0.838518 3.78604e-20)
(1.15823 0.815115 0)
(1.09191 0.787988 7.80302e-20)
(1.02055 0.757026 9.3862e-20)
(0.942846 0.719324 -2.71971e-19)
(0.85891 0.672886 1.1669e-19)
(0.779206 0.616706 0)
(0.719535 0.562132 6.92892e-19)
(0.673865 0.517532 4.64159e-21)
(0.636865 0.475391 2.59038e-19)
(0.611186 0.435723 3.07045e-19)
(0.568407 0.398112 0)
(0.478553 0.32399 -6.52069e-19)
(0.330753 0.224036 1.28009e-18)
(0.165086 0.108753 -1.35518e-18)
(0.0351342 0.0229061 2.85053e-18)
(0.431856 0.31049 0)
(0.971891 0.669179 0)
(1.19206 0.84335 -4.78703e-21)
(1.23277 0.875303 0)
(1.2004 0.877186 0)
(1.14362 0.852542 -2.45813e-19)
(1.077 0.824291 8.07737e-20)
(1.005 0.791913 1.74367e-20)
(0.925777 0.752601 -6.43214e-20)
(0.839278 0.70446 0)
(0.756569 0.648177 -1.56181e-19)
(0.690466 0.59163 -5.6398e-19)
(0.645479 0.538658 -6.74765e-19)
(0.620421 0.495798 -2.69818e-19)
(0.589478 0.457344 3.3285e-19)
(0.541317 0.400699 -7.84884e-19)
(0.451759 0.33141 1.40288e-18)
(0.309988 0.222652 3.99065e-21)
(0.152166 0.105768 -1.30106e-18)
(0.0307361 0.0209805 -1.92317e-19)
(0.430903 0.325223 0)
(0.963603 0.698912 -3.09723e-20)
(1.1798 0.878832 1.55336e-20)
(1.21924 0.91242 0)
(1.18626 0.913902 0)
(1.12929 0.887921 5.08612e-19)
(1.06243 0.858458 0)
(0.989793 0.824876 0)
(0.909474 0.784492 -5.99787e-19)
(0.821386 0.735492 1.55575e-19)
(0.735424 0.675793 -1.39859e-18)
(0.667937 0.614101 0)
(0.620998 0.562333 -7.29214e-19)
(0.581536 0.511462 1.10071e-20)
(0.556702 0.460306 -1.0679e-18)
(0.51833 0.414265 4.22419e-19)
(0.434281 0.329373 2.44834e-21)
(0.293747 0.220677 -1.47919e-18)
(0.141254 0.10182 7.01333e-19)
(0.0268121 0.0191323 2.0587e-19)
(0.430027 0.339574 0)
(0.955946 0.72729 -6.92816e-20)
(1.16797 0.911951 1.58897e-20)
(1.20611 0.946723 -5.68664e-20)
(1.17256 0.947821 -5.56209e-20)
(1.11546 0.920955 5.86605e-20)
(1.04841 0.89074 -6.15119e-20)
(0.97521 0.856045 6.25555e-19)
(0.893752 0.814696 6.41602e-19)
(0.803962 0.764588 1.20629e-18)
(0.716538 0.704633 1.16232e-18)
(0.644281 0.644581 2.01699e-19)
(0.590507 0.583457 1.04833e-18)
(0.562044 0.528855 6.42381e-19)
(0.532241 0.47888 7.66317e-19)
(0.489165 0.406914 -4.62328e-19)
(0.406453 0.327629 -5.41178e-19)
(0.274957 0.209392 6.33571e-19)
(0.131983 0.0971745 -3.75484e-19)
(0.0270193 0.0224302 6.66165e-19)
(0.429198 0.353459 1.12569e-19)
(0.948659 0.754121 1.05281e-19)
(1.1565 0.943234 1.28687e-20)
(1.19333 0.979323 1.63043e-20)
(1.15929 0.980054 1.46373e-19)
(1.10208 0.952156 -1.43498e-19)
(1.03491 0.921017 6.20274e-20)
(0.961336 0.885546 -2.09221e-20)
(0.879053 0.84342 -7.49609e-19)
(0.787158 0.792791 -1.3057e-18)
(0.694152 0.731611 8.17567e-20)
(0.617366 0.666087 0)
(0.56535 0.606119 0)
(0.51945 0.545324 -3.35332e-19)
(0.492826 0.475555 -1.24939e-18)
(0.459831 0.412634 9.95683e-19)
(0.391507 0.305372 5.92266e-19)
(0.277889 0.191068 0)
(0.142287 0.0741576 1.19765e-18)
(0.0207955 -0.0015106 -7.12936e-19)
(0.428429 0.366707 -5.89545e-20)
(0.94182 0.779539 5.38709e-20)
(1.14546 0.972377 -4.0987e-20)
(1.18104 1.00931 -1.18477e-21)
(1.14654 1.00965 3.62598e-20)
(1.08931 0.981129 -4.24977e-20)
(1.02213 0.949567 0)
(0.948169 0.913316 -7.89797e-19)
(0.864863 0.870752 9.2272e-20)
(0.771552 0.819775 0)
(0.67932 0.759087 0)
(0.600571 0.69605 1.26325e-19)
(0.533595 0.629504 1.66958e-19)
(0.496634 0.561361 -3.6116e-19)
(0.462244 0.494889 8.96631e-19)
(0.420841 0.393492 -1.08289e-18)
(0.35352 0.287518 -1.26648e-18)
(0.271322 0.166814 1.11972e-18)
(0.18665 0.105894 -4.27768e-19)
(0.114476 0.0834924 2.49647e-19)
(0.427541 0.379163 8.46944e-20)
(0.935158 0.803384 0)
(1.13476 0.999852 0)
(1.16915 1.03784 6.91542e-21)
(1.13428 1.03782 -5.59849e-21)
(1.07705 1.00847 -2.09898e-20)
(1.00987 0.976232 2.60507e-19)
(0.935735 0.939545 8.28601e-19)
(0.85184 0.896465 1.37052e-18)
(0.75691 0.845193 -9.69288e-20)
(0.65799 0.784493 1.97137e-19)
(0.569832 0.717979 -1.13708e-18)
(0.509076 0.653042 -1.11602e-18)
(0.449783 0.582912 -1.93239e-19)
(0.409207 0.488742 0)
(0.374798 0.400632 -1.00303e-20)
(0.321397 0.226091 6.92454e-19)
(0.280116 0.0663983 -1.1755e-18)
(0.24013 -0.0671282 8.96326e-19)
(0.080809 -0.0954338 7.49145e-19)
(0.426608 0.391121 -1.90951e-19)
(0.928789 0.825959 -9.03436e-20)
(1.12444 1.02553 6.80475e-21)
(1.15768 1.06417 2.08005e-20)
(1.12242 1.06382 0)
(1.06521 1.03408 -2.42024e-19)
(0.998125 1.00175 -3.61081e-19)
(0.923735 0.9647 1.03081e-20)
(0.839026 0.921705 -7.21734e-19)
(0.7426 0.871008 -9.52333e-20)
(0.644095 0.811355 8.84542e-20)
(0.559141 0.748762 9.97841e-19)
(0.4768 0.681004 1.08961e-18)
(0.423677 0.601328 1.87599e-19)
(0.373134 0.520344 9.51745e-19)
(0.303902 0.377535 0)
(0.19048 0.213785 0)
(0.0194939 0.23359 8.08743e-19)
(-0.0750288 0.628902 -3.19819e-20)
(0.00421778 1.52536 -9.78547e-19)
(0.425498 0.402426 1.07455e-19)
(0.922566 0.847244 2.32082e-19)
(1.11437 1.04995 -2.75754e-19)
(1.14649 1.08966 9.20111e-20)
(1.11088 1.08916 2.14605e-20)
(1.05367 1.05895 -2.25092e-19)
(0.986562 1.02634 0)
(0.912046 0.989378 -7.028e-19)
(0.826778 0.946453 0)
(0.728928 0.895824 1.37564e-18)
(0.624793 0.836578 -1.04374e-19)
(0.525509 0.773751 1.1703e-19)
(0.45273 0.709798 1.24167e-18)
(0.37054 0.640253 -4.032e-19)
(0.281729 0.525972 -4.84369e-19)
(0.206396 0.436783 0)
(0.0977713 0.538759 0)
(0.0298811 1.29806 0)
(0.0744934 2.44922 -4.60767e-19)
(0.103366 2.90395 -2.81692e-19)
(0.424228 0.413169 0)
(0.916627 0.867347 0)
(1.10472 1.07284 1.03951e-19)
(1.13577 1.11319 -6.89174e-20)
(1.09978 1.11258 -2.24134e-20)
(1.04257 1.08233 2.17555e-19)
(0.97556 1.05002 4.50676e-20)
(0.900821 1.01324 -3.50892e-20)
(0.814997 0.971138 9.99815e-20)
(0.715614 0.922192 -1.57934e-18)
(0.610542 0.86587 1.92335e-19)
(0.518188 0.8083 9.94163e-19)
(0.420105 0.747128 -1.23927e-18)
(0.343831 0.663019 -1.33991e-18)
(0.270678 0.589846 4.50557e-19)
(0.20013 0.715058 0)
(0.131356 1.52832 6.29433e-19)
(0.130682 2.68361 7.03301e-19)
(0.138334 3.08457 -7.86852e-19)
(0.12937 3.22059 8.53779e-19)
(0.422783 0.423443 0)
(0.910794 0.88613 2.29014e-19)
(1.09531 1.09448 -2.48523e-20)
(1.12537 1.13598 1.31724e-19)
(1.08907 1.13545 2.35265e-20)
(1.03188 1.10502 0)
(0.964825 1.07274 0)
(0.889999 1.0364 0)
(0.803585 0.994884 5.95797e-19)
(0.703143 0.94659 7.59094e-20)
(0.594995 0.891072 0)
(0.486136 0.834743 -9.9135e-19)
(0.404041 0.779058 0)
(0.294631 0.716706 9.60477e-19)
(0.211499 0.788896 -6.45068e-19)
(0.162956 1.45494 -5.18388e-19)
(0.165696 2.67237 -1.22441e-18)
(0.186317 3.12639 -6.5137e-19)
(0.17689 3.26906 -9.1055e-19)
(0.162266 3.30963 7.13424e-19)
(0.421299 0.4329 -8.32446e-20)
(0.90527 0.903863 1.54203e-20)
(1.08637 1.11481 -2.93088e-20)
(1.1155 1.15695 -9.39969e-20)
(1.07882 1.1565 0)
(1.02164 1.1263 0)
(0.95469 1.09465 0)
(0.879694 1.05888 4.86154e-20)
(0.793057 1.01866 -7.50214e-19)
(0.691732 0.973105 0)
(0.581772 0.922588 0)
(0.484277 0.873096 0)
(0.370696 0.821176 0)
(0.307359 0.806221 7.04968e-19)
(0.276775 1.17874 1.725e-18)
(0.260433 2.36342 5.11597e-19)
(0.271466 3.08256 1.04928e-18)
(0.265326 3.28669 -8.17042e-19)
(0.215672 3.35335 3.04866e-19)
(0.182365 3.36592 0)
(0.41967 0.44199 8.73247e-20)
(0.899599 0.920755 -5.25951e-19)
(1.07739 1.13451 -1.32801e-19)
(1.1057 1.1779 -2.55857e-20)
(1.06875 1.17774 -8.36882e-21)
(1.01162 1.14758 1.68047e-19)
(0.944647 1.11614 -2.22153e-20)
(0.869658 1.08105 -6.12456e-19)
(0.782526 1.04181 0)
(0.68042 0.997344 -9.15969e-20)
(0.569375 0.947302 8.33243e-20)
(0.454351 0.898646 0)
(0.371214 0.861638 0)
(0.32196 0.987191 -8.8149e-19)
(0.283686 1.84911 1.17122e-19)
(0.278916 2.93807 -3.94483e-19)
(0.298984 3.29145 8.34321e-19)
(0.272252 3.39125 6.27915e-19)
(0.205372 3.41614 -8.94643e-19)
(0.180046 3.42517 4.46287e-19)
(0.417713 0.45123 1.7664e-19)
(0.893697 0.938228 5.2343e-19)
(1.06813 1.15472 1.55201e-19)
(1.09563 1.19866 0)
(1.05838 1.19859 0)
(1.00135 1.1687 -1.27022e-19)
(0.934598 1.13799 2.14642e-19)
(0.859658 1.10363 5.49669e-19)
(0.772845 1.0659 3.2757e-20)
(0.670674 1.02477 1.2191e-18)
(0.557998 0.981504 -1.36577e-18)
(0.453788 0.93926 0)
(0.374376 0.944879 0)
(0.341684 1.34803 -6.10714e-19)
(0.343923 2.47081 -7.29174e-19)
(0.386655 3.19915 0)
(0.411738 3.37561 -8.94964e-19)
(0.341826 3.43929 1.73176e-20)
(0.270198 3.48355 5.12434e-19)
(0.246816 3.50911 -1.93706e-19)
(0.415295 0.46087 -3.39574e-19)
(0.886861 0.956227 -2.53877e-19)
(1.05781 1.1758 0)
(1.08462 1.22104 0)
(1.04725 1.22123 0)
(0.99045 1.19122 0)
(0.923875 1.16053 -2.38796e-19)
(0.849245 1.1267 5.27957e-19)
(0.762212 1.08997 0)
(0.659769 1.04996 -1.11208e-18)
(0.549023 1.00667 2.46021e-18)
(0.438625 0.972284 9.87106e-20)
(0.384174 1.0565 1.27191e-19)
(0.39133 1.73907 1.00433e-18)
(0.411468 2.89238 -5.51721e-19)
(0.448404 3.32487 0)
(0.430577 3.45139 2.58871e-19)
(0.343839 3.53924 9.44214e-20)
(0.264872 3.60486 1.18686e-19)
(0.189498 3.58448 4.72836e-20)
(0.412388 0.470838 1.63247e-19)
(0.879507 0.975623 -2.69706e-19)
(1.04687 1.1982 0)
(1.07296 1.24363 -3.30482e-20)
(1.03539 1.24367 9.39691e-20)
(0.978858 1.21372 0)
(0.912799 1.18364 0)
(0.83862 1.15044 -9.35071e-19)
(0.752573 1.11505 -7.61617e-20)
(0.651283 1.07842 1.11807e-18)
(0.536095 1.04249 -1.17438e-18)
(0.449821 1.02802 6.69973e-19)
(0.413706 1.2434 0)
(0.43539 2.17529 -5.3651e-19)
(0.476406 3.14458 3.45586e-19)
(0.53756 3.43048 2.36345e-19)
(0.531015 3.52885 0)
(0.466095 3.61431 -1.16771e-20)
(0.393591 3.65716 -3.63584e-19)
(0.311638 3.62808 -8.02183e-20)
(0.408741 0.481117 -3.3493e-19)
(0.870788 0.995349 3.88766e-19)
(1.03452 1.22129 2.50362e-19)
(1.06011 1.26799 -5.9422e-20)
(1.02259 1.26815 -1.45124e-19)
(0.966542 1.23784 0)
(0.900985 1.20748 -1.02527e-19)
(0.827488 1.17453 3.51341e-19)
(0.741605 1.13996 4.96475e-20)
(0.64051 1.10413 -9.65673e-19)
(0.5293 1.06973 -6.50283e-20)
(0.449645 1.08043 -7.56991e-19)
(0.44546 1.45956 8.25341e-19)
(0.502259 2.53396 1.86745e-19)
(0.570241 3.30692 -3.43226e-19)
(0.624411 3.484 2.20629e-19)
(0.584446 3.53935 0)
(0.524235 3.54519 0)
(0.427129 3.51194 -6.66051e-19)
(0.193297 3.30469 1.20903e-18)
(0.404571 0.491161 1.62249e-19)
(0.861457 1.01688 3.90697e-19)
(1.02156 1.24617 -2.6543e-19)
(1.0466 1.29254 2.12178e-19)
(1.00901 1.29214 1.71806e-19)
(0.95352 1.26158 0)
(0.888858 1.23166 1.23229e-19)
(0.81632 1.19914 3.50073e-19)
(0.732144 1.16559 0)
(0.633663 1.13291 0)
(0.524943 1.10852 0)
(0.463497 1.16512 0)
(0.494556 1.69759 -9.33167e-19)
(0.568634 2.84414 -2.52982e-19)
(0.642147 3.4034 0)
(0.684639 3.50108 -6.07203e-20)
(0.682857 3.50688 0)
(0.758559 3.35093 1.22477e-19)
(0.854412 2.98498 -1.74993e-18)
(0.453344 2.6113 1.84637e-18)
(0.398985 0.501191 -3.39128e-19)
(0.850164 1.03825 -2.53256e-19)
(1.00669 1.2713 -1.81547e-19)
(1.03156 1.31898 -1.98442e-19)
(0.99428 1.31855 -8.81464e-20)
(0.939661 1.28737 0)
(0.875928 1.25674 3.31163e-20)
(0.804496 1.22417 -6.50851e-20)
(0.721096 1.1912 -3.68759e-19)
(0.623029 1.15871 0)
(0.523039 1.1385 6.30617e-20)
(0.479525 1.24935 -7.17143e-20)
(0.539847 1.93984 0)
(0.638322 3.06767 3.27925e-19)
(0.730467 3.44329 0)
(0.766139 3.48372 -7.09099e-20)
(0.770205 3.39899 2.07557e-19)
(0.763103 3.02184 -1.20826e-19)
(0.517858 2.01732 2.59399e-19)
(-0.34802 0.512164 -6.38563e-19)
(0.392361 0.51161 -1.33598e-20)
(0.837981 1.06193 -1.33687e-19)
(0.990967 1.29914 2.48299e-19)
(1.01557 1.34608 -1.92394e-20)
(0.978383 1.34474 -3.60059e-20)
(0.924639 1.31307 0)
(0.862205 1.28291 -4.31293e-20)
(0.792324 1.25066 -2.28978e-19)
(0.711326 1.21858 6.71825e-19)
(0.614669 1.18891 -7.17359e-19)
(0.525484 1.18409 -7.85687e-19)
(0.505947 1.37091 0)
(0.599769 2.23128 5.09619e-19)
(0.710853 3.21645 -8.11711e-20)
(0.785487 3.43213 2.3653e-21)
(0.790304 3.42636 0)
(0.719879 3.19331 -1.14479e-19)
(0.550546 2.42212 1.21158e-19)
(0.113073 0.67276 -1.43893e-19)
(-0.254358 -0.411508 -1.37178e-19)
(0.383819 0.520869 3.22487e-19)
(0.823081 1.08454 -1.33001e-19)
(0.972579 1.32644 1.83918e-19)
(0.997548 1.37517 1.39272e-19)
(0.960967 1.37393 7.56189e-20)
(0.908566 1.34168 9.27238e-20)
(0.847559 1.31056 5.717e-20)
(0.779244 1.27828 1.75096e-19)
(0.699676 1.24681 -5.46229e-19)
(0.604072 1.21891 2.11934e-20)
(0.529532 1.22341 1.07141e-19)
(0.53687 1.50335 -5.1495e-19)
(0.654563 2.4983 1.56916e-19)
(0.767773 3.28758 -2.90801e-19)
(0.830456 3.39926 8.70639e-20)
(0.812453 3.32315 5.37286e-20)
(0.689027 2.89301 -1.49736e-19)
(0.428203 1.68777 1.01757e-19)
(0.0656567 0.0615116 0)
(-0.0794502 -0.170469 -2.37766e-19)
(0.374139 0.530007 0)
(0.806836 1.1094 -5.06715e-19)
(0.953233 1.35724 2.38095e-20)
(0.978417 1.40509 -2.17745e-19)
(0.94215 1.40263 0)
(0.89108 1.36969 -7.34675e-20)
(0.831906 1.33921 -1.84502e-20)
(0.765921 1.30717 -1.63798e-19)
(0.689785 1.27661 4.42787e-19)
(0.598334 1.2526 5.37326e-19)
(0.536098 1.28093 6.26048e-19)
(0.570777 1.6626 4.67755e-20)
(0.712082 2.73599 -3.87568e-19)
(0.825812 3.32528 -8.0975e-21)
(0.865628 3.36361 5.35988e-20)
(0.789994 3.1651 2.59212e-20)
(0.549183 2.36935 6.1038e-20)
(0.122679 0.473409 -7.23401e-20)
(-0.133785 -0.245314 0)
(-0.114428 -0.208167 0)
(0.361634 0.536969 -3.19584e-19)
(0.786863 1.13164 5.1138e-19)
(0.930513 1.38587 0)
(0.956786 1.43641 0)
(0.921454 1.43427 0)
(0.872475 1.40087 0)
(0.815378 1.36914 -1.15029e-20)
(0.751614 1.3371 -1.55942e-20)
(0.67778 1.30713 -2.04667e-20)
(0.5921 1.28577 5.82009e-20)
(0.542464 1.33653 -5.74777e-19)
(0.611204 1.82777 3.86792e-19)
(0.770698 2.92929 0)
(0.865999 3.32469 3.69595e-20)
(0.882691 3.299 -7.4554e-21)
(0.746671 2.89106 4.14785e-21)
(0.417468 1.7429 8.07166e-20)
(0.0149539 -0.0209232 4.2953e-20)
(-0.163081 -0.205682 -1.74717e-19)
(-0.0601888 -0.139007 -2.03091e-19)
(0.346662 0.542721 1.6507e-19)
(0.764249 1.15474 2.38966e-19)
(0.906919 1.41875 -9.22101e-21)
(0.933747 1.46876 1.2405e-19)
(0.898991 1.46501 0)
(0.852065 1.43066 1.78786e-19)
(0.797437 1.39969 -2.19989e-20)
(0.736832 1.36764 1.60095e-21)
(0.666362 1.3384 -3.48822e-20)
(0.588678 1.32252 4.64706e-20)
(0.555626 1.40741 3.83764e-19)
(0.651547 2.02531 -2.08196e-19)
(0.818096 3.05606 -1.71962e-19)
(0.902235 3.31527 -1.81912e-20)
(0.89379 3.20305 1.14118e-20)
(0.668628 2.57329 7.78976e-20)
(0.218475 0.85075 -4.32194e-20)
(-0.0756829 -0.274718 7.6919e-20)
(-0.14101 -0.230013 -2.37823e-19)
(-0.061571 -0.136529 1.62617e-19)
(0.327947 0.544811 -1.54406e-19)
(0.73739 1.17354 0)
(0.879234 1.44699 -1.73598e-19)
(0.907518 1.50139 -2.4163e-19)
(0.874147 1.49825 0)
(0.830481 1.46363 -1.43854e-19)
(0.778579 1.43112 0)
(0.721127 1.3989 -2.29296e-20)
(0.652374 1.37028 -9.20109e-20)
(0.585072 1.3589 2.15712e-19)
(0.567994 1.48106 -2.44627e-19)
(0.699808 2.21928 1.09224e-19)
(0.868056 3.13185 3.04385e-19)
(0.937173 3.29172 -2.50428e-20)
(0.875577 3.07175 8.77848e-21)
(0.557245 2.13678 -2.76516e-20)
(0.0936817 0.171566 7.16475e-20)
(-0.166813 -0.289966 -7.87309e-20)
(-0.108486 -0.216957 4.54467e-22)
(-0.0407054 -0.0765484 -1.69344e-20)
(0.306509 0.544097 3.11421e-19)
(0.708158 1.19281 -2.34454e-19)
(0.85043 1.47942 1.9117e-19)
(0.879179 1.53505 1.17458e-19)
(0.847239 1.53008 2.7446e-20)
(0.806608 1.49423 1.05958e-19)
(0.757821 1.46243 0)
(0.704376 1.42986 -3.62747e-20)
(0.639952 1.40205 0)
(0.582291 1.39864 -2.01753e-19)
(0.585922 1.56226 2.35987e-19)
(0.740311 2.39014 -2.02726e-20)
(0.903052 3.17658 -1.65695e-19)
(0.954052 3.25453 7.28947e-21)
(0.847426 2.88454 7.43456e-21)
(0.436437 1.65966 3.8017e-20)
(-0.0471949 -0.104912 -1.16574e-19)
(-0.227692 -0.26746 -6.83746e-20)
(-0.124684 -0.240618 -2.83553e-20)
(-0.0576337 -0.0712397 1.28474e-19)
(0.281182 0.536843 4.2697e-21)
(0.674009 1.205 1.22882e-19)
(0.816076 1.50379 0)
(0.846884 1.56687 2.21005e-19)
(0.817538 1.56361 -3.0241e-19)
(0.781426 1.52759 1.10353e-19)
(0.735866 1.49413 -6.7585e-20)
(0.68699 1.46081 1.53746e-20)
(0.625826 1.43423 2.85865e-22)
(0.578574 1.43646 -1.81341e-20)
(0.601749 1.64453 1.31542e-19)
(0.788742 2.54542 1.68789e-19)
(0.941857 3.19329 3.75079e-20)
(0.976087 3.20716 6.10976e-21)
(0.799969 2.69089 -3.35934e-20)
(0.304182 1.14091 6.9606e-20)
(-0.0883931 -0.234639 -8.34501e-20)
(-0.253544 -0.309688 5.58578e-20)
(-0.137215 -0.291265 5.4835e-22)
(-0.0762589 -0.0983967 -1.16357e-19)
(0.252687 0.52303 5.87079e-19)
(0.635935 1.21403 -1.24089e-19)
(0.779998 1.53182 -3.25108e-19)
(0.811959 1.59892 2.63915e-19)
(0.78604 1.59487 -1.28922e-19)
(0.753222 1.55741 2.15041e-19)
(0.711535 1.52437 9.47436e-20)
(0.667744 1.49065 0)
(0.613422 1.46439 -2.11417e-21)
(0.573944 1.4771 1.44615e-21)
(0.620234 1.72255 -4.27507e-20)
(0.824677 2.65677 -1.16872e-19)
(0.962915 3.19616 2.24088e-20)
(0.970855 3.15193 8.63944e-21)
(0.739771 2.45916 -5.60671e-20)
(0.228113 0.682214 -3.43358e-20)
(-0.0808977 -0.276397 9.37775e-20)
(-0.197072 -0.352194 3.37916e-20)
(-0.127387 -0.316221 1.15579e-20)
(-0.0701303 -0.121271 9.70125e-20)
(0.219789 0.498047 0)
(0.591734 1.21187 1.15473e-19)
(0.736831 1.54778 -1.46321e-19)
(0.772997 1.62645 2.58091e-19)
(0.751214 1.62644 -2.9603e-19)
(0.723165 1.58917 1.23946e-19)
(0.685553 1.55455 0)
(0.6475 1.51907 0)
(0.60017 1.4932 0)
(0.567593 1.51261 -8.95965e-21)
(0.635009 1.79013 8.39834e-21)
(0.865586 2.74777 -1.02123e-20)
(0.988688 3.20202 1.43627e-20)
(0.985229 3.0918 2.32362e-20)
(0.709892 2.30443 -3.52965e-20)
(0.221323 0.417245 4.16725e-20)
(-0.0541335 -0.23453 6.71169e-21)
(-0.136862 -0.349358 -6.12838e-20)
(-0.105767 -0.309125 7.91403e-21)
(-0.0217882 -0.107524 0)
(0.183516 0.460852 5.43744e-19)
(0.542049 1.19964 -1.07982e-19)
(0.691879 1.56546 4.59646e-21)
(0.731223 1.65342 0)
(0.714559 1.65381 -1.42742e-19)
(0.689512 1.61602 1.8091e-20)
(0.656798 1.58131 0)
(0.625102 1.5456 2.51746e-20)
(0.586394 1.51871 -1.98641e-20)
(0.560755 1.54711 0)
(0.648819 1.84419 0)
(0.890981 2.79447 1.18621e-20)
(1.00301 3.20575 -5.33495e-20)
(0.953851 3.04868 -3.75219e-20)
(0.605356 2.07268 -9.93362e-21)
(-0.0039389 0.242108 3.10384e-21)
(-0.224515 -0.127494 0)
(-0.204945 -0.294259 -1.85981e-20)
(-0.132099 -0.274782 -6.80017e-20)
(0.0342602 0.0329695 1.46188e-19)
(0.143544 0.406639 4.49815e-19)
(0.485808 1.17006 -1.04022e-19)
(0.638491 1.56472 1.41872e-19)
(0.684821 1.67242 -3.54094e-19)
(0.672982 1.67935 0)
(0.653752 1.64392 0)
(0.626035 1.60748 0)
(0.60081 1.56937 2.84602e-20)
(0.570769 1.53995 -2.24486e-20)
(0.550491 1.5707 0)
(0.655881 1.87609 0)
(0.926659 2.82832 4.85221e-20)
(1.0247 3.21938 -4.9626e-20)
(0.938819 3.06241 4.74776e-20)
(0.548643 2.03214 1.58139e-19)
(-0.145274 0.414044 0)
(-0.410035 -0.177314 -7.31581e-20)
(-0.460747 -0.55059 -2.05911e-20)
(-0.395701 -0.587843 3.61609e-19)
(-0.0519353 -0.0925474 -4.13124e-19)
(0.101912 0.334212 -4.1786e-19)
(0.422604 1.11822 1.12292e-19)
(0.583213 1.56114 3.07806e-19)
(0.635519 1.68834 1.98782e-19)
(0.628801 1.69798 -1.61105e-19)
(0.614613 1.6651 -9.87982e-20)
(0.591582 1.62789 6.22924e-20)
(0.573754 1.58956 0)
(0.553651 1.55741 0)
(0.538178 1.58548 0)
(0.65586 1.88307 -2.26088e-20)
(0.950767 2.80496 -5.79671e-20)
(1.07419 3.21775 7.43865e-20)
(0.999881 3.09484 -2.87175e-20)
(0.615326 2.05497 8.0805e-20)
(-0.0238692 0.529146 0)
(-0.424846 -0.211887 2.09748e-19)
(-0.550305 -0.900028 -9.60145e-19)
(-0.564672 -1.13255 2.09781e-18)
(-0.300982 -0.849173 -1.1648e-18)
(0.0573451 0.241021 4.41683e-19)
(0.351385 1.0394 -3.62879e-19)
(0.516655 1.52704 0)
(0.579644 1.69086 1.00201e-19)
(0.579886 1.71346 6.94781e-20)
(0.572346 1.68599 1.38956e-19)
(0.554745 1.64673 -5.82297e-20)
(0.542607 1.6053 0)
(0.532516 1.56833 0)
(0.525376 1.59022 -5.70817e-20)
(0.645548 1.86082 4.14791e-22)
(0.97672 2.76929 2.72376e-20)
(1.16933 3.19358 -6.01029e-23)
(1.20676 3.12467 3.04647e-19)
(0.980131 2.39475 -7.84868e-19)
(0.508173 0.993315 1.12597e-18)
(-0.0295218 -0.0144763 -8.24173e-19)
(-0.332349 -1.00307 0)
(-0.512352 -1.40528 -3.16695e-20)
(-0.352234 -1.34367 1.59126e-18)
(0.0199441 0.154117 4.50934e-19)
(0.269512 0.920859 0)
(0.448833 1.48162 0)
(0.520582 1.68471 0)
(0.528572 1.71882 5.49828e-20)
(0.526048 1.6973 -1.40088e-19)
(0.512731 1.65792 -5.53586e-20)
(0.507149 1.61582 0)
(0.506095 1.57226 0)
(0.50653 1.58198 3.66346e-20)
(0.620855 1.80437 8.36153e-21)
(0.97017 2.62708 -1.14962e-20)
(1.25822 3.09243 9.75257e-21)
(1.34812 2.98022 5.7196e-20)
(1.26947 2.54888 -2.06078e-19)
(1.00905 1.60533 1.40493e-19)
(0.560486 0.580852 -2.21805e-19)
(0.151361 -0.326537 0)
(-0.125269 -1.23003 3.05658e-20)
(-0.302006 -1.4896 2.27475e-19)
(-0.000689745 0.0847627 -4.17997e-19)
(0.180084 0.758837 1.43975e-19)
(0.36796 1.38096 2.16884e-19)
(0.455322 1.65435 -1.77448e-20)
(0.4725 1.71827 -1.27004e-19)
(0.475916 1.70758 -7.22349e-20)
(0.467403 1.66749 1.54731e-19)
(0.464403 1.62084 -7.12422e-21)
(0.470284 1.56876 0)
(0.480097 1.56115 1.08453e-20)
(0.566934 1.71083 9.01965e-21)
(0.878859 2.44687 -6.69676e-21)
(1.19826 2.92404 0)
(1.27727 2.85837 -2.9216e-22)
(1.21655 2.55956 0)
(1.0875 1.9305 -1.3053e-21)
(0.725898 0.983096 6.66665e-20)
(0.412226 0.123647 0)
(0.110611 -0.67591 0)
(-0.0397653 -0.888698 -6.6614e-19)
(-0.00356344 0.0275034 3.29104e-19)
(0.0944372 0.510209 -1.2325e-19)
(0.29722 1.25352 9.57771e-20)
(0.38852 1.60224 -1.48445e-19)
(0.413403 1.70296 5.71547e-20)
(0.419914 1.70263 -1.73865e-20)
(0.415575 1.66989 8.73347e-21)
(0.413144 1.62174 -2.20418e-20)
(0.420611 1.55893 -1.13794e-20)
(0.436448 1.52917 2.55571e-21)
(0.479306 1.60799 6.60231e-21)
(0.671866 2.12882 0)
(1.00907 2.76522 2.79653e-20)
(1.05378 2.74287 0)
(1.04502 2.57612 0)
(0.965729 2.20348 0)
(0.738453 1.55039 7.0041e-19)
(0.477114 0.862976 -1.74212e-18)
(0.223416 0.247089 1.18632e-20)
(0.0240204 -0.193442 1.24039e-18)
(0.0044738 -0.0282303 5.69073e-20)
(0.0296264 0.2208 5.33821e-20)
(0.207476 1.01044 -4.34923e-20)
(0.317455 1.50509 -3.14011e-20)
(0.35036 1.67761 2.53873e-20)
(0.359948 1.69544 1.62349e-20)
(0.357934 1.673 1.01565e-20)
(0.352557 1.61782 0)
(0.354053 1.54771 -3.88386e-21)
(0.362957 1.49643 -4.34152e-22)
(0.374181 1.52862 -8.4322e-21)
(0.431313 1.87193 0)
(0.726644 2.58498 1.43164e-20)
(0.742248 2.69306 -4.65282e-20)
(0.719869 2.63752 0)
(0.670979 2.44283 0)
(0.549588 2.04292 -4.27509e-20)
(0.356214 1.45628 0)
(0.185951 0.932981 -3.308e-20)
(0.0520297 0.456773 0)
(0.00861712 -0.0732903 0)
(0.00909406 0.0510848 0)
(0.105554 0.681613 0)
(0.2317 1.33786 0)
(0.27751 1.61758 -6.04907e-34)
(0.291115 1.67555 4.1525e-34)
(0.293124 1.66597 0)
(0.28955 1.61589 0)
(0.282952 1.54172 0)
(0.287575 1.47761 0)
(0.295023 1.49403 0)
(0.274122 1.75095 0)
(0.502616 2.44259 0)
(0.528388 2.70474 0)
(0.491311 2.71823 0)
(0.455357 2.64254 0)
(0.388842 2.40932 0)
(0.25491 1.96263 0)
(0.121697 1.49642 0)
(0.0252704 0.921103 0)
(0.00329446 -0.103349 0)
(0.0129639 -0.0471098 0)
(0.0442014 0.397083 0)
(0.158319 1.15508 0)
(0.202483 1.54418 0)
(0.218514 1.65312 0)
(0.22451 1.65315 0)
(0.224887 1.61533 0)
(0.220515 1.54033 0)
(0.223324 1.47448 0)
(0.239238 1.4882 0)
(0.179432 1.70383 0)
(0.347454 2.36773 0)
(0.385838 2.72632 0)
(0.342157 2.79829 0)
(0.312512 2.77369 0)
(0.264534 2.62317 0)
(0.17466 2.26197 0)
(0.0746412 1.81721 0)
(0.0120593 1.15598 0)
(0.0025869 -0.140488 0)
(0.0227093 -0.104337 0)
(0.0159686 0.261101 0)
(0.0856013 1.02667 0)
(0.123128 1.47449 0)
(0.144278 1.6244 0)
(0.155523 1.63899 0)
(0.162385 1.61078 0)
(0.164818 1.54041 0)
(0.163543 1.48108 0)
(0.188831 1.49597 0)
(0.115514 1.68025 0)
(0.230703 2.31716 0)
(0.273257 2.74591 0)
(0.234993 2.86594 0)
(0.203369 2.8706 0)
(0.171268 2.77416 0)
(0.109432 2.48232 0)
(0.0382282 2.06303 0)
(-0.0008836 1.31523 0)
(0.0031875 -0.181043 0)
(0.017079 -0.133176 0)
(-0.00267757 0.263478 0)
(0.0153096 0.959745 0)
(0.0455906 1.43007 0)
(0.0700529 1.5978 0)
(0.0891581 1.6229 0)
(0.104217 1.6016 0)
(0.11198 1.53925 0)
(0.110971 1.48709 0)
(0.142572 1.50474 0)
(0.0747057 1.66577 0)
(0.149658 2.28297 0)
(0.184516 2.76139 0)
(0.15218 2.91665 0)
(0.123403 2.94359 0)
(0.0982673 2.87976 0)
(0.0551006 2.62619 0)
(0.00698726 2.19461 0)
(-0.0109286 1.32828 0)
(0.00228565 -0.197689 0)
(-0.00354225 -0.110331 0)
(-0.0304117 0.303093 0)
(-0.0388764 0.948709 0)
(-0.0220881 1.39274 0)
(0.00190246 1.56617 0)
(0.0279562 1.60039 0)
(0.0517873 1.58777 0)
(0.0670166 1.5345 0)
(0.0688028 1.4878 0)
(0.102766 1.51163 0)
(0.0452114 1.65746 0)
(0.0946313 2.25569 0)
(0.117771 2.77239 0)
(0.0878534 2.95643 0)
(0.063361 3.00204 0)
(0.0472466 2.95087 0)
(0.0183792 2.71985 0)
(-0.00771862 2.28852 0)
(-0.0156883 1.30611 0)
(-0.00277748 -0.174087 0)
(-0.0208148 -0.0427597 0)
(-0.0576857 0.380006 0)
(-0.0763174 0.970089 0)
(-0.0681381 1.3586 0)
(-0.0446284 1.52361 0)
(-0.0167811 1.56815 0)
(0.00932908 1.56706 0)
(0.0346489 1.52211 0)
(0.0350752 1.48076 0)
(0.0677111 1.51659 0)
(0.023704 1.65488 0)
(0.0567571 2.23828 0)
(0.0677608 2.78089 0)
(0.0422655 2.98571 0)
(0.0239353 3.04257 0)
(0.0110171 3.00215 0)
(-0.00994291 2.77333 0)
(-0.0295321 2.30494 0)
(-0.0170816 1.24373 0)
(-0.00630217 -0.117478 0)
(-0.0308687 0.0549841 0)
(-0.0707041 0.467763 0)
(-0.0930482 0.997368 0)
(-0.0898462 1.32613 0)
(-0.069983 1.4763 0)
(-0.0458281 1.52804 0)
(-0.0193637 1.53662 0)
(0.00902093 1.50344 0)
(0.00738928 1.47111 0)
(0.0399686 1.51563 0)
(0.00922419 1.65392 0)
(0.0296638 2.22408 0)
(0.0337862 2.78461 0)
(0.0114142 3.0058 0)
(-0.00402678 3.07133 0)
(-0.0168115 3.03296 0)
(-0.0304144 2.80233 0)
(-0.0366344 2.29429 0)
(-0.0208222 1.1373 0)
(-0.00710804 -0.0462488 0)
(-0.0332047 0.161571 0)
(-0.0731275 0.552245 0)
(-0.0943207 1.0202 0)
(-0.0927706 1.30154 0)
(-0.0759968 1.43778 0)
(-0.0585183 1.49127 0)
(-0.0369502 1.5044 0)
(-0.0128144 1.48352 0)
(-0.013389 1.4593 0)
(0.0183368 1.51241 0)
(-0.00449375 1.65484 0)
(0.00738735 2.22443 0)
(0.00430817 2.79248 0)
(-0.0119392 3.02435 0)
(-0.025379 3.09545 0)
(-0.0337831 3.05441 0)
(-0.0440856 2.81149 0)
(-0.0427083 2.26289 0)
(-0.0221613 1.01467 0)
(-0.00659126 0.0249952 0)
(-0.0298053 0.264733 0)
(-0.0657623 0.630394 0)
(-0.0858038 1.04117 0)
(-0.0861199 1.28496 0)
(-0.072926 1.40811 0)
(-0.0603137 1.46138 0)
(-0.0443045 1.47879 0)
(-0.0248911 1.46726 0)
(-0.0234792 1.44754 0)
(0.00174563 1.50944 0)
(-0.0150359 1.65337 0)
(-0.0106761 2.22557 0)
(-0.0169516 2.80212 0)
(-0.0286439 3.03778 0)
(-0.0378429 3.1083 0)
(-0.0447265 3.06401 0)
(-0.049123 2.80661 0)
(-0.044234 2.2096 0)
(-0.0177348 0.892753 0)
(-0.00479551 0.0850502 0)
(-0.0231796 0.353746 0)
(-0.0528624 0.696768 0)
(-0.0702729 1.06351 0)
(-0.073065 1.28115 0)
(-0.0633206 1.39381 0)
(-0.054933 1.44478 0)
(-0.0431424 1.4627 0)
(-0.0264693 1.45614 0)
(-0.025944 1.43824 0)
(-0.00953803 1.50918 0)
(-0.023839 1.661 0)
(-0.0263292 2.23349 0)
(-0.031826 2.81305 0)
(-0.0413174 3.04845 0)
(-0.0458824 3.11739 0)
(-0.0495032 3.06899 0)
(-0.0515469 2.79313 0)
(-0.0413458 2.14192 0)
(-0.0124878 0.786079 0)
(-0.00308125 0.129783 0)
(-0.0165817 0.426072 0)
(-0.0401787 0.754623 0)
(-0.0547534 1.08758 0)
(-0.0598873 1.28277 0)
(-0.0547304 1.38456 0)
(-0.0494389 1.4324 0)
(-0.0393438 1.45156 0)
(-0.0246586 1.44811 0)
(-0.0259904 1.43328 0)
(-0.0123506 1.50693 0)
(-0.0283047 1.66663 0)
(-0.0344948 2.23992 0)
(-0.0385329 2.82359 0)
(-0.0490209 3.05924 0)
(-0.0510475 3.12769 0)
(-0.0517903 3.06953 0)
(-0.0509257 2.77792 0)
(-0.0378419 2.07319 0)
(-0.00822562 0.696928 0)
(-0.00180279 0.159842 0)
(-0.0109743 0.479306 0)
(-0.0291786 0.798101 0)
(-0.0396606 1.10852 0)
(-0.045628 1.29009 0)
(-0.0430867 1.38343 0)
(-0.0421876 1.42648 0)
(-0.0355724 1.44268 0)
(-0.0237972 1.44127 0)
(-0.0275107 1.4304 0)
(-0.0142694 1.50707 0)
(-0.0284651 1.67695 0)
(-0.0368055 2.24961 0)
(-0.0405868 2.83361 0)
(-0.0490751 3.06725 0)
(-0.050406 3.13104 0)
(-0.0517933 3.06733 0)
(-0.0466056 2.75406 0)
(-0.0339614 2.00486 0)
(-0.0036341 0.623839 0)
(-0.00109903 0.179839 0)
(-0.00728673 0.519756 0)
(-0.0217745 0.834025 0)
(-0.0297853 1.12579 0)
(-0.0340132 1.29712 0)
(-0.0340949 1.38308 0)
(-0.0354441 1.42148 0)
(-0.031662 1.4359 0)
(-0.0228983 1.43649 0)
(-0.0290564 1.42898 0)
(-0.0165213 1.50649 0)
(-0.0254036 1.6844 0)
(-0.0350525 2.26113 0)
(-0.0388659 2.84167 0)
(-0.0483549 3.07272 0)
(-0.049786 3.13284 0)
(-0.0522426 3.06175 0)
(-0.0475643 2.72126 0)
(-0.0293191 1.92298 0)
(-0.000981756 0.565822 0)
(-0.000694191 0.192547 0)
(-0.00468882 0.54807 0)
(-0.0160571 0.86052 0)
(-0.0217919 1.13505 0)
(-0.0238158 1.30356 0)
(-0.0246783 1.38694 0)
(-0.0266788 1.42248 0)
(-0.0263884 1.43309 0)
(-0.0214411 1.43528 0)
(-0.0286755 1.42883 0)
(-0.0191303 1.50378 0)
(-0.0235607 1.69246 0)
(-0.0352634 2.26957 0)
(-0.0405011 2.85272 0)
(-0.0517713 3.08045 0)
(-0.05236 3.13579 0)
(-0.0524513 3.05281 0)
(-0.0479509 2.68967 0)
(-0.0252333 1.83721 0)
(0.000362406 0.519744 0)
(-0.000565505 0.201683 0)
(-0.00337985 0.570465 0)
(-0.0123137 0.88462 0)
(-0.0188082 1.14269 0)
(-0.0183682 1.30712 0)
(-0.019941 1.38941 0)
(-0.0215271 1.423 0)
(-0.023413 1.43315 0)
(-0.0211758 1.4356 0)
(-0.0280158 1.42955 0)
(-0.0235115 1.50315 0)
(-0.023223 1.70211 0)
(-0.0418859 2.28509 0)
(-0.0467698 2.86464 0)
(-0.056921 3.08752 0)
(-0.0574785 3.13709 0)
(-0.0554934 3.04462 0)
(-0.0441606 2.64895 0)
(-0.0227729 1.75819 0)
(0.00289574 0.483902 0)
(-0.000504619 0.20791 0)
(-0.00252719 0.585687 0)
(-0.00913672 0.902662 0)
(-0.0147458 1.14811 0)
(-0.0151035 1.30961 0)
(-0.0159033 1.39261 0)
(-0.0165327 1.42687 0)
(-0.02183 1.43618 0)
(-0.0199959 1.43673 0)
(-0.0274938 1.43207 0)
(-0.0266103 1.49816 0)
(-0.0219653 1.7078 0)
(-0.041154 2.29661 0)
(-0.0479162 2.87418 0)
(-0.0601722 3.09074 0)
(-0.0587359 3.13438 0)
(-0.0554788 3.02913 0)
(-0.0449825 2.5946 0)
(-0.0190041 1.6668 0)
(0.00382262 0.456121 0)
(-0.000600465 0.213971 0)
(-0.00244499 0.599379 0)
(-0.00749053 0.920322 0)
(-0.0144965 1.15663 0)
(-0.0147778 1.3112 0)
(-0.0148703 1.3932 0)
(-0.0148695 1.42885 0)
(-0.0209138 1.43922 0)
(-0.0206483 1.43875 0)
(-0.0301027 1.43817 0)
(-0.0354091 1.49605 0)
(-0.0241927 1.71718 0)
(-0.0476118 2.31843 0)
(-0.0525 2.88665 0)
(-0.0648518 3.09368 0)
(-0.0631587 3.13048 0)
(-0.0586743 3.00715 0)
(-0.0516644 2.54741 0)
(-0.0153989 1.57245 0)
(0.00217166 0.434752 0)
(-0.000699019 0.219026 0)
(-0.00240334 0.608493 0)
(-0.00598797 0.93296 0)
(-0.011182 1.16483 0)
(-0.0131295 1.31276 0)
(-0.0127937 1.39412 0)
(-0.0114042 1.4328 0)
(-0.0188841 1.44748 0)
(-0.0201717 1.44153 0)
(-0.0334395 1.44553 0)
(-0.0409071 1.49222 0)
(-0.0303454 1.7185 0)
(-0.0509359 2.33986 0)
(-0.068096 2.9008 0)
(-0.0774134 3.09841 0)
(-0.0757501 3.1252 0)
(-0.0713369 2.98066 0)
(-0.0533881 2.47343 0)
(-0.0180761 1.47588 0)
(0.00228175 0.410489 0)
(-0.000840413 0.225683 0)
(-0.00254572 0.618233 0)
(-0.00541131 0.944898 0)
(-0.0102336 1.17427 0)
(-0.0120956 1.31395 0)
(-0.0119561 1.39238 0)
(-0.00990268 1.43301 0)
(-0.0141422 1.44982 0)
(-0.020027 1.44716 0)
(-0.0350181 1.4532 0)
(-0.0460385 1.49109 0)
(-0.0445901 1.72312 0)
(-0.0590914 2.36754 0)
(-0.0800592 2.91857 0)
(-0.0851064 3.09915 0)
(-0.0769811 3.12043 0)
(-0.0720162 2.95607 0)
(-0.0467972 2.40914 0)
(-0.0195641 1.39746 0)
(0.00597547 0.390041 0)
(-0.000920213 0.230982 0)
(-0.00235465 0.623443 0)
(-0.00415768 0.951263 0)
(-0.00564772 1.17971 0)
(-0.00762673 1.31514 0)
(-0.00454913 1.39227 0)
(-0.00382365 1.43463 0)
(-0.000749183 1.46094 0)
(-0.0139712 1.46563 0)
(-0.0319169 1.47214 0)
(-0.0483546 1.49846 0)
(-0.061834 1.73303 0)
(-0.068184 2.39616 0)
(-0.0834685 2.9281 0)
(-0.0852514 3.09474 0)
(-0.0747326 3.10847 0)
(-0.061191 2.92394 0)
(-0.0467874 2.33782 0)
(-0.0107068 1.29267 0)
(0.00873216 0.381588 0)
(-0.00102907 0.238361 0)
(-0.00257807 0.630096 0)
(-0.00411491 0.956207 0)
(-0.00433472 1.18247 0)
(-0.0065972 1.3136 0)
(-0.00160257 1.38513 0)
(-0.00103685 1.42783 0)
(0.00957204 1.45497 0)
(0.00142801 1.46759 0)
(-0.00938572 1.47844 0)
(-0.0283947 1.50463 0)
(-0.0634731 1.73754 0)
(-0.0727347 2.40701 0)
(-0.0921447 2.9312 0)
(-0.0947532 3.08521 0)
(-0.0911869 3.08679 0)
(-0.0759461 2.87075 0)
(-0.0558482 2.24908 0)
(-0.00594229 1.18792 0)
(0.00631027 0.385314 0)
(-0.00101308 0.243606 0)
(-0.00227875 0.632227 0)
(-0.00273742 0.956549 0)
(-0.00104882 1.18177 0)
(0.000995397 1.31115 0)
(0.0108647 1.38083 0)
(0.0151172 1.42424 0)
(0.0348981 1.45846 0)
(0.0346775 1.4858 0)
(0.0441491 1.50197 0)
(-0.0242885 1.5507 0)
(-0.0742612 1.76133 0)
(-0.0808576 2.43122 0)
(-0.0994515 2.94472 0)
(-0.100258 3.08707 0)
(-0.09982 3.07301 0)
(-0.100165 2.80898 0)
(-0.0675959 2.11741 0)
(-0.0148189 1.0551 0)
(-0.00284245 0.367892 0)
(-0.00129735 0.252043 0)
(-0.00283221 0.636838 0)
(-0.00400594 0.955119 0)
(-0.00116754 1.17311 0)
(0.00654896 1.29329 0)
(0.0262737 1.35647 0)
(0.0451523 1.39395 0)
(0.0772114 1.42822 0)
(0.0958326 1.45989 0)
(0.109781 1.52199 0)
(0.0438511 1.58414 0)
(-0.0561348 1.77978 0)
(-0.0737793 2.44402 0)
(-0.0945769 2.95599 0)
(-0.0959236 3.08937 0)
(-0.0924791 3.07402 0)
(-0.0888961 2.78718 0)
(-0.0570403 2.05782 0)
(-0.0114984 0.986944 0)
(-0.00966697 0.328403 0)
(-0.000393128 0.257727 0)
(-0.0027103 0.637698 0)
(-0.00202776 0.950833 0)
(0.00216322 1.15853 0)
(0.0102959 1.26888 0)
(0.0291302 1.32049 0)
(0.0573744 1.35287 0)
(0.104762 1.39405 0)
(0.151906 1.44082 0)
(0.185557 1.54072 0)
(0.087159 1.69072 0)
(-0.0376825 1.85083 0)
(-0.0615412 2.46106 0)
(-0.0725705 2.96954 0)
(-0.0788823 3.09564 0)
(-0.0788584 3.06497 0)
(-0.047429 2.73839 0)
(-0.0423811 1.96836 0)
(0.0133235 0.920294 0)
(-0.00848665 0.309336 0)
(-0.000658717 0.260188 0)
(-0.00369441 0.640562 0)
(-0.00494799 0.937909 0)
(0.00944016 1.13543 0)
(0.0367788 1.2344 0)
(0.0783946 1.27702 0)
(0.124203 1.3014 0)
(0.191499 1.33943 0)
(0.242462 1.39863 0)
(0.272262 1.57924 0)
(0.17616 1.74394 0)
(0.0337634 1.90528 0)
(-0.0435353 2.4773 0)
(-0.053488 2.98611 0)
(-0.0766333 3.0974 0)
(-0.0771835 3.04559 0)
(-0.0656744 2.69837 0)
(-0.0145304 1.88713 0)
(0.0268363 0.918231 0)
(0.000278438 0.34119 0)
(-0.000990012 0.276933 0)
(-0.00348211 0.657217 0)
(-0.0065459 0.927518 0)
(0.00266882 1.07082 0)
(0.0247533 1.13439 0)
(0.0651291 1.1565 0)
(0.112012 1.17199 0)
(0.185233 1.2165 0)
(0.24495 1.32765 0)
(0.293433 1.61482 0)
(0.211699 1.91507 0)
(0.0614032 2.09731 0)
(-0.0440329 2.57192 0)
(-0.0648222 3.04664 0)
(-0.0897007 3.12523 0)
(-0.0990728 3.02838 0)
(-0.0924934 2.56144 0)
(-0.0202937 1.61088 0)
(0.00765053 0.887871 0)
(-0.00125217 0.362648 0)
(-0.24557 1.59576 1.17318e-22)
(0.401235 3.24493 6.43402e-20)
(0.0934818 3.47312 2.09439e-20)
(0.201879 3.43988 0)
(0.163038 3.39214 0)
(0.157578 3.3441 -4.40039e-19)
(0.160018 3.31798 4.61898e-19)
(0.132435 3.2723 -4.74687e-19)
(0.116306 3.17595 8.61702e-21)
(0.102137 2.56675 6.36046e-19)
(-0.104829 2.34248 3.62623e-25)
(0.13503 3.29954 1.69339e-19)
(0.0119774 3.44225 0)
(0.0997547 3.39401 0)
(0.0759646 3.3472 1.30902e-20)
(0.0814194 3.30882 9.07047e-19)
(0.0770941 3.27578 -5.02047e-19)
(0.0527591 3.2396 -8.33925e-21)
(0.0519022 3.08097 7.95869e-21)
(0.000971206 2.08424 0)
(-0.027508 2.08314 2.27086e-19)
(0.087901 3.14667 -2.38518e-19)
(0.0272486 3.349 0)
(0.0745863 3.32675 4.18718e-19)
(0.0543297 3.30376 -1.40605e-21)
(0.0554175 3.28166 -4.69073e-19)
(0.0472122 3.26669 -5.73454e-19)
(0.031933 3.24514 -2.21593e-22)
(0.041556 3.11816 8.22811e-21)
(-0.0165547 2.2104 0)
(-0.0401512 2.02575 -6.87833e-20)
(0.0288651 3.12231 0)
(-0.0123868 3.3112 -2.19867e-19)
(0.0228527 3.30849 -1.85339e-19)
(0.0175601 3.28499 1.61725e-20)
(0.0239486 3.26181 -2.98656e-19)
(0.0283448 3.24579 2.68323e-19)
(0.0222207 3.23326 -9.49436e-21)
(0.0425115 3.12472 1.25957e-20)
(0.00743741 2.24966 3.24928e-19)
(-0.0516133 2.02681 -1.75162e-19)
(0.014649 3.09213 0)
(-0.00660744 3.26804 4.71196e-19)
(0.0129697 3.26265 -2.59364e-19)
(0.0148441 3.24862 -7.1237e-22)
(0.017947 3.2375 -1.34955e-22)
(0.0216251 3.23342 -1.54757e-20)
(0.0223848 3.22384 -3.35332e-19)
(0.0432792 3.12715 9.23624e-21)
(-0.00310311 2.31176 -6.78703e-19)
(-0.0506588 2.08762 0)
(-0.00950653 3.08709 -2.55231e-19)
(-0.028002 3.24377 1.83804e-20)
(-0.0141547 3.24744 -1.7688e-20)
(-0.00486067 3.23262 1.81473e-20)
(0.00370668 3.21999 3.01119e-19)
(0.0163508 3.21091 3.14243e-19)
(0.0212532 3.2054 6.57883e-19)
(0.0427852 3.12391 3.63296e-19)
(0.0106899 2.35401 -1.65865e-20)
(-0.0498954 2.14174 0)
(-0.0193183 3.08291 2.64559e-19)
(-0.0185924 3.21429 -2.76469e-19)
(-0.0112131 3.21294 -1.89926e-20)
(1.52481e-05 3.20255 3.92368e-20)
(0.00790844 3.19584 3.70834e-22)
(0.0164839 3.19562 -2.10522e-20)
(0.0219981 3.19085 -3.43059e-19)
(0.0424615 3.12131 -3.53865e-19)
(0.00383737 2.41963 -1.72186e-20)
(-0.0490263 2.22892 3.00586e-19)
(-0.0285686 3.08541 -1.39959e-20)
(-0.0317461 3.19426 9.63842e-21)
(-0.0234368 3.19569 0)
(-0.0131349 3.18573 0)
(-0.00126428 3.17803 0)
(0.0135906 3.17159 0)
(0.0207296 3.16939 3.78935e-19)
(0.0411308 3.11259 -3.90727e-19)
(0.0154351 2.46386 3.86645e-19)
(-0.0452375 2.30747 2.69406e-20)
(-0.0326667 3.08585 3.21147e-19)
(-0.0207029 3.16978 0)
(-0.0146485 3.16545 -2.13926e-20)
(-0.00403201 3.15767 2.18797e-20)
(0.0053584 3.15316 0)
(0.0146771 3.1543 -1.18281e-20)
(0.0207629 3.15267 -3.67798e-19)
(0.0402145 3.10926 3.91731e-19)
(0.0103865 2.53301 0)
(-0.0446377 2.40285 1.56747e-20)
(-0.0364716 3.08579 -4.91693e-19)
(-0.0302801 3.14977 0)
(-0.022607 3.14697 0)
(-0.0136467 3.13924 2.334e-20)
(-0.00217485 3.13372 -1.96479e-19)
(0.0118176 3.12885 -2.46096e-20)
(0.0191971 3.12938 2.09106e-19)
(0.0384974 3.09615 0)
(0.0192911 2.58106 0)
(-0.0389865 2.4918 -5.11744e-19)
(-0.0380646 3.08305 1.73561e-19)
(-0.0203013 3.12437 0)
(-0.0130297 3.11619 0)
(-0.00353942 3.10948 0)
(0.00554523 3.1065 4.03783e-19)
(0.0141611 3.10891 0)
(0.0201686 3.11053 -2.23062e-19)
(0.0379034 3.0905 1.37573e-20)
(0.0149097 2.6538 2.32417e-19)
(-0.0384631 2.58809 1.81954e-19)
(-0.0405355 3.07455 -1.76395e-20)
(-0.0299817 3.10103 2.10854e-19)
(-0.0213354 3.09496 2.04798e-19)
(-0.0124762 3.08845 0)
(-0.000823651 3.08427 -2.07077e-19)
(0.0127092 3.08116 0)
(0.0210522 3.08455 0)
(0.0384455 3.07218 0)
(0.0223465 2.70643 -2.33496e-19)
(-0.0344161 2.67956 -1.90937e-19)
(-0.0427295 3.06324 1.97115e-19)
(-0.0231064 3.07209 -1.98745e-19)
(-0.0130724 3.06204 -3.12738e-19)
(-0.00285438 3.05689 0)
(0.00717226 3.05541 2.79294e-20)
(0.0165926 3.0589 -1.42614e-20)
(0.0248119 3.06303 1.06034e-19)
(0.0417329 3.06163 1.31681e-19)
(0.0207916 2.78041 -1.35492e-19)
(-0.0350947 2.77126 1.95925e-19)
(-0.0469382 3.0437 -1.89412e-19)
(-0.0330103 3.04549 1.34589e-20)
(-0.0209035 3.0403 7.94543e-20)
(-0.0110837 3.03632 -1.13658e-19)
(0.000316531 3.03387 0)
(0.0140516 3.03184 1.22127e-19)
(0.0256618 3.03563 4.95056e-21)
(0.0445941 3.03661 -2.5453e-19)
(0.0287088 2.83263 -6.55155e-21)
(-0.0291204 2.85627 -5.54565e-20)
(-0.0436109 3.02281 1.35981e-20)
(-0.0228306 3.01805 -7.05249e-20)
(-0.0109821 3.01456 2.88005e-20)
(-0.00216501 3.01412 1.38501e-19)
(0.00628979 3.01346 -5.87554e-20)
(0.0142328 3.01442 -5.86845e-20)
(0.0233602 3.01694 -6.10183e-20)
(0.0418529 3.02183 1.30542e-19)
(0.0247804 2.9003 6.40294e-20)
(-0.0178107 2.93922 4.45884e-20)
(-0.026244 2.99951 1.97033e-20)
(-0.0162754 3.00053 3.88762e-20)
(-0.00944452 3.00173 -7.95574e-20)
(-0.00414291 3.00265 2.69152e-20)
(0.000651058 3.00217 5.47492e-20)
(0.00561245 3.00062 -5.70904e-20)
(0.010716 2.99898 -5.96679e-20)
(0.021803 2.99715 8.05109e-21)
(0.0165431 2.94915 5.71443e-20)
)
;

boundaryField
{
    wall-4
    {
        type            noSlip;
    }
    pressure-outlet-7
    {
        type            zeroGradient;
    }
    velocity-inlet-6
    {
        type            fixedValue;
        value           uniform (0 3 0);
    }
    velocity-inlet-5
    {
        type            fixedValue;
        value           uniform (1 0 0);
    }
    frontAndBackPlanes
    {
        type            empty;
    }
}


// ************************************************************************* //
