/*--------------------------------*- C++ -*----------------------------------*\
  =========                 |
  \\      /  F ield         | OpenFOAM: The Open Source CFD Toolbox
   \\    /   O peration     | Website:  https://openfoam.org
    \\  /    A nd           | Version:  9
     \\/     M anipulation  |
\*---------------------------------------------------------------------------*/
FoamFile
{
    format      ascii;
    class       volVectorField;
    location    "44";
    object      U;
}
// * * * * * * * * * * * * * * * * * * * * * * * * * * * * * * * * * * * * * //

dimensions      [0 1 -1 0 0 0 0];

internalField   nonuniform List<vector> 
2200
(
(0.878851 -0.0304134 0)
(1.0058 -0.0512803 0)
(1.0033 -0.0353944 0)
(1.00028 -0.0244289 0)
(0.999872 -0.0166555 0)
(1.00005 -0.010734 0)
(1.00005 -0.00686563 0)
(1.00004 -0.00423781 0)
(1.00003 -0.00227042 0)
(1.00017 -0.0007216 0)
(1.00005 0.000889864 0)
(1.00001 0.00247276 0)
(1.00003 0.00446188 0)
(1.00013 0.00706969 0)
(1.00013 0.0108335 0)
(0.999918 0.0166638 0)
(1.00028 0.0244045 0)
(1.00349 0.0349895 0)
(1.00595 0.0513606 0)
(0.879008 0.0303268 0)
(0.711998 -0.0327685 0)
(0.996636 -0.0630307 0)
(1.03331 -0.0561783 0)
(1.02491 -0.0464638 0)
(1.01587 -0.036155 0)
(1.00961 -0.0264346 0)
(1.00589 -0.0181804 0)
(1.00372 -0.0114492 0)
(1.00253 -0.0060618 0)
(1.00198 -0.00151335 0)
(1.00199 0.00270082 0)
(1.00254 0.00718984 0)
(1.00369 0.0124235 0)
(1.00564 0.0189957 0)
(1.00933 0.0271648 0)
(1.01562 0.0368968 0)
(1.0247 0.0473012 0)
(1.03309 0.0576547 0)
(0.99666 0.0631579 0)
(0.711786 0.0329924 0)
(0.53547 -0.0239004 0)
(0.969866 -0.0569539 0)
(1.05641 -0.0547738 0)
(1.0522 -0.0487952 0)
(1.0362 -0.0404783 0)
(1.0244 -0.0322835 0)
(1.01585 -0.0240634 0)
(1.01038 -0.0162151 0)
(1.00721 -0.00899089 0)
(1.00571 -0.00240006 0)
(1.00563 0.00392005 0)
(1.00705 0.010403 0)
(1.0101 0.0174465 0)
(1.01556 0.0251255 0)
(1.02414 0.0333214 0)
(1.03603 0.0412804 0)
(1.05206 0.049359 0)
(1.05633 0.0536387 0)
(0.969221 0.0575705 0)
(0.534419 0.0239342 0)
(0.392209 -0.0136516 0)
(0.91174 -0.0464102 0)
(1.05741 -0.0469168 0)
(1.06956 -0.0443638 0)
(1.05492 -0.0382399 0)
(1.03936 -0.0315695 0)
(1.02752 -0.0247339 0)
(1.01905 -0.0175261 0)
(1.01369 -0.0100515 0)
(1.01105 -0.00249 0)
(1.01095 0.00507589 0)
(1.01341 0.012448 0)
(1.01857 0.0196188 0)
(1.02695 0.0265698 0)
(1.03856 0.0329065 0)
(1.05403 0.0393898 0)
(1.06839 0.0454614 0)
(1.05571 0.0481096 0)
(0.910113 0.0469139 0)
(0.390151 0.0137529 0)
(0.307501 -0.00452553 0)
(0.846493 -0.0324283 0)
(1.04922 -0.0400287 0)
(1.0793 -0.0383126 0)
(1.06807 -0.0336769 0)
(1.05163 -0.0281183 0)
(1.03826 -0.0227437 0)
(1.02804 -0.0166704 0)
(1.021 -0.00980109 0)
(1.01715 -0.00227996 0)
(1.01687 0.00556742 0)
(1.02032 0.0128945 0)
(1.02719 0.0194802 0)
(1.03718 0.0251695 0)
(1.05046 0.0302743 0)
(1.06687 0.0355787 0)
(1.07788 0.0399494 0)
(1.04731 0.0415635 0)
(0.843178 0.0329281 0)
(0.304109 0.00470935 0)
(0.264001 9.11039e-05 0)
(0.788674 -0.020118 0)
(1.0332 -0.0315488 0)
(1.08343 -0.0321177 0)
(1.0772 -0.0288668 0)
(1.06072 -0.0240476 0)
(1.04717 -0.019594 0)
(1.03627 -0.0145129 0)
(1.02841 -0.00844414 0)
(1.02401 -0.00144851 0)
(1.02378 0.00593877 0)
(1.02766 0.012597 0)
(1.03496 0.0182546 0)
(1.04552 0.0229028 0)
(1.05871 0.0268212 0)
(1.07493 0.0311867 0)
(1.08054 0.0339517 0)
(1.02955 0.033095 0)
(0.783277 0.0206731 0)
(0.259338 9.48885e-05 0)
(0.239974 0.00106018 0)
(0.737889 -0.0123142 0)
(1.01343 -0.0250873 0)
(1.08383 -0.0269329 0)
(1.08275 -0.0246574 0)
(1.06763 -0.0205047 0)
(1.0542 -0.0165587 0)
(1.04339 -0.0121096 0)
(1.03527 -0.00681991 0)
(1.03037 -0.000553942 0)
(1.02977 0.00610435 0)
(1.03381 0.0121129 0)
(1.0414 0.0168469 0)
(1.05176 0.0207171 0)
(1.06498 0.0241253 0)
(1.0798 0.0277183 0)
(1.08036 0.0294026 0)
(1.00815 0.0269758 0)
(0.729831 0.0130515 0)
(0.233822 -0.000864077 0)
(0.225577 0.000952204 0)
(0.694838 -0.00808269 0)
(0.992469 -0.0208206 0)
(1.08185 -0.0231881 0)
(1.08669 -0.0214006 0)
(1.07316 -0.0178747 0)
(1.05966 -0.0140848 0)
(1.04911 -0.00988073 0)
(1.04118 -0.00498294 0)
(1.03641 0.000646927 0)
(1.03597 0.00653986 0)
(1.03964 0.0116748 0)
(1.04652 0.0159222 0)
(1.05635 0.0194471 0)
(1.06954 0.022526 0)
(1.08225 0.0253223 0)
(1.07613 0.0263832 0)
(0.984148 0.023161 0)
(0.683243 0.00902465 0)
(0.217624 -0.00073234 0)
(0.215896 0.000609651 0)
(0.659307 -0.00573902 0)
(0.972243 -0.0178267 0)
(1.0792 -0.0205215 0)
(1.0898 -0.0189763 0)
(1.07789 -0.0158695 0)
(1.0645 -0.0122883 0)
(1.05405 -0.00819844 0)
(1.04623 -0.00348816 0)
(1.04121 0.00170919 0)
(1.04016 0.00705883 0)
(1.04354 0.0117628 0)
(1.05046 0.0156489 0)
(1.06014 0.0188272 0)
(1.073 0.0216337 0)
(1.08419 0.0239231 0)
(1.07198 0.024509 0)
(0.960761 0.0206321 0)
(0.643703 0.00691018 0)
(0.205764 -0.000365268 0)
(0.208506 0.000274379 0)
(0.63017 -0.00428302 0)
(0.952293 -0.0151932 0)
(1.07563 -0.0182347 0)
(1.093 -0.0170297 0)
(1.08254 -0.01419 0)
(1.069 -0.0106406 0)
(1.05852 -0.00657634 0)
(1.05078 -0.00196942 0)
(1.04599 0.00305903 0)
(1.04507 0.00801743 0)
(1.04798 0.0124161 0)
(1.05389 0.0159827 0)
(1.06322 0.0189893 0)
(1.07609 0.0214086 0)
(1.08499 0.0231301 0)
(1.06474 0.0231483 0)
(0.936169 0.0186165 0)
(0.609422 0.00571891 0)
(0.195674 7.21685e-06 0)
(0.20268 8.65047e-05 0)
(0.607162 -0.00317042 0)
(0.935073 -0.0125886 0)
(1.0726 -0.0157288 0)
(1.09585 -0.0147191 0)
(1.08689 -0.0122165 0)
(1.07349 -0.00889053 0)
(1.06288 -0.00502895 0)
(1.05495 -0.000434652 0)
(1.04973 0.00451301 0)
(1.04809 0.00921908 0)
(1.05068 0.0133446 0)
(1.05705 0.0167 0)
(1.06623 0.0192584 0)
(1.07856 0.0213869 0)
(1.08572 0.0226266 0)
(1.05895 0.0221194 0)
(0.913663 0.0169105 0)
(0.580311 0.00496749 0)
(0.186559 0.000276346 0)
(0.197913 7.76536e-06 0)
(0.588308 -0.00232259 0)
(0.918361 -0.0104372 0)
(1.06885 -0.0137137 0)
(1.09896 -0.0127773 0)
(1.0915 -0.0101356 0)
(1.07793 -0.00680253 0)
(1.06701 -0.00298775 0)
(1.05871 0.00125749 0)
(1.05316 0.00598457 0)
(1.0514 0.0105944 0)
(1.05364 0.0145468 0)
(1.05904 0.017426 0)
(1.06825 0.0196176 0)
(1.08055 0.0212208 0)
(1.08552 0.0221439 0)
(1.04955 0.0211593 0)
(0.889495 0.0153986 0)
(0.553807 0.00448816 0)
(0.177741 0.000433998 0)
(0.194377 6.26133e-06 0)
(0.573776 -0.00156441 0)
(0.904524 -0.00809145 0)
(1.06632 -0.0111772 0)
(1.10221 -0.0101721 0)
(1.09604 -0.00765893 0)
(1.08242 -0.00419859 0)
(1.07115 -0.00058127 0)
(1.06235 0.00369067 0)
(1.05618 0.00833651 0)
(1.05383 0.012738 0)
(1.05596 0.0159749 0)
(1.06194 0.0182955 0)
(1.07084 0.0200817 0)
(1.08252 0.0215969 0)
(1.08495 0.0220936 0)
(1.04234 0.020622 0)
(0.868042 0.0143631 0)
(0.530823 0.00422622 0)
(0.169493 0.00052632 0)
(0.192147 3.26065e-05 0)
(0.563275 -0.000783354 0)
(0.892438 -0.00599643 0)
(1.06348 -0.00882178 0)
(1.10579 -0.00770751 0)
(1.10124 -0.00488567 0)
(1.08742 -0.00149631 0)
(1.0757 0.00222597 0)
(1.06654 0.00620074 0)
(1.05997 0.010469 0)
(1.05685 0.0145463 0)
(1.05805 0.0176715 0)
(1.0631 0.0196126 0)
(1.0723 0.0209146 0)
(1.08366 0.0220257 0)
(1.0836 0.0222856 0)
(1.03067 0.0202801 0)
(0.84374 0.0134909 0)
(0.508329 0.00405623 0)
(0.161123 0.000576107 0)
(0.191284 9.09237e-05 0)
(0.555774 -0.00015711 0)
(0.882579 -0.00367442 0)
(1.06187 -0.00600796 0)
(1.10953 -0.00476425 0)
(1.10627 -0.00206986 0)
(1.09245 0.00162054 0)
(1.08023 0.00526001 0)
(1.07031 0.0094503 0)
(1.063 0.0139428 0)
(1.05955 0.0179543 0)
(1.06051 0.0203708 0)
(1.06563 0.0217421 0)
(1.07452 0.022645 0)
(1.08434 0.0231525 0)
(1.08169 0.0227459 0)
(1.02125 0.020186 0)
(0.822701 0.01289 0)
(0.48872 0.00397773 0)
(0.153338 0.000590818 0)
(0.191887 1.27772e-05 0)
(0.552028 0.000878732 0)
(0.875859 -0.00154487 0)
(1.06036 -0.00339687 0)
(1.11316 -0.00187222 0)
(1.11155 0.0012292 0)
(1.09764 0.00489873 0)
(1.08504 0.00900582 0)
(1.07472 0.0132976 0)
(1.06663 0.0173483 0)
(1.06166 0.0205042 0)
(1.06132 0.0227132 0)
(1.06574 0.0238588 0)
(1.07449 0.0243044 0)
(1.08363 0.0245607 0)
(1.07753 0.0238229 0)
(1.00662 0.0204616 0)
(0.797693 0.0126001 0)
(0.467858 0.00403603 0)
(0.145017 0.000618718 0)
(0.193959 0.000242331 0)
(0.55249 0.00151104 0)
(0.871456 0.000827429 0)
(1.06109 0.000109655 0)
(1.11779 0.00201971 0)
(1.11704 0.00502432 0)
(1.10318 0.00907735 0)
(1.09016 0.0133346 0)
(1.07908 0.0178717 0)
(1.06997 0.0222148 0)
(1.06485 0.0253596 0)
(1.06433 0.0269682 0)
(1.06788 0.0275097 0)
(1.07557 0.0273842 0)
(1.08276 0.0264639 0)
(1.07343 0.0250293 0)
(0.994583 0.02098 0)
(0.776395 0.0127699 0)
(0.449353 0.00424349 0)
(0.137056 0.000671609 0)
(0.197957 0.000653269 0)
(0.555411 0.00232537 0)
(0.872056 0.00356599 0)
(1.06295 0.00344357 0)
(1.12286 0.00596519 0)
(1.12323 0.00961544 0)
(1.10909 0.0138377 0)
(1.09563 0.0184889 0)
(1.08387 0.0232435 0)
(1.07371 0.0273546 0)
(1.06628 0.0297257 0)
(1.06327 0.0306551 0)
(1.06576 0.0306681 0)
(1.07339 0.0298477 0)
(1.08014 0.0292127 0)
(1.06664 0.0268828 0)
(0.977313 0.0219271 0)
(0.750088 0.013106 0)
(0.428036 0.00446125 0)
(0.127935 0.000720353 0)
(0.204603 0.000860357 0)
(0.562914 0.00358164 0)
(0.876254 0.00611492 0)
(1.06753 0.00783461 0)
(1.12893 0.0111725 0)
(1.12985 0.0150014 0)
(1.11534 0.0197634 0)
(1.10075 0.0247176 0)
(1.08742 0.0297283 0)
(1.07537 0.0342055 0)
(1.06725 0.0369754 0)
(1.06486 0.0375859 0)
(1.06677 0.0366439 0)
(1.07317 0.0349848 0)
(1.077 0.0323361 0)
(1.05908 0.0292106 0)
(0.961638 0.0234384 0)
(0.726959 0.0137786 0)
(0.40853 0.00484147 0)
(0.119012 0.00078857 0)
(0.212985 0.00101179 0)
(0.5744 0.00489273 0)
(0.884542 0.00937007 0)
(1.07416 0.0124039 0)
(1.13615 0.0164682 0)
(1.13756 0.0215178 0)
(1.12195 0.0271131 0)
(1.10611 0.0326728 0)
(1.09123 0.0379575 0)
(1.07745 0.0421532 0)
(1.06686 0.0437491 0)
(1.06118 0.0427675 0)
(1.0616 0.0409435 0)
(1.0679 0.0383268 0)
(1.07199 0.0364189 0)
(1.04922 0.0321605 0)
(0.940272 0.0250898 0)
(0.697678 0.014577 0)
(0.385008 0.00523911 0)
(0.108491 0.000826984 0)
(0.225775 0.001392 0)
(0.594021 0.00697385 0)
(0.900591 0.0141649 0)
(1.08491 0.0193058 0)
(1.14528 0.0244116 0)
(1.1466 0.0297103 0)
(1.13003 0.0361212 0)
(1.11261 0.0423577 0)
(1.09568 0.0480809 0)
(1.07928 0.0522022 0)
(1.06667 0.0535548 0)
(1.06157 0.0524018 0)
(1.06207 0.0494924 0)
(1.06651 0.0458997 0)
(1.06536 0.041313 0)
(1.03674 0.0357215 0)
(0.919492 0.0274454 0)
(0.671248 0.0159229 0)
(0.3628 0.00585738 0)
(0.0980549 0.000866668 0)
(0.24186 0.00197945 0)
(0.618998 0.00876051 0)
(0.922224 0.0186951 0)
(1.09937 0.0260134 0)
(1.15639 0.032398 0)
(1.15754 0.0394398 0)
(1.13921 0.0469206 0)
(1.12011 0.0539368 0)
(1.10125 0.0600375 0)
(1.08282 0.0639773 0)
(1.06731 0.0639756 0)
(1.05762 0.0609229 0)
(1.05402 0.0561353 0)
(1.05745 0.0514042 0)
(1.05765 0.0470333 0)
(1.02273 0.0404056 0)
(0.892671 0.03036 0)
(0.637213 0.0177638 0)
(0.334665 0.00652214 0)
(0.0854691 0.000873928 0)
(0.264315 0.002836 0)
(0.653339 0.0125197 0)
(0.951152 0.0252972 0)
(1.11832 0.0353116 0)
(1.17033 0.0433613 0)
(1.16991 0.0517 0)
(1.14947 0.060297 0)
(1.12763 0.0683461 0)
(1.10553 0.0750309 0)
(1.08325 0.0788083 0)
(1.06464 0.0781281 0)
(1.05463 0.0741516 0)
(1.0527 0.0687349 0)
(1.05459 0.0627052 0)
(1.0471 0.0552445 0)
(1.00408 0.046402 0)
(0.865025 0.0346238 0)
(0.604633 0.0203341 0)
(0.306548 0.00737942 0)
(0.0728058 0.000877348 0)
(0.295979 0.00372265 0)
(0.699619 0.0156628 0)
(0.990083 0.0332858 0)
(1.14332 0.0466367 0)
(1.18709 0.0568012 0)
(1.1843 0.0677518 0)
(1.16016 0.0779151 0)
(1.13496 0.0866227 0)
(1.10939 0.0930108 0)
(1.084 0.0956581 0)
(1.06251 0.0931808 0)
(1.04848 0.08726 0)
(1.04129 0.0794638 0)
(1.04009 0.0712391 0)
(1.03416 0.0639528 0)
(0.983367 0.0537909 0)
(0.829376 0.0395234 0)
(0.560945 0.0232972 0)
(0.269743 0.00812708 0)
(0.0574148 0.000857164 0)
(0.332572 0.00716223 0)
(0.758108 0.024798 0)
(1.03795 0.0464188 0)
(1.17396 0.063754 0)
(1.2084 0.0763433 0)
(1.20053 0.0897685 0)
(1.17181 0.10087 0)
(1.14232 0.109867 0)
(1.1122 0.115711 0)
(1.08184 0.116951 0)
(1.05617 0.112172 0)
(1.04082 0.103952 0)
(1.03534 0.0946174 0)
(1.03469 0.0855123 0)
(1.01831 0.0750329 0)
(0.956274 0.0616891 0)
(0.791468 0.0452785 0)
(0.51751 0.0263971 0)
(0.233625 0.00882318 0)
(0.0426733 0.000724954 0)
(0.413198 0.0108448 0)
(0.845328 0.0359081 0)
(1.10257 0.0671024 0)
(1.2124 0.0891413 0)
(1.23334 0.104075 6.61813e-34)
(1.21877 0.119811 -2.9688e-34)
(1.18401 0.130994 0)
(1.14982 0.138738 0)
(1.11527 0.142365 0)
(1.08095 0.140235 0)
(1.05223 0.132525 0)
(1.03316 0.121577 0)
(1.02218 0.109994 0)
(1.01518 0.0975576 0)
(0.998963 0.0861031 0)
(0.926457 0.0712443 0)
(0.743069 0.0513236 0)
(0.458756 0.0291376 0)
(0.185184 0.00865046 0)
(0.0250029 0.00070282 0)
(0.48474 0.026075 4.97063e-20)
(0.946591 0.0596388 -3.76015e-20)
(1.17087 0.100824 0)
(1.25181 0.126586 2.88455e-20)
(1.26067 0.142143 -2.33876e-20)
(1.2362 0.159639 3.13232e-34)
(1.19458 0.168923 0)
(1.15481 0.174642 1.65377e-20)
(1.11435 0.175971 -5.42376e-20)
(1.07443 0.171708 1.1047e-20)
(1.04065 0.160525 0)
(1.01915 0.145931 -2.7898e-20)
(1.00926 0.131762 -3.33794e-20)
(1.00392 0.119099 5.83647e-20)
(0.971659 0.104113 -4.61036e-20)
(0.878177 0.0838351 0)
(0.674764 0.0592168 -1.66696e-20)
(0.383619 0.0307924 0)
(0.132326 0.00894984 -9.1811e-20)
(0.00742976 0.000750159 1.08225e-19)
(0.520396 0.0537998 -6.507e-21)
(1.01005 0.102563 1.14465e-19)
(1.22046 0.151175 -6.93563e-21)
(1.28494 0.174416 -7.25152e-20)
(1.28451 0.191531 -4.95692e-20)
(1.25093 0.206931 8.05995e-20)
(1.20323 0.213608 0)
(1.15801 0.216916 0)
(1.11269 0.215495 8.6463e-20)
(1.06796 0.207077 0)
(1.02948 0.191993 1.01088e-19)
(1.00335 0.176151 2.99333e-20)
(0.986537 0.160436 3.66802e-22)
(0.96853 0.143866 -6.37869e-20)
(0.935906 0.127485 0)
(0.833065 0.104867 0)
(0.616461 0.0715713 -2.72877e-19)
(0.332491 0.0367617 6.84503e-19)
(0.109174 0.0103534 -4.0576e-19)
(-0.000728891 0.000431338 -4.78122e-19)
(0.527645 0.0763433 -6.79642e-20)
(1.04643 0.159473 2.56673e-20)
(1.25647 0.211182 1.36586e-20)
(1.31132 0.232992 1.26802e-19)
(1.30332 0.248662 1.43026e-20)
(1.26215 0.260021 -2.10563e-19)
(1.20866 0.262934 7.15307e-20)
(1.15742 0.262984 0)
(1.10515 0.25827 -1.83179e-19)
(1.05305 0.24702 1.62036e-19)
(1.00949 0.231237 -2.72921e-19)
(0.979801 0.210717 1.27871e-19)
(0.963007 0.193398 -8.28042e-20)
(0.95101 0.177222 1.86474e-19)
(0.905899 0.157299 0)
(0.794625 0.126515 -6.83152e-20)
(0.584635 0.0862912 0)
(0.322572 0.0436596 3.7754e-19)
(0.109215 0.0147108 -8.95047e-19)
(0.000868696 -0.00017051 5.60656e-19)
(0.522383 0.108226 1.96972e-19)
(1.06641 0.216424 -8.56783e-20)
(1.27839 0.276744 -1.79636e-20)
(1.32865 0.297889 0)
(1.31537 0.311182 -9.34717e-20)
(1.26871 0.317136 1.15143e-19)
(1.21054 0.315256 -7.65788e-20)
(1.15455 0.31142 0)
(1.09826 0.302548 1.30232e-19)
(1.04403 0.287688 -1.13915e-19)
(0.996265 0.265608 2.36754e-19)
(0.961999 0.245362 0)
(0.938694 0.226556 -1.76048e-19)
(0.912317 0.206046 9.91919e-20)
(0.872515 0.184277 2.50537e-19)
(0.768009 0.153741 -2.20448e-19)
(0.569462 0.10807 3.51756e-19)
(0.324294 0.0586056 -7.78589e-19)
(0.121975 0.0216088 4.91639e-19)
(0.00850788 0.00130436 -6.15038e-19)
(0.510294 0.132569 -7.30694e-20)
(1.0735 0.270315 5.25212e-20)
(1.28947 0.342327 -5.95417e-20)
(1.33812 0.363109 1.16251e-19)
(1.32121 0.374223 -1.08361e-19)
(1.27076 0.375455 3.6648e-20)
(1.20896 0.369168 3.64954e-21)
(1.14876 0.361172 -1.48599e-19)
(1.08764 0.348504 -1.36709e-19)
(1.02585 0.329928 -2.44851e-19)
(0.971831 0.306419 -5.08986e-19)
(0.935322 0.283343 -1.56624e-19)
(0.912296 0.261732 2.40634e-21)
(0.894059 0.241948 -3.39966e-19)
(0.845777 0.21892 -6.19213e-21)
(0.739765 0.179594 3.20871e-19)
(0.554029 0.128746 -9.69689e-20)
(0.327426 0.0741535 -5.62741e-20)
(0.135045 0.030384 0)
(0.016577 0.0037708 1.30805e-18)
(0.49348 0.15332 0)
(1.06789 0.320236 -6.38184e-21)
(1.29201 0.405826 -1.13e-20)
(1.34083 0.42719 -1.27414e-20)
(1.32128 0.436983 1.05637e-19)
(1.26814 0.4337 -8.50134e-20)
(1.20351 0.423071 8.37604e-20)
(1.13992 0.411176 2.4375e-19)
(1.07526 0.39447 -7.59729e-20)
(1.0113 0.371431 1.21506e-19)
(0.956887 0.344711 2.73556e-19)
(0.916296 0.318982 3.41285e-19)
(0.885126 0.296816 -2.05336e-19)
(0.855035 0.271918 3.67758e-19)
(0.813856 0.246312 -2.91348e-19)
(0.719556 0.209548 0)
(0.549481 0.153416 -7.35738e-19)
(0.337043 0.0931984 9.90263e-19)
(0.15003 0.0415439 7.39108e-20)
(0.0251591 0.00719473 -1.38148e-18)
(0.479052 0.173627 -5.13638e-21)
(1.06 0.368575 1.94796e-20)
(1.28978 0.466841 8.26767e-20)
(1.33887 0.489001 -1.03394e-19)
(1.31708 0.497486 8.63448e-20)
(1.2619 0.49039 -8.28367e-20)
(1.19519 0.476234 1.66484e-19)
(1.12923 0.46056 -7.36358e-20)
(1.06218 0.440095 -3.06755e-19)
(0.995273 0.414183 2.91026e-23)
(0.934596 0.384386 -2.96999e-19)
(0.889927 0.355044 -3.66587e-19)
(0.861115 0.327509 2.26434e-19)
(0.836979 0.306281 -1.32227e-19)
(0.78926 0.2789 3.16166e-19)
(0.694891 0.234128 0)
(0.536249 0.176718 -4.55897e-19)
(0.339612 0.110874 6.73278e-19)
(0.159831 0.0526402 1.2757e-18)
(0.0314872 0.0106415 -1.50072e-18)
(0.464598 0.191129 -2.97002e-20)
(1.04699 0.412872 8.43517e-21)
(1.28301 0.524298 -5.93521e-20)
(1.33286 0.548059 1.07253e-19)
(1.30929 0.555941 1.18134e-20)
(1.2527 0.545296 -1.6298e-19)
(1.18448 0.527611 -9.6023e-20)
(1.11657 0.508466 -9.32135e-20)
(1.04653 0.484318 -1.72512e-19)
(0.975189 0.454477 2.77953e-19)
(0.911955 0.419244 3.00649e-19)
(0.867366 0.387064 5.81751e-19)
(0.834437 0.361886 0)
(0.801453 0.333149 6.15866e-21)
(0.76027 0.303169 -8.66898e-19)
(0.677384 0.263711 2.02073e-19)
(0.530466 0.200723 9.83884e-19)
(0.343936 0.130247 -2.90244e-19)
(0.167766 0.0638184 6.04897e-19)
(0.0362273 0.0140631 -5.04646e-20)
(0.454972 0.20957 5.90578e-21)
(1.03581 0.456154 3.2159e-20)
(1.27424 0.579488 -2.92698e-20)
(1.32421 0.604593 1.25463e-19)
(1.29913 0.611389 -1.80983e-19)
(1.24141 0.597573 1.62377e-19)
(1.17199 0.577165 9.94296e-20)
(1.10246 0.555113 2.79299e-19)
(1.0307 0.528155 3.47404e-19)
(0.95847 0.495322 -3.19573e-19)
(0.895872 0.457948 0)
(0.845888 0.423782 -2.19355e-19)
(0.809767 0.391853 2.51842e-19)
(0.784308 0.363932 3.17193e-19)
(0.737982 0.334314 -1.83336e-19)
(0.654058 0.285331 -4.47659e-19)
(0.515035 0.222812 -1.33725e-19)
(0.339783 0.146124 -1.5201e-21)
(0.169257 0.0730372 0)
(0.0384225 0.0164762 0)
(0.446567 0.225315 -5.88113e-20)
(1.02295 0.495884 0)
(1.26309 0.630893 -1.52692e-20)
(1.31326 0.658017 -6.73612e-21)
(1.28702 0.664259 2.0342e-19)
(1.22851 0.647645 -5.20743e-20)
(1.1581 0.624524 1.00838e-19)
(1.08729 0.599595 -1.89311e-19)
(1.01391 0.569401 2.63064e-19)
(0.938476 0.532443 -1.04014e-19)
(0.868753 0.490963 1.71699e-19)
(0.818247 0.451816 6.94892e-19)
(0.785694 0.42001 1.40518e-20)
(0.74862 0.388511 -3.30592e-19)
(0.70992 0.353629 6.11981e-19)
(0.63462 0.312299 4.22764e-21)
(0.503841 0.242649 1.43066e-19)
(0.333409 0.160733 -6.8271e-19)
(0.165223 0.0801624 7.01909e-19)
(0.0381123 0.0178238 -8.28817e-19)
(0.439827 0.243224 3.03232e-23)
(1.01142 0.534506 0)
(1.25128 0.680034 0)
(1.30105 0.708871 -7.86176e-21)
(1.27379 0.714038 -6.16874e-20)
(1.21459 0.694848 7.67894e-20)
(1.14363 0.669631 -1.89536e-19)
(1.0721 0.642388 0)
(0.997225 0.61015 -3.8763e-19)
(0.919902 0.571617 4.6207e-19)
(0.851548 0.52791 4.87773e-19)
(0.801589 0.484481 -2.55049e-19)
(0.758821 0.447394 -3.07839e-19)
(0.73274 0.415091 7.21423e-19)
(0.687884 0.382184 -2.17308e-19)
(0.611332 0.327995 -2.5961e-19)
(0.485581 0.259901 -1.5549e-19)
(0.324076 0.172015 -7.35846e-19)
(0.159711 0.0845179 1.06989e-19)
(0.0362433 0.0187429 8.93694e-19)
(0.435492 0.26161 -3.12008e-20)
(0.99997 0.570463 -3.91666e-20)
(1.23834 0.72559 2.36385e-20)
(1.2877 0.756579 -1.43863e-22)
(1.25968 0.761217 -5.86779e-20)
(1.20009 0.739761 1.27196e-19)
(1.12861 0.712414 0)
(1.05608 0.682982 1.13627e-19)
(0.979604 0.648145 -8.95959e-20)
(0.900603 0.605887 7.69418e-19)
(0.827217 0.556585 -1.1141e-19)
(0.770113 0.510386 1.26371e-19)
(0.735827 0.472349 0)
(0.697708 0.436422 -3.90414e-19)
(0.660048 0.3964 4.72382e-19)
(0.591324 0.350914 0)
(0.471554 0.273632 -3.35394e-19)
(0.311344 0.181497 9.85961e-19)
(0.15142 0.0868731 1.16233e-19)
(0.0330574 0.0188809 -1.09972e-18)
(0.433088 0.27853 -8.17167e-20)
(0.990103 0.605272 1.04945e-19)
(1.22543 0.769021 0)
(1.274 0.801751 2.28362e-21)
(1.24527 0.805458 0)
(1.18523 0.78192 -1.61451e-19)
(1.1134 0.752921 0)
(1.04029 0.721689 0)
(0.962786 0.685273 -1.17585e-19)
(0.881428 0.641811 -7.31159e-19)
(0.806543 0.591476 -9.00658e-19)
(0.751279 0.541307 1.47407e-19)
(0.708183 0.496716 5.31093e-19)
(0.681092 0.458251 4.29427e-19)
(0.639008 0.421186 -1.51542e-18)
(0.567774 0.360797 -6.0884e-19)
(0.449998 0.285501 3.56336e-19)
(0.296665 0.186219 0)
(0.141991 0.0874593 9.99194e-19)
(0.029494 0.0180981 -1.18446e-18)
(0.431464 0.294203 9.98764e-20)
(0.980136 0.63747 -1.23834e-19)
(1.21213 0.809101 0)
(1.25986 0.843821 -1.09334e-20)
(1.23054 0.847197 4.99255e-21)
(1.17032 0.821931 0)
(1.09823 0.791276 5.78368e-20)
(1.02447 0.75834 7.80045e-20)
(0.945657 0.720146 -2.21763e-19)
(0.862571 0.673715 9.7078e-20)
(0.784369 0.618337 0)
(0.723284 0.565097 6.10301e-19)
(0.684266 0.519792 4.81199e-21)
(0.645679 0.476608 2.3158e-19)
(0.61033 0.429152 2.75052e-19)
(0.546091 0.378926 0)
(0.433693 0.292591 -5.83347e-19)
(0.280917 0.189628 1.14538e-18)
(0.132035 0.0864624 -1.21117e-18)
(0.0258699 0.0169589 2.55033e-18)
(0.430254 0.3091 0)
(0.971204 0.668694 0)
(1.19934 0.847219 -5.9273e-20)
(1.24592 0.883573 0)
(1.21604 0.886224 0)
(1.15555 0.859353 -1.3609e-19)
(1.08336 0.827451 5.91936e-20)
(1.00922 0.793177 1.75324e-20)
(0.929348 0.753756 -5.08852e-20)
(0.843569 0.706461 0)
(0.76235 0.65065 -1.36714e-19)
(0.701157 0.594287 -4.97724e-19)
(0.654611 0.540809 -5.9889e-19)
(0.627833 0.494039 -2.40542e-19)
(0.588197 0.450362 2.98135e-19)
(0.522156 0.381287 -7.03058e-19)
(0.410315 0.298107 1.25518e-18)
(0.264458 0.188532 2.85068e-21)
(0.122036 0.0842489 -1.16217e-18)
(0.0227306 0.0155728 -1.72011e-19)
(0.429121 0.323645 0)
(0.962371 0.697928 -1.0245e-19)
(1.18659 0.882368 7.38822e-20)
(1.23196 0.920429 0)
(1.20161 0.92292 0)
(1.14109 0.894804 2.73982e-19)
(1.06886 0.861664 0)
(0.994146 0.82606 0)
(0.912874 0.78536 -4.8557e-19)
(0.825593 0.736193 1.33383e-19)
(0.742148 0.676735 -1.21231e-18)
(0.675109 0.616098 0)
(0.631152 0.562755 -6.48933e-19)
(0.59007 0.510209 1.07018e-20)
(0.556944 0.451241 -9.57196e-19)
(0.498719 0.393032 3.78419e-19)
(0.394405 0.296653 1.85241e-21)
(0.250639 0.186035 -1.32235e-18)
(0.113945 0.0809053 6.26859e-19)
(0.0195962 0.013951 1.84035e-19)
(0.428135 0.337841 0)
(0.954513 0.726298 -1.45732e-19)
(1.17453 0.915917 7.81797e-20)
(1.21852 0.955316 9.29212e-20)
(1.18769 0.95717 -1.62893e-20)
(1.12703 0.927825 2.7664e-20)
(1.05479 0.893802 -3.66179e-20)
(0.979704 0.857262 4.70057e-19)
(0.897428 0.81565 5.19423e-19)
(0.807645 0.765798 1.01708e-18)
(0.720493 0.706467 1.00732e-18)
(0.651427 0.644112 1.76727e-19)
(0.598449 0.582871 9.33636e-19)
(0.569872 0.524376 5.7588e-19)
(0.532024 0.468582 6.87205e-19)
(0.473462 0.385027 -4.14497e-19)
(0.370967 0.292219 -4.83138e-19)
(0.238233 0.175255 5.66211e-19)
(0.109644 0.079927 -3.35972e-19)
(0.0217575 0.0189325 5.95584e-19)
(0.427207 0.35163 2.07491e-19)
(0.946864 0.752813 2.27853e-19)
(1.16262 0.946851 4.61252e-20)
(1.20527 0.987552 1.62794e-20)
(1.17404 0.989295 1.92003e-20)
(1.11343 0.959065 -7.62027e-20)
(1.04123 0.924156 3.54455e-20)
(0.965723 0.88665 -2.04656e-20)
(0.882475 0.844248 -6.03659e-19)
(0.791656 0.793542 -1.10342e-18)
(0.702058 0.732229 6.99748e-20)
(0.627134 0.666511 0)
(0.576004 0.604964 0)
(0.528266 0.540579 -3.00062e-19)
(0.494868 0.462201 -1.12345e-18)
(0.444919 0.3874 8.92858e-19)
(0.359979 0.270987 5.28994e-19)
(0.244326 0.157321 0)
(0.122176 0.0549728 1.07154e-18)
(0.0153015 -0.006287 -6.3665e-19)
(0.426412 0.36481 -1.09965e-19)
(0.939917 0.778274 9.75097e-20)
(1.15137 0.976415 -1.12171e-19)
(1.19264 1.01814 -8.72975e-20)
(1.16101 1.01926 -9.20703e-21)
(1.10036 0.988059 -2.42584e-20)
(1.02828 0.952573 0)
(0.952633 0.914516 -5.90335e-19)
(0.868591 0.871558 7.43529e-20)
(0.775105 0.820421 0)
(0.681163 0.759057 0)
(0.603863 0.693663 1.12304e-19)
(0.540533 0.625695 1.50715e-19)
(0.504358 0.553354 -3.23758e-19)
(0.463479 0.478725 8.06605e-19)
(0.410107 0.364994 -9.72878e-19)
(0.327932 0.249623 -1.13158e-18)
(0.246385 0.135518 1.0014e-18)
(0.17424 0.0933663 -3.81973e-19)
(0.113159 0.0806751 2.22382e-19)
(0.425514 0.377229 1.39521e-19)
(0.933061 0.801934 0)
(1.14029 1.00355 0)
(1.18026 1.04625 -2.33694e-20)
(1.14835 1.04729 1.89186e-20)
(1.08785 1.01547 -2.08995e-20)
(1.01598 0.979394 1.55491e-19)
(0.940076 0.940692 6.04877e-19)
(0.855212 0.897267 1.09454e-18)
(0.76086 0.84586 -8.27626e-20)
(0.6656 0.784462 1.70715e-19)
(0.581798 0.717486 -1.00399e-18)
(0.519241 0.649634 -9.98256e-19)
(0.457972 0.573705 -1.7353e-19)
(0.41233 0.468497 0)
(0.366175 0.368438 -8.20991e-21)
(0.300601 0.184288 6.22271e-19)
(0.268224 0.0343822 -1.04879e-18)
(0.229554 -0.0829122 7.97464e-19)
(0.0830962 -0.0968088 6.619e-19)
(0.424612 0.389176 -3.08828e-19)
(0.926615 0.824535 -1.3987e-19)
(1.12976 1.02962 6.97743e-21)
(1.16845 1.0732 5.30799e-20)
(1.13621 1.0737 0)
(1.07574 1.04119 -8.42069e-20)
(1.00406 1.00486 -2.22648e-19)
(0.928096 0.966007 -1.32443e-21)
(0.842461 0.922416 -5.7359e-19)
(0.745622 0.87097 -8.11606e-20)
(0.645878 0.810036 7.53836e-20)
(0.558604 0.74483 8.81819e-19)
(0.481327 0.673684 9.74382e-19)
(0.429782 0.588517 1.68737e-19)
(0.37433 0.496039 8.63315e-19)
(0.295401 0.3382 0)
(0.179003 0.170629 0)
(0.00825064 0.213423 7.24053e-19)
(-0.0772209 0.629556 -3.05397e-20)
(0.00607474 1.53362 -8.8841e-19)
(0.423552 0.400492 1.709e-19)
(0.920313 0.84575 3.90028e-19)
(1.11936 1.05372 -5.30838e-19)
(1.1568 1.0982 2.6165e-19)
(1.12427 1.09887 -4.87919e-21)
(1.06396 1.06616 -3.8894e-20)
(0.992462 1.02969 0)
(0.916198 0.990706 -5.04469e-19)
(0.829853 0.947305 0)
(0.73252 0.896562 1.14488e-18)
(0.631542 0.837085 -9.13278e-20)
(0.537651 0.772673 1.02404e-19)
(0.462034 0.704416 1.11249e-18)
(0.376121 0.625346 -3.65528e-19)
(0.282773 0.495208 -4.39854e-19)
(0.200171 0.395235 0)
(0.0911794 0.515174 0)
(0.0269933 1.32062 0)
(0.0730135 2.45866 -4.11471e-19)
(0.100919 2.90857 -2.52875e-19)
(0.422344 0.41123 0)
(0.9143 0.865849 0)
(1.1095 1.07696 1.94085e-19)
(1.14576 1.12236 -2.11945e-19)
(1.11289 1.12273 8.9421e-20)
(1.05257 1.08968 4.47228e-20)
(0.981239 1.05338 2.85074e-20)
(0.904975 1.01482 -2.21954e-20)
(0.818112 0.971982 8.06083e-20)
(0.718291 0.921934 -1.31389e-18)
(0.612153 0.863237 1.65751e-19)
(0.515565 0.802561 8.78475e-19)
(0.4212 0.736099 -1.10864e-18)
(0.346102 0.64393 -1.21347e-18)
(0.268225 0.557515 4.08934e-19)
(0.193548 0.688831 0)
(0.125055 1.54829 5.68782e-19)
(0.125453 2.69035 6.27075e-19)
(0.133572 3.08693 -7.0127e-19)
(0.124963 3.22171 7.55332e-19)
(0.420986 0.421599 0)
(0.908484 0.884684 3.47881e-19)
(1.09982 1.0983 -4.85797e-20)
(1.13494 1.14457 3.01479e-19)
(1.10178 1.14535 -9.38619e-20)
(1.04162 1.11246 0)
(0.970469 1.0764 0)
(0.893979 1.03812 0)
(0.806533 0.996069 4.55757e-19)
(0.706363 0.947535 6.07896e-20)
(0.599906 0.892038 0)
(0.496427 0.834097 -8.73982e-19)
(0.410617 0.77249 0)
(0.296237 0.695046 8.68708e-19)
(0.206887 0.763414 -5.84348e-19)
(0.157326 1.46027 -4.70637e-19)
(0.159515 2.67843 -1.1061e-18)
(0.180902 3.1267 -5.8384e-19)
(0.171725 3.26784 -7.96049e-19)
(0.157546 3.30819 6.08911e-19)
(0.419581 0.431103 -1.21936e-19)
(0.902874 0.902363 1.53863e-20)
(1.09069 1.11895 -5.42872e-20)
(1.12477 1.16622 -2.32268e-19)
(1.09125 1.16688 0)
(1.03109 1.13391 0)
(0.960086 1.09832 0)
(0.883686 1.06088 3.5097e-20)
(0.795914 1.0199 -5.75945e-19)
(0.693654 0.972778 0)
(0.582777 0.918807 0)
(0.480262 0.865031 0)
(0.367828 0.805448 0)
(0.305917 0.78642 6.3381e-19)
(0.272719 1.17 1.55876e-18)
(0.252147 2.37825 4.62577e-19)
(0.264815 3.0831 9.34639e-19)
(0.25926 3.28418 -7.16705e-19)
(0.21021 3.35014 2.65639e-19)
(0.177466 3.36278 0)
(0.418066 0.440325 1.25701e-19)
(0.897311 0.919434 -7.74955e-19)
(1.08148 1.13836 -2.07446e-19)
(1.11455 1.18649 -4.5289e-20)
(1.08078 1.18778 2.1748e-20)
(1.02082 1.15523 -6.53651e-20)
(0.950033 1.12014 -4.20581e-21)
(0.873478 1.08324 -3.95533e-19)
(0.785251 1.04343 0)
(0.68311 0.99854 -7.66084e-20)
(0.572893 0.949035 6.969e-20)
(0.462532 0.898768 0)
(0.375238 0.855243 0)
(0.319961 0.971955 -7.92791e-19)
(0.276441 1.85433 9.74725e-20)
(0.272207 2.94196 -3.47116e-19)
(0.294013 3.28854 7.24774e-19)
(0.266701 3.38733 5.27337e-19)
(0.200742 3.41186 -7.17891e-19)
(0.175827 3.42126 3.56536e-19)
(0.416195 0.449721 2.47924e-19)
(0.891275 0.936748 7.56924e-19)
(1.072 1.15887 2.48712e-19)
(1.10418 1.20806 0)
(1.07011 1.20921 0)
(1.01023 1.17659 5.13251e-20)
(0.939694 1.142 7.74533e-20)
(0.863417 1.10609 3.52912e-19)
(0.775235 1.06755 2.27493e-20)
(0.671637 1.0245 9.82793e-19)
(0.558233 0.97673 -1.15493e-18)
(0.44812 0.928282 0)
(0.370028 0.925675 0)
(0.336014 1.33647 -5.39963e-19)
(0.337567 2.48344 -6.49378e-19)
(0.380516 3.19843 0)
(0.405089 3.37118 -7.32427e-19)
(0.335243 3.43409 4.9007e-20)
(0.265215 3.47868 3.45846e-19)
(0.242472 3.50402 -1.14485e-19)
(0.413966 0.459531 -4.72317e-19)
(0.884691 0.955153 -3.63833e-19)
(1.06148 1.17968 0)
(1.09273 1.22955 0)
(1.05855 1.23137 0)
(0.999052 1.19912 0)
(0.928964 1.16496 -9.03703e-20)
(0.85279 1.12942 3.12352e-19)
(0.764536 1.09204 0)
(0.661957 1.05152 -8.95055e-19)
(0.550625 1.00895 2.07235e-18)
(0.44118 0.973692 8.44136e-20)
(0.388478 1.05491 1.1162e-19)
(0.388469 1.74954 8.80785e-19)
(0.403747 2.899 -4.73345e-19)
(0.441194 3.32149 0)
(0.42422 3.4455 2.04729e-19)
(0.338439 3.53367 9.24527e-20)
(0.261957 3.59781 1.51029e-19)
(0.186653 3.57729 -1.20241e-20)
(0.411166 0.46975 2.25044e-19)
(0.87709 0.974156 -3.73156e-19)
(1.05026 1.20236 0)
(1.08073 1.25319 -6.60903e-20)
(1.04635 1.25458 2.25509e-19)
(0.987104 1.22195 0)
(0.917517 1.18805 0)
(0.842004 1.15343 -5.4305e-19)
(0.754393 1.11719 -5.76509e-20)
(0.651131 1.0785 8.78288e-19)
(0.535266 1.03712 -9.84708e-19)
(0.445449 1.01691 5.7276e-19)
(0.407918 1.23236 0)
(0.42534 2.18233 -4.67141e-19)
(0.46823 3.14504 3.06262e-19)
(0.531156 3.42546 1.91431e-19)
(0.523672 3.5224 0)
(0.460282 3.60464 -3.87392e-20)
(0.389588 3.64614 -4.16199e-19)
(0.308549 3.61743 -9.71022e-20)
(0.407846 0.480275 -4.50084e-19)
(0.868858 0.994691 5.34745e-19)
(1.03777 1.22526 3.68397e-19)
(1.0674 1.2764 -9.11832e-20)
(1.03306 1.27841 -3.45106e-19)
(0.974479 1.24604 0)
(0.905682 1.21242 4.48057e-21)
(0.830647 1.17788 1.97376e-19)
(0.743452 1.14262 3.12767e-20)
(0.642244 1.10638 -7.58797e-19)
(0.528738 1.07204 -5.23997e-20)
(0.449337 1.08359 -6.46508e-19)
(0.444816 1.4645 7.0289e-19)
(0.497238 2.54946 1.53362e-19)
(0.563133 3.30825 -2.68747e-19)
(0.61538 3.47779 1.35936e-19)
(0.575664 3.5296 0)
(0.517267 3.53394 0)
(0.422712 3.49902 -6.87016e-19)
(0.1927 3.2904 1.2695e-18)
(0.403646 0.490842 2.1606e-19)
(0.859095 1.01542 5.28224e-19)
(1.02445 1.25028 -3.77365e-19)
(1.05354 1.30225 3.32536e-19)
(1.01912 1.30339 3.63465e-19)
(0.961063 1.27027 0)
(0.893135 1.23658 4.54087e-21)
(0.819264 1.20279 1.64279e-19)
(0.733413 1.16837 0)
(0.632339 1.13348 0)
(0.523853 1.10343 0)
(0.459869 1.15699 0)
(0.48797 1.69989 -7.93053e-19)
(0.556471 2.85363 -2.03655e-19)
(0.631476 3.39675 0)
(0.674823 3.49104 -2.13232e-20)
(0.673333 3.49701 0)
(0.750197 3.33853 1.45494e-19)
(0.846139 2.97016 -1.80686e-18)
(0.449798 2.59193 1.89094e-18)
(0.398835 0.501169 -4.41489e-19)
(0.848636 1.03827 -3.39075e-19)
(1.00955 1.27545 -2.51404e-19)
(1.03799 1.32728 -3.11011e-19)
(1.00386 1.32895 -1.77757e-19)
(0.946862 1.29594 0)
(0.880178 1.26236 5.56775e-21)
(0.80722 1.22829 -4.34776e-20)
(0.722308 1.19454 -2.34379e-19)
(0.624273 1.16181 0)
(0.520696 1.14232 5.14748e-20)
(0.476089 1.25566 -5.85308e-20)
(0.535239 1.95272 0)
(0.630583 3.07916 2.66352e-19)
(0.722141 3.4402 0)
(0.754248 3.47771 -1.0525e-19)
(0.757686 3.38747 2.88982e-19)
(0.751083 3.00727 -1.43586e-19)
(0.506224 1.99781 2.81392e-19)
(-0.344819 0.501171 -6.8626e-19)
(0.392201 0.511455 -1.34119e-20)
(0.835716 1.06049 -1.73882e-19)
(0.993389 1.30312 3.46289e-19)
(1.02164 1.35598 -1.95654e-20)
(0.987559 1.3564 -5.72119e-20)
(0.931422 1.32236 0)
(0.866005 1.28848 6.11859e-20)
(0.79478 1.25521 -8.65604e-20)
(0.712054 1.22226 4.20423e-19)
(0.612035 1.19033 -5.12764e-19)
(0.523528 1.17974 -6.09715e-19)
(0.502179 1.36774 0)
(0.591468 2.25029 4.02127e-19)
(0.696186 3.2164 -5.42425e-20)
(0.76953 3.42123 3.14385e-20)
(0.776518 3.41266 0)
(0.706987 3.1826 -1.51595e-19)
(0.537401 2.40607 1.61957e-19)
(0.104863 0.64188 -1.92235e-19)
(-0.25148 -0.401235 -1.77392e-19)
(0.384396 0.521943 4.14258e-19)
(0.822109 1.08562 -1.70646e-19)
(0.975132 1.3309 2.45251e-19)
(1.00307 1.38338 1.89135e-19)
(0.969573 1.38453 1.15373e-19)
(0.914972 1.35073 2.1719e-19)
(0.851324 1.3171 -1.38377e-19)
(0.781468 1.28343 2.2054e-20)
(0.70014 1.2511 -3.1001e-19)
(0.603776 1.2223 3.27558e-20)
(0.527194 1.22967 9.74301e-20)
(0.530824 1.51729 -3.99805e-19)
(0.644107 2.51542 1.08262e-19)
(0.756391 3.29044 -2.11565e-19)
(0.820193 3.39565 3.0196e-20)
(0.797828 3.31806 8.35047e-20)
(0.671156 2.87097 -2.19162e-19)
(0.412279 1.64786 1.42105e-19)
(0.061119 0.0529274 0)
(-0.0799746 -0.163524 -3.05841e-19)
(0.374484 0.530729 0)
(0.804861 1.10822 -6.47959e-19)
(0.955206 1.36103 2.38527e-20)
(0.983597 1.41519 -3.1035e-19)
(0.950344 1.41478 0)
(0.897072 1.37975 -1.60975e-19)
(0.835198 1.34565 1.4205e-19)
(0.767827 1.31292 -2.0631e-20)
(0.689825 1.28157 2.20902e-19)
(0.596254 1.25517 3.68374e-19)
(0.531328 1.27914 4.71572e-19)
(0.566683 1.66896 4.76458e-20)
(0.702164 2.75826 -2.95205e-19)
(0.810155 3.32207 1.48359e-20)
(0.84438 3.35361 1.45518e-21)
(0.768869 3.13967 8.46308e-20)
(0.532636 2.33587 9.35258e-20)
(0.117961 0.451594 -1.10846e-19)
(-0.136455 -0.246158 0)
(-0.115642 -0.208058 0)
(0.363095 0.539279 -4.00159e-19)
(0.786756 1.13426 6.43633e-19)
(0.93276 1.39086 0)
(0.961385 1.44457 0)
(0.929081 1.44516 0)
(0.878065 1.41056 0)
(0.818641 1.37687 -7.6179e-20)
(0.753235 1.34355 -1.59074e-20)
(0.677427 1.31267 -3.42793e-20)
(0.590824 1.29034 3.85417e-20)
(0.540204 1.3453 -3.91823e-19)
(0.602302 1.85171 2.84477e-19)
(0.754431 2.94612 0)
(0.847883 3.32113 3.64524e-20)
(0.868964 3.2904 6.69779e-20)
(0.729897 2.87848 -2.57931e-20)
(0.399633 1.69885 1.09084e-19)
(0.0147803 -0.0352928 6.1841e-20)
(-0.158776 -0.20394 -2.57758e-19)
(-0.0586145 -0.138112 -3.01889e-19)
(0.348044 0.544548 2.02867e-19)
(0.763062 1.15438 3.00985e-19)
(0.908385 1.42233 -9.24488e-21)
(0.938107 1.47906 1.64864e-19)
(0.906217 1.47773 0)
(0.857286 1.44171 3.07714e-19)
(0.800224 1.40729 -6.26303e-20)
(0.738205 1.37494 1.76251e-20)
(0.665404 1.34491 -3.56595e-20)
(0.585647 1.32703 2.79874e-20)
(0.549807 1.41191 2.64308e-19)
(0.646474 2.05041 -1.31583e-19)
(0.805015 3.07001 -1.11796e-19)
(0.886575 3.31263 2.99513e-21)
(0.8683 3.19155 -3.56722e-20)
(0.637158 2.52629 1.53181e-19)
(0.195805 0.760684 -8.64942e-20)
(-0.0828027 -0.277164 1.26327e-19)
(-0.131631 -0.225552 -3.83903e-19)
(-0.0602437 -0.127553 2.6824e-19)
(0.330451 0.548501 -1.89761e-19)
(0.738131 1.17787 0)
(0.881194 1.45273 -2.20852e-19)
(0.911309 1.50953 -3.18153e-19)
(0.880911 1.50956 0)
(0.835346 1.4742 -2.40508e-19)
(0.78143 1.44033 0)
(0.722036 1.40709 -1.13742e-19)
(0.650955 1.37736 -2.34332e-20)
(0.582341 1.36568 7.39404e-20)
(0.565078 1.49534 -1.3e-19)
(0.686502 2.25443 7.29315e-20)
(0.846002 3.1406 1.7545e-19)
(0.91136 3.28473 1.39065e-20)
(0.8526 3.04461 -3.57922e-20)
(0.537459 2.10165 -5.16128e-20)
(0.0800767 0.130936 1.30882e-19)
(-0.181117 -0.272669 -1.46833e-19)
(-0.104426 -0.210948 4.22881e-22)
(-0.044111 -0.0737601 -2.80012e-20)
(0.308569 0.546894 3.77806e-19)
(0.707395 1.19284 -2.88911e-19)
(0.851572 1.48292 2.35573e-19)
(0.883022 1.54557 1.53328e-19)
(0.853618 1.54341 2.7972e-20)
(0.811206 1.50651 1.51999e-19)
(0.760158 1.4716 0)
(0.705255 1.43914 -3.76925e-20)
(0.637889 1.41089 0)
(0.5785 1.40618 -6.91542e-20)
(0.57908 1.57852 1.28864e-19)
(0.732383 2.42702 -3.53755e-21)
(0.886187 3.18595 -6.08664e-20)
(0.936479 3.24933 4.16804e-20)
(0.817969 2.86251 -1.40012e-20)
(0.395627 1.5538 6.44981e-20)
(-0.0503387 -0.124923 -1.97091e-19)
(-0.224632 -0.26377 -1.13044e-19)
(-0.125184 -0.24613 -4.49683e-20)
(-0.0621328 -0.0763778 2.09268e-19)
(0.284201 0.541876 4.2907e-21)
(0.675591 1.21129 1.484e-19)
(0.818057 1.51034 0)
(0.850189 1.57509 2.88337e-19)
(0.82375 1.57544 -4.10422e-19)
(0.785896 1.53939 1.53753e-19)
(0.738597 1.5052 -1.02448e-19)
(0.687339 1.4714 9.50331e-20)
(0.623262 1.44398 -8.37435e-20)
(0.574423 1.44717 -2.47041e-21)
(0.59704 1.66898 2.9686e-20)
(0.770714 2.58615 4.98905e-20)
(0.914165 3.19402 3.66936e-20)
(0.93954 3.1946 -6.40784e-20)
(0.758125 2.62097 -6.42741e-20)
(0.289785 1.06715 1.23519e-19)
(-0.0637171 -0.242527 -1.21337e-19)
(-0.227886 -0.298114 8.02581e-20)
(-0.125687 -0.277538 1.29643e-21)
(-0.0733032 -0.0977708 -1.84904e-19)
(0.255057 0.526738 7.03537e-19)
(0.635871 1.21449 -1.48033e-19)
(0.781368 1.53528 -4.03254e-19)
(0.81578 1.60974 3.27365e-19)
(0.791834 1.60883 -1.79392e-19)
(0.757604 1.57118 2.97084e-19)
(0.713738 1.53572 1.59152e-19)
(0.668335 1.50258 0)
(0.610162 1.47679 9.62526e-20)
(0.56945 1.48937 -1.39047e-20)
(0.611977 1.75418 -1.36806e-20)
(0.81243 2.70295 -5.48293e-21)
(0.938839 3.19741 2.00981e-20)
(0.948463 3.1365 9.23531e-21)
(0.70197 2.42829 -1.00556e-19)
(0.171032 0.499918 -4.31201e-20)
(-0.0614664 -0.270937 1.29091e-19)
(-0.150593 -0.315924 5.69968e-20)
(-0.117784 -0.284346 1.81073e-20)
(-0.0595679 -0.112939 1.5978e-19)
(0.222915 0.503844 0)
(0.594552 1.22015 1.3784e-19)
(0.739415 1.55494 -1.83044e-19)
(0.776267 1.6347 3.17615e-19)
(0.757532 1.63896 -3.91946e-19)
(0.728025 1.60256 1.63207e-19)
(0.688857 1.56805 0)
(0.648039 1.53298 0)
(0.596862 1.50737 0)
(0.562467 1.52944 1.987e-20)
(0.627423 1.83157 -1.86233e-20)
(0.839858 2.79219 1.98561e-20)
(0.954311 3.19559 5.64521e-20)
(0.937262 3.06417 5.23077e-20)
(0.628749 2.18368 -9.12489e-20)
(0.10848 0.228908 7.38432e-20)
(-0.106385 -0.263035 1.82565e-21)
(-0.118537 -0.325886 -1.30934e-19)
(-0.0935767 -0.251742 1.54917e-20)
(-0.0339479 -0.0916696 0)
(0.185809 0.464222 6.45531e-19)
(0.543029 1.19965 -1.28896e-19)
(0.694304 1.56862 4.64613e-21)
(0.735845 1.6644 0)
(0.720457 1.66814 -1.88175e-19)
(0.694694 1.63159 1.83251e-20)
(0.659799 1.59548 0)
(0.625884 1.56122 4.8564e-20)
(0.582411 1.53593 -3.83213e-20)
(0.556098 1.56688 0)
(0.638052 1.89549 0)
(0.868692 2.85399 -3.63748e-20)
(0.96636 3.19699 -8.13903e-20)
(0.93264 3.00339 -7.65894e-21)
(0.592576 2.01471 -2.23963e-20)
(0.0512185 0.0501643 3.27057e-20)
(-0.141559 -0.267434 0)
(-0.119673 -0.345992 -7.61803e-20)
(-0.0868445 -0.253227 -1.19417e-19)
(-0.00697796 -0.0708066 2.81492e-19)
(0.145803 0.41021 5.32871e-19)
(0.490189 1.17921 -1.23537e-19)
(0.642411 1.57151 1.74341e-19)
(0.689234 1.6802 -4.32986e-19)
(0.680697 1.69265 0)
(0.660567 1.65942 0)
(0.631212 1.62411 0)
(0.602951 1.5876 5.1103e-20)
(0.567113 1.56089 -4.03185e-20)
(0.545923 1.59684 0)
(0.646211 1.94553 0)
(0.882718 2.88542 1.16064e-19)
(0.97252 3.20331 -5.0862e-20)
(0.904332 2.96861 6.82842e-20)
(0.519399 1.8227 7.47707e-20)
(-0.0551037 0.0990622 0)
(-0.243995 -0.173805 -2.7035e-20)
(-0.224151 -0.307509 -2.20077e-20)
(-0.11292 -0.249901 2.34626e-19)
(0.0327512 0.0540087 -2.80232e-19)
(0.103022 0.332488 -4.95443e-19)
(0.424396 1.11428 1.30103e-19)
(0.587923 1.56286 3.6752e-19)
(0.642524 1.69874 2.48656e-19)
(0.636836 1.7124 -2.01356e-19)
(0.622367 1.68246 -1.32393e-19)
(0.597396 1.64541 8.98177e-20)
(0.576778 1.61016 0)
(0.550478 1.58211 0)
(0.53527 1.61834 0)
(0.645384 1.96252 -7.17513e-20)
(0.906504 2.90049 -1.19962e-19)
(0.986755 3.22098 5.21869e-20)
(0.87326 2.98666 -2.03083e-20)
(0.454763 1.83225 6.6973e-20)
(-0.168845 0.366391 0)
(-0.399876 -0.28596 1.05499e-19)
(-0.444135 -0.617334 -3.5967e-19)
(-0.366943 -0.642898 8.3971e-19)
(-0.0492936 -0.0855546 -4.62197e-19)
(0.0557126 0.233807 5.24344e-19)
(0.356899 1.04546 -4.30777e-19)
(0.522751 1.53052 0)
(0.587411 1.6968 1.2343e-19)
(0.591596 1.72788 8.88193e-20)
(0.58345 1.70392 1.86354e-19)
(0.564484 1.66746 -8.39581e-20)
(0.549381 1.62911 0)
(0.531205 1.59816 0)
(0.519114 1.63044 -1.40418e-19)
(0.638341 1.9536 -3.94944e-21)
(0.914115 2.87033 8.4918e-20)
(1.02725 3.22112 4.50598e-20)
(0.938824 3.05108 2.69748e-19)
(0.563154 1.90879 -5.51124e-19)
(0.0164937 0.45671 8.63701e-19)
(-0.380535 -0.32307 -6.03087e-19)
(-0.5003 -0.934273 0)
(-0.494845 -1.18815 -3.73363e-20)
(-0.26261 -0.839485 1.21712e-18)
(0.0170344 0.144145 5.37133e-19)
(0.268861 0.90233 0)
(0.456967 1.47819 0)
(0.532877 1.69218 0)
(0.54186 1.73192 7.3874e-20)
(0.540044 1.71618 -1.84752e-19)
(0.525137 1.67961 -8.10889e-20)
(0.517526 1.64253 0)
(0.509014 1.60792 0)
(0.504601 1.63267 8.78446e-20)
(0.619844 1.91294 2.98947e-20)
(0.934007 2.81666 -4.03386e-20)
(1.11717 3.19069 3.98687e-20)
(1.16558 3.0763 1.47403e-19)
(0.996973 2.37835 -3.37042e-19)
(0.58457 1.07755 4.11505e-19)
(0.0935842 0.135284 -4.58296e-19)
(-0.18675 -0.897845 0)
(-0.398499 -1.429 3.55383e-20)
(-0.278391 -1.30243 6.69381e-19)
(-0.00258422 0.0785968 -5.00957e-19)
(0.182745 0.751159 1.72595e-19)
(0.37605 1.37083 2.66168e-19)
(0.469954 1.65475 -1.58561e-20)
(0.492325 1.73384 -1.60508e-19)
(0.495371 1.72765 -1.01655e-19)
(0.486405 1.69334 2.27314e-19)
(0.481358 1.6514 -6.10983e-21)
(0.480154 1.60952 0)
(0.479715 1.62079 2.34524e-20)
(0.582516 1.83874 -9.58394e-21)
(0.901823 2.64575 3.05314e-20)
(1.16273 3.08214 0)
(1.22005 2.96535 -5.42054e-20)
(1.1568 2.55716 0)
(0.948217 1.66744 -6.79182e-20)
(0.554236 0.671455 1.79513e-20)
(0.230929 -0.241695 0)
(-0.0153375 -0.999595 0)
(-0.182763 -1.347 5.07792e-20)
(-0.00244313 0.0169074 4.0135e-19)
(0.0875705 0.438972 -1.5043e-19)
(0.312224 1.23076 1.18955e-19)
(0.409294 1.5985 -1.87013e-19)
(0.437535 1.7115 7.31288e-20)
(0.445851 1.72165 -2.44558e-20)
(0.440951 1.69754 1.48553e-20)
(0.438665 1.65528 -3.0613e-20)
(0.444154 1.60393 -1.9099e-20)
(0.452268 1.59876 -1.34464e-20)
(0.517476 1.73522 5.83508e-21)
(0.778694 2.43882 0)
(1.07102 2.90378 1.32307e-20)
(1.12707 2.85928 0)
(1.08524 2.59635 0)
(0.987831 2.04436 0)
(0.683498 1.1831 4.34028e-19)
(0.412585 0.377543 -1.02088e-18)
(0.152585 -0.432935 4.18762e-21)
(0.0176454 -0.685847 7.48146e-19)
(0.00691065 -0.0407396 7.11821e-20)
(0.0239211 0.171891 6.68028e-20)
(0.208909 0.943122 -5.44296e-20)
(0.34104 1.48484 -4.08266e-20)
(0.38386 1.68884 3.30044e-20)
(0.394448 1.71793 2.2828e-20)
(0.392416 1.70323 1.57513e-20)
(0.38673 1.65623 0)
(0.389698 1.59473 -7.68334e-21)
(0.399763 1.5659 -3.77466e-21)
(0.423497 1.63218 6.30934e-21)
(0.549175 2.09374 0)
(0.842777 2.76361 1.65375e-20)
(0.869284 2.76437 -3.30953e-20)
(0.855821 2.63903 0)
(0.790517 2.32352 0)
(0.608936 1.73334 -3.07284e-20)
(0.400284 1.07439 0)
(0.20098 0.454393 -2.40891e-20)
(0.0403471 -0.00135286 0)
(0.00540594 -0.0764887 0)
(0.00215099 0.020379 0)
(0.0958015 0.581273 0)
(0.252401 1.28054 0)
(0.31628 1.60747 -8.12594e-34)
(0.336412 1.69619 5.98976e-34)
(0.337676 1.69407 0)
(0.332424 1.65819 0)
(0.329446 1.58693 0)
(0.335387 1.53911 0)
(0.340978 1.57062 0)
(0.371801 1.89108 0)
(0.623776 2.59487 0)
(0.63905 2.743 0)
(0.618651 2.70825 0)
(0.580924 2.54658 0)
(0.482381 2.18378 0)
(0.317317 1.6127 0)
(0.160478 1.07188 0)
(0.0377972 0.560115 0)
(-0.00383331 -0.0758891 0)
(0.00351332 -0.0606924 0)
(0.0315359 0.233069 0)
(0.180408 1.05511 0)
(0.247932 1.51882 0)
(0.271735 1.67018 0)
(0.276252 1.68466 0)
(0.273859 1.6583 0)
(0.26823 1.5829 0)
(0.270245 1.52503 0)
(0.276197 1.54532 0)
(0.253597 1.80536 0)
(0.459859 2.49326 0)
(0.482145 2.75205 0)
(0.452318 2.76849 0)
(0.421472 2.69236 0)
(0.359779 2.45111 0)
(0.237459 1.98456 0)
(0.112867 1.49078 0)
(0.0211932 0.901014 0)
(-0.00348847 -0.0798664 0)
(0.0210749 -0.106834 0)
(0.02199 0.0760169 0)
(0.113144 0.816137 0)
(0.186577 1.41248 0)
(0.208619 1.63655 0)
(0.212852 1.67208 0)
(0.213592 1.6538 0)
(0.20701 1.58405 0)
(0.208262 1.52344 0)
(0.222649 1.54008 0)
(0.169874 1.76174 0)
(0.324978 2.42529 0)
(0.353754 2.76977 0)
(0.316726 2.83468 0)
(0.289671 2.80523 0)
(0.244525 2.64183 0)
(0.159804 2.25591 0)
(0.0674311 1.78008 0)
(0.0101225 1.11016 0)
(0.00361808 -0.129688 0)
(0.0326828 -0.183901 0)
(0.0318908 0.00317884 0)
(0.0621877 0.67182 0)
(0.120756 1.33075 0)
(0.139552 1.60404 0)
(0.147133 1.66103 0)
(0.153657 1.64923 0)
(0.152069 1.58636 0)
(0.15367 1.52833 0)
(0.17765 1.54518 0)
(0.111168 1.73891 0)
(0.221389 2.37572 0)
(0.250452 2.78377 0)
(0.215528 2.8915 0)
(0.186321 2.88822 0)
(0.155817 2.77618 0)
(0.0983828 2.45535 0)
(0.0343815 2.00689 0)
(-0.00195971 1.24925 0)
(0.00756246 -0.204305 0)
(0.0294634 -0.245524 0)
(0.0249051 0.00343778 0)
(0.00601348 0.639298 0)
(0.0441687 1.28912 0)
(0.0596746 1.57914 0)
(0.0785604 1.64659 0)
(0.0928594 1.64068 0)
(0.102099 1.58406 0)
(0.104764 1.53324 0)
(0.136161 1.55215 0)
(0.0722297 1.72644 0)
(0.144922 2.34799 0)
(0.1677 2.799 0)
(0.138452 2.9385 0)
(0.111943 2.95605 0)
(0.0894567 2.87267 0)
(0.0475973 2.58312 0)
(0.004749 2.12447 0)
(-0.0106064 1.25711 0)
(0.00590111 -0.253204 0)
(0.0146 -0.271664 0)
(-0.00662518 0.0699083 0)
(-0.0456937 0.674529 0)
(-0.0330957 1.27211 0)
(-0.0185645 1.55381 0)
(0.0118836 1.62707 0)
(0.0369324 1.62566 0)
(0.0567155 1.57586 0)
(0.0608145 1.53276 0)
(0.0972055 1.55606 0)
(0.0441507 1.71652 0)
(0.0935035 2.32629 0)
(0.106626 2.81181 0)
(0.0803929 2.97549 0)
(0.0591115 3.0079 0)
(0.0448955 2.93963 0)
(0.0169244 2.67307 0)
(-0.00752979 2.2105 0)
(-0.0144129 1.23564 0)
(0.00173686 -0.262614 0)
(-0.0150293 -0.209671 0)
(-0.0514932 0.176195 0)
(-0.0932298 0.753251 0)
(-0.0931837 1.26581 0)
(-0.077435 1.51507 0)
(-0.0430465 1.59231 0)
(-0.0121645 1.60248 0)
(0.0167686 1.55901 0)
(0.0243078 1.52375 0)
(0.0629466 1.55628 0)
(0.0226518 1.7136 0)
(0.0555706 2.31426 0)
(0.0594749 2.81905 0)
(0.0382109 3.00113 0)
(0.0212722 3.04454 0)
(0.00928104 2.98456 0)
(-0.0102219 2.71864 0)
(-0.0269933 2.22425 0)
(-0.0159988 1.1766 0)
(-0.00593121 -0.210631 0)
(-0.0333743 -0.108455 0)
(-0.0782138 0.282924 0)
(-0.117515 0.81917 0)
(-0.122562 1.25044 0)
(-0.107309 1.4665 0)
(-0.0746154 1.54696 0)
(-0.0455555 1.56894 0)
(-0.0107116 1.53551 0)
(-0.00325374 1.50903 0)
(0.0348264 1.55256 0)
(0.00470673 1.71026 0)
(0.0283833 2.30855 0)
(0.0245235 2.82672 0)
(0.0075759 3.0204 0)
(-0.00608693 3.07171 0)
(-0.0149188 3.01259 0)
(-0.0271539 2.74501 0)
(-0.0330887 2.21438 0)
(-0.0190161 1.07825 0)
(-0.008711 -0.130486 0)
(-0.0385505 0.0177558 0)
(-0.0849184 0.39557 0)
(-0.122643 0.877652 0)
(-0.128754 1.23462 0)
(-0.116316 1.42004 0)
(-0.0882102 1.50028 0)
(-0.0634034 1.53016 0)
(-0.0284561 1.50922 0)
(-0.0231551 1.49156 0)
(0.0145972 1.54794 0)
(-0.0101704 1.71043 0)
(0.00738009 2.30603 0)
(-0.0010791 2.83088 0)
(-0.0128503 3.03429 0)
(-0.0234933 3.08826 0)
(-0.0315645 3.0281 0)
(-0.0399966 2.75137 0)
(-0.0380188 2.18838 0)
(-0.018638 0.97216 0)
(-0.00829214 -0.0458665 0)
(-0.0362382 0.139144 0)
(-0.0788728 0.493334 0)
(-0.112639 0.923269 0)
(-0.118857 1.22509 0)
(-0.109331 1.38664 0)
(-0.08778 1.46328 0)
(-0.0700975 1.49525 0)
(-0.0388037 1.48364 0)
(-0.0362187 1.47434 0)
(0.000991597 1.54201 0)
(-0.0200729 1.71251 0)
(-0.0104661 2.31003 0)
(-0.0197585 2.83985 0)
(-0.027205 3.04587 0)
(-0.035688 3.10076 0)
(-0.0391428 3.03681 0)
(-0.0442498 2.7457 0)
(-0.0380379 2.13396 0)
(-0.0150981 0.866565 0)
(-0.00669639 0.0311552 0)
(-0.0302505 0.252712 0)
(-0.0666423 0.586336 0)
(-0.0958063 0.968587 0)
(-0.101741 1.22594 0)
(-0.0959526 1.36737 0)
(-0.0806564 1.4381 0)
(-0.0682317 1.46891 0)
(-0.0423272 1.46285 0)
(-0.0420238 1.45936 0)
(-0.00761646 1.53458 0)
(-0.0273615 1.71324 0)
(-0.0207241 2.31211 0)
(-0.0317336 2.8482 0)
(-0.0361408 3.05531 0)
(-0.0413298 3.10883 0)
(-0.043872 3.03898 0)
(-0.0434268 2.73581 0)
(-0.0351507 2.08598 0)
(-0.0101771 0.777605 0)
(-0.00443218 0.0895242 0)
(-0.0220689 0.341361 0)
(-0.0510463 0.658583 0)
(-0.0746759 1.00458 0)
(-0.081399 1.23154 0)
(-0.0791027 1.35901 0)
(-0.0692545 1.42482 0)
(-0.0620879 1.45304 0)
(-0.0403382 1.44853 0)
(-0.0429975 1.44874 0)
(-0.0125479 1.52952 0)
(-0.0330466 1.71843 0)
(-0.027985 2.32005 0)
(-0.0366954 2.85603 0)
(-0.0406145 3.06185 0)
(-0.0447051 3.11413 0)
(-0.0442968 3.03748 0)
(-0.043336 2.71343 0)
(-0.0315254 2.01663 0)
(-0.0064931 0.701081 0)
(-0.00262044 0.13115 0)
(-0.0148763 0.412263 0)
(-0.0371149 0.721697 0)
(-0.056104 1.04012 0)
(-0.0628605 1.24248 0)
(-0.0638924 1.3569 0)
(-0.058429 1.4173 0)
(-0.0538667 1.44318 0)
(-0.0359205 1.43987 0)
(-0.0414841 1.44108 0)
(-0.0149458 1.52604 0)
(-0.0359124 1.72139 0)
(-0.0309361 2.32666 0)
(-0.0407591 2.86385 0)
(-0.0430416 3.06827 0)
(-0.0451091 3.11741 0)
(-0.0439715 3.03368 0)
(-0.040509 2.69723 0)
(-0.0272835 1.96286 0)
(-0.00357489 0.643081 0)
(-0.00134169 0.156559 0)
(-0.0091127 0.459803 0)
(-0.0252059 0.765528 0)
(-0.0392779 1.06549 0)
(-0.0456225 1.25391 0)
(-0.0491842 1.35903 0)
(-0.0475495 1.41407 0)
(-0.0464426 1.43681 0)
(-0.0331956 1.43402 0)
(-0.0416623 1.43659 0)
(-0.0167217 1.52414 0)
(-0.0388099 1.72792 0)
(-0.0325106 2.33523 0)
(-0.0410653 2.87015 0)
(-0.0432442 3.07174 0)
(-0.0445178 3.11701 0)
(-0.0425918 3.02448 0)
(-0.0379357 2.6632 0)
(-0.0230481 1.89185 0)
(-0.0015118 0.592837 0)
(-0.000611255 0.172212 0)
(-0.00540082 0.495013 0)
(-0.0172179 0.802188 0)
(-0.028429 1.08821 0)
(-0.0336257 1.2662 0)
(-0.0380437 1.36371 0)
(-0.0387622 1.4133 0)
(-0.039227 1.43266 0)
(-0.030186 1.43067 0)
(-0.0407415 1.43298 0)
(-0.0185604 1.52331 0)
(-0.0374662 1.73164 0)
(-0.0342971 2.33968 0)
(-0.041258 2.87408 0)
(-0.0424192 3.07257 0)
(-0.0436776 3.11534 0)
(-0.0401184 3.01717 0)
(-0.034767 2.64312 0)
(-0.0190304 1.83908 0)
(1.12369e-05 0.558444 0)
(-0.000289078 0.180633 0)
(-0.00331488 0.517017 0)
(-0.0118751 0.827007 0)
(-0.0205068 1.10459 0)
(-0.0255609 1.27689 0)
(-0.0297306 1.3697 0)
(-0.0317473 1.41493 0)
(-0.0340595 1.43128 0)
(-0.028351 1.42971 0)
(-0.038542 1.43166 0)
(-0.0196836 1.5233 0)
(-0.0378037 1.73688 0)
(-0.033296 2.34383 0)
(-0.0410198 2.87731 0)
(-0.0418058 3.07226 0)
(-0.0419038 3.11104 0)
(-0.038953 3.00165 0)
(-0.0326643 2.60247 0)
(-0.0159191 1.76774 0)
(0.000598031 0.526924 0)
(-0.00016285 0.186472 0)
(-0.00216386 0.53461 0)
(-0.00875037 0.848428 0)
(-0.015797 1.11947 0)
(-0.0206017 1.28614 0)
(-0.0239339 1.37565 0)
(-0.0258904 1.41846 0)
(-0.0282863 1.43305 0)
(-0.0246124 1.43002 0)
(-0.0345897 1.43005 0)
(-0.0201738 1.52367 0)
(-0.0361084 1.74101 0)
(-0.0352658 2.34762 0)
(-0.0416225 2.87959 0)
(-0.04133 3.07149 0)
(-0.0412747 3.10831 0)
(-0.037559 2.99301 0)
(-0.030358 2.58103 0)
(-0.0137659 1.72264 0)
(0.00105206 0.507628 0)
(-0.000141591 0.189827 0)
(-0.00159595 0.545824 0)
(-0.00663581 0.863724 0)
(-0.0120311 1.13166 0)
(-0.0170968 1.29477 0)
(-0.0200697 1.38046 0)
(-0.0226602 1.42047 0)
(-0.0247074 1.43425 0)
(-0.0214806 1.4315 0)
(-0.0310757 1.43075 0)
(-0.0200591 1.52428 0)
(-0.0340392 1.74644 0)
(-0.0329751 2.35254 0)
(-0.039452 2.88218 0)
(-0.0407747 3.07124 0)
(-0.0396361 3.10286 0)
(-0.0365357 2.97592 0)
(-0.0309726 2.53812 0)
(-0.012336 1.65206 0)
(0.00102102 0.484546 0)
(-0.000102273 0.192923 0)
(-0.00111331 0.55602 0)
(-0.00537539 0.877031 0)
(-0.00909493 1.14136 0)
(-0.0131651 1.30251 0)
(-0.0162021 1.38554 0)
(-0.0187522 1.42378 0)
(-0.0211659 1.43593 0)
(-0.0187763 1.43265 0)
(-0.0275642 1.4314 0)
(-0.0192115 1.52561 0)
(-0.0337927 1.75113 0)
(-0.0349262 2.35762 0)
(-0.0406928 2.88481 0)
(-0.0411499 3.07142 0)
(-0.0409014 3.10055 0)
(-0.0392648 2.96673 0)
(-0.0309752 2.51497 0)
(-0.0120127 1.60743 0)
(0.000676359 0.470389 0)
(-0.000117021 0.194611 0)
(-0.00089444 0.562489 0)
(-0.00429603 0.886956 0)
(-0.00758374 1.14843 0)
(-0.010185 1.30957 0)
(-0.0133694 1.39024 0)
(-0.0163615 1.42571 0)
(-0.0176964 1.43674 0)
(-0.0152893 1.43422 0)
(-0.0253622 1.4337 0)
(-0.0183734 1.52796 0)
(-0.0307996 1.75727 0)
(-0.0313619 2.36493 0)
(-0.0401478 2.89025 0)
(-0.0418523 3.07255 0)
(-0.0413945 3.09669 0)
(-0.0370887 2.94963 0)
(-0.0305402 2.46879 0)
(-0.0113738 1.53928 0)
(0.00096122 0.44936 0)
(-0.000115568 0.196824 0)
(-0.000928711 0.569486 0)
(-0.00390598 0.896257 0)
(-0.00629025 1.15322 0)
(-0.0079575 1.31513 0)
(-0.0108218 1.39528 0)
(-0.0135873 1.42914 0)
(-0.0159195 1.43824 0)
(-0.0150886 1.43645 0)
(-0.0241911 1.43567 0)
(-0.0174419 1.52948 0)
(-0.0312264 1.76289 0)
(-0.0343879 2.37041 0)
(-0.0412032 2.89483 0)
(-0.0437988 3.07369 0)
(-0.0450889 3.09548 0)
(-0.0410379 2.93926 0)
(-0.0324475 2.44156 0)
(-0.0114212 1.49586 0)
(0.000964342 0.436499 0)
(-0.000170552 0.198307 0)
(-0.000934996 0.574412 0)
(-0.00365039 0.902996 0)
(-0.00669581 1.15674 0)
(-0.00732878 1.31902 0)
(-0.00972147 1.39915 0)
(-0.0119395 1.43078 0)
(-0.0136941 1.43997 0)
(-0.0128737 1.43942 0)
(-0.0223776 1.43869 0)
(-0.0182246 1.5316 0)
(-0.0297253 1.77252 0)
(-0.0382622 2.3827 0)
(-0.0460618 2.90368 0)
(-0.047535 3.0756 0)
(-0.0469172 3.09041 0)
(-0.0428331 2.91688 0)
(-0.0328993 2.38584 0)
(-0.011194 1.42023 0)
(0.00114729 0.416302 0)
(-0.000192001 0.201021 0)
(-0.00144807 0.581058 0)
(-0.00399656 0.912184 0)
(-0.00689904 1.16096 0)
(-0.00725987 1.32177 0)
(-0.00899588 1.4029 0)
(-0.010792 1.43435 0)
(-0.0143685 1.4421 0)
(-0.0135974 1.44198 0)
(-0.0227687 1.44162 0)
(-0.0185115 1.53371 0)
(-0.0313941 1.77949 0)
(-0.040809 2.38962 0)
(-0.0502426 2.90792 0)
(-0.0534366 3.07545 0)
(-0.0526937 3.08844 0)
(-0.0481897 2.90296 0)
(-0.0360611 2.35276 0)
(-0.0113027 1.37751 0)
(0.000975652 0.40537 0)
(-0.000247028 0.203615 0)
(-0.00122713 0.587165 0)
(-0.00366154 0.918428 0)
(-0.00662067 1.16453 0)
(-0.00770006 1.3233 0)
(-0.00869405 1.40479 0)
(-0.0093972 1.43645 0)
(-0.0132124 1.44482 0)
(-0.0127673 1.44487 0)
(-0.0212932 1.44611 0)
(-0.0196701 1.53741 0)
(-0.032909 1.79492 0)
(-0.0455617 2.40447 0)
(-0.0543211 2.91822 0)
(-0.0561592 3.07784 0)
(-0.0547501 3.08185 0)
(-0.0487719 2.87428 0)
(-0.0353446 2.28577 0)
(-0.0118777 1.29358 0)
(0.00268163 0.384889 0)
(-0.000313987 0.206155 0)
(-0.00193791 0.591854 0)
(-0.00434952 0.924968 0)
(-0.00785968 1.16993 0)
(-0.00851382 1.32526 0)
(-0.00875409 1.40658 0)
(-0.010382 1.43935 0)
(-0.0154203 1.44773 0)
(-0.0150893 1.44673 0)
(-0.0250279 1.44921 0)
(-0.0242092 1.53942 0)
(-0.0282467 1.80279 0)
(-0.0487593 2.41299 0)
(-0.0571105 2.92386 0)
(-0.0605336 3.07713 0)
(-0.0609561 3.07914 0)
(-0.0548576 2.85781 0)
(-0.0398606 2.2479 0)
(-0.0105653 1.24834 0)
(0.00176882 0.379477 0)
(-0.000318754 0.212676 0)
(-0.00188423 0.603494 0)
(-0.00412817 0.936075 0)
(-0.00644414 1.17706 0)
(-0.0076417 1.32625 0)
(-0.00771041 1.40736 0)
(-0.00775806 1.44417 0)
(-0.0131692 1.45469 0)
(-0.014789 1.45366 0)
(-0.0252294 1.45894 0)
(-0.0282795 1.54097 0)
(-0.0277278 1.8232 0)
(-0.0504174 2.43884 0)
(-0.0582391 2.9393 0)
(-0.0628874 3.08017 0)
(-0.0624862 3.06905 0)
(-0.0558781 2.81168 0)
(-0.0411976 2.14575 0)
(-0.0121359 1.1286 0)
(-0.00156455 0.344182 0)
(-0.239349 1.57732 1.26716e-22)
(0.396931 3.23737 1.97088e-20)
(0.0916996 3.46752 6.32131e-20)
(0.198937 3.43598 0)
(0.15883 3.38988 0)
(0.153198 3.34263 -3.84456e-19)
(0.155566 3.31634 4.03297e-19)
(0.128185 3.27263 -4.20929e-19)
(0.114044 3.1786 7.75147e-21)
(0.0980343 2.56789 5.75944e-19)
(-0.105114 2.32892 1.02055e-23)
(0.13204 3.29243 1.67341e-19)
(0.0105157 3.439 0)
(0.097499 3.39178 0)
(0.0733889 3.34559 1.14203e-20)
(0.0786116 3.30797 7.97674e-19)
(0.0746655 3.27637 -4.44957e-19)
(0.050792 3.24079 -7.48172e-21)
(0.0507056 3.08299 7.13894e-21)
(0.000707109 2.08618 0)
(-0.0276751 2.07585 1.83045e-19)
(0.0861033 3.14249 -1.93301e-19)
(0.0246903 3.34649 0)
(0.0725329 3.32542 3.6716e-19)
(0.0522398 3.30333 -1.37512e-21)
(0.0531796 3.28159 -4.14849e-19)
(0.0460888 3.26656 -5.1491e-19)
(0.0307597 3.24571 -2.15219e-22)
(0.0409754 3.11909 7.36985e-21)
(-0.016718 2.21139 0)
(-0.0405123 2.02009 -4.67855e-20)
(0.0280296 3.11911 0)
(-0.0135862 3.30962 -1.93843e-19)
(0.0213933 3.30775 -1.59544e-19)
(0.0164185 3.28413 1.4473e-20)
(0.0225881 3.26166 -2.6846e-19)
(0.0273529 3.24623 2.3943e-19)
(0.0215933 3.23355 -8.58267e-21)
(0.0420866 3.12535 1.13485e-20)
(0.00726755 2.25033 2.94956e-19)
(-0.0527135 2.02525 -1.50241e-19)
(0.0135918 3.09045 0)
(-0.00750853 3.26717 4.18532e-19)
(0.0115573 3.26233 -2.31178e-19)
(0.0141674 3.2484 -7.04586e-22)
(0.0170962 3.23767 -1.91036e-21)
(0.0213479 3.23337 -1.55225e-20)
(0.0220157 3.22417 -3.04812e-19)
(0.04303 3.12759 8.37754e-21)
(-0.00312084 2.31212 -6.17628e-19)
(-0.0499756 2.0854 0)
(-0.0101735 3.08624 -2.30173e-19)
(-0.0285263 3.24308 1.89966e-20)
(-0.0149039 3.24712 -1.60118e-20)
(-0.00551524 3.23239 1.64141e-20)
(0.00334411 3.21983 2.72601e-19)
(0.015834 3.21119 2.85136e-19)
(0.0210074 3.20544 5.99542e-19)
(0.0427166 3.12399 3.32175e-19)
(0.0106066 2.3542 -1.66534e-20)
(-0.0512344 2.14093 0)
(-0.0198169 3.08207 2.38138e-19)
(-0.0190742 3.21398 -2.49966e-19)
(-0.0115447 3.21282 -1.7296e-20)
(-0.000315026 3.20249 3.57655e-20)
(0.00760584 3.19593 3.67638e-22)
(0.0165035 3.19546 -1.92362e-20)
(0.0218731 3.191 -3.13384e-19)
(0.0423593 3.12151 -3.23287e-19)
(0.00384528 2.41974 -1.72583e-20)
(-0.047739 2.22882 2.74566e-19)
(-0.0285692 3.08558 -1.27482e-20)
(-0.0321266 3.19401 8.80261e-21)
(-0.0236438 3.19546 0)
(-0.0133803 3.18556 0)
(-0.00135016 3.17785 0)
(0.013305 3.17176 0)
(0.0206426 3.16933 3.49242e-19)
(0.0411617 3.1126 -3.60091e-19)
(0.0153665 2.46388 3.55773e-19)
(-0.0463762 2.3061 2.64771e-20)
(-0.0329503 3.08468 2.92022e-19)
(-0.0211126 3.16957 0)
(-0.0146597 3.16537 -1.96921e-20)
(-0.00405741 3.15763 2.01393e-20)
(0.00527362 3.15322 0)
(0.0148178 3.15411 -1.09177e-20)
(0.0207413 3.15275 -3.38961e-19)
(0.0401768 3.10929 3.61282e-19)
(0.0104123 2.53304 0)
(-0.0437892 2.40386 1.60187e-20)
(-0.035845 3.08621 -4.48e-19)
(-0.0300997 3.14974 0)
(-0.0225387 3.14684 0)
(-0.0136925 3.13909 2.15958e-20)
(-0.00214344 3.13355 -1.82207e-19)
(0.0116644 3.129 -2.27867e-20)
(0.0191845 3.12933 1.94185e-19)
(0.0385582 3.09615 0)
(0.0192457 2.58107 0)
(-0.0400017 2.49011 -4.7367e-19)
(-0.0385898 3.08215 1.60551e-19)
(-0.0206646 3.1242 0)
(-0.0129372 3.11618 0)
(-0.00343754 3.10951 0)
(0.00557173 3.10662 3.75218e-19)
(0.0143559 3.10878 0)
(0.0201866 3.11062 -2.0717e-19)
(0.0378794 3.09051 1.28003e-20)
(0.014941 2.65382 2.16783e-19)
(-0.0377626 2.58977 1.68929e-19)
(-0.0398158 3.07573 -1.6419e-20)
(-0.0296626 3.10127 1.96709e-19)
(-0.0210505 3.09502 1.91191e-19)
(-0.0124067 3.08842 0)
(-0.000773627 3.08417 -1.92784e-19)
(0.0125593 3.08131 0)
(0.0210154 3.0845 0)
(0.038492 3.07217 0)
(0.0223072 2.70643 -2.17789e-19)
(-0.0350969 2.67796 -1.78681e-19)
(-0.0429929 3.06226 1.84501e-19)
(-0.0235368 3.0721 -1.85423e-19)
(-0.0130523 3.06214 -2.92292e-19)
(-0.00281576 3.05696 0)
(0.0071453 3.05552 2.61431e-20)
(0.0167118 3.05878 -1.33454e-20)
(0.0248002 3.0631 9.94776e-20)
(0.0417206 3.06164 1.23516e-19)
(0.0208267 2.78043 -1.2711e-19)
(-0.0344031 2.77326 1.83337e-19)
(-0.0460661 3.04533 -1.76747e-19)
(-0.032901 3.04591 1.25943e-20)
(-0.0208603 3.04035 7.44298e-20)
(-0.0111306 3.03625 -1.06811e-19)
(0.000303055 3.03375 0)
(0.0139073 3.03196 1.14792e-19)
(0.0256338 3.0356 4.9507e-21)
(0.0446091 3.0366 -2.39076e-19)
(0.0286908 2.83263 -6.55214e-21)
(-0.029512 2.85487 -5.23245e-20)
(-0.0442505 3.02146 1.27979e-20)
(-0.0231682 3.01774 -6.64187e-20)
(-0.0111957 3.0144 2.71966e-20)
(-0.00221831 3.01409 1.30194e-19)
(0.00628063 3.01344 -5.53276e-20)
(0.0143717 3.01432 -5.50855e-20)
(0.023359 3.017 -5.72393e-20)
(0.0418294 3.02183 1.22786e-19)
(0.024815 2.90031 6.00476e-20)
(-0.0176776 2.94078 4.20631e-20)
(-0.0259805 3.00092 1.85955e-20)
(-0.0161316 3.00088 3.66023e-20)
(-0.00934576 3.00159 -7.50416e-20)
(-0.00414108 3.00263 2.53564e-20)
(0.000679764 3.00215 5.15392e-20)
(0.00552031 3.00063 -5.37807e-20)
(0.0107242 2.99899 -5.61996e-20)
(0.0218028 2.99715 7.60654e-21)
(0.0165282 2.94914 5.39569e-20)
)
;

boundaryField
{
    wall-4
    {
        type            noSlip;
    }
    pressure-outlet-7
    {
        type            zeroGradient;
    }
    velocity-inlet-6
    {
        type            fixedValue;
        value           uniform (0 3 0);
    }
    velocity-inlet-5
    {
        type            fixedValue;
        value           uniform (1 0 0);
    }
    frontAndBackPlanes
    {
        type            empty;
    }
}


// ************************************************************************* //
