/*--------------------------------*- C++ -*----------------------------------*\
  =========                 |
  \\      /  F ield         | OpenFOAM: The Open Source CFD Toolbox
   \\    /   O peration     | Website:  https://openfoam.org
    \\  /    A nd           | Version:  9
     \\/     M anipulation  |
\*---------------------------------------------------------------------------*/
FoamFile
{
    format      ascii;
    class       volVectorField;
    location    "13";
    object      U;
}
// * * * * * * * * * * * * * * * * * * * * * * * * * * * * * * * * * * * * * //

dimensions      [0 1 -1 0 0 0 0];

internalField   nonuniform List<vector> 
2200
(
(0.878662 -0.0301571 0)
(1.00572 -0.051233 0)
(1.00308 -0.0350389 0)
(1.00031 -0.0242997 0)
(0.999976 -0.0166354 0)
(0.999586 -0.0105447 0)
(0.999514 -0.00672526 0)
(0.999862 -0.00418346 0)
(1.00004 -0.00233994 0)
(1.00016 -0.000744499 0)
(1.00009 0.000931738 0)
(1.00003 0.0025495 0)
(0.999831 0.0043266 0)
(0.999446 0.00681004 0)
(0.999549 0.0105958 0)
(0.999966 0.0166705 0)
(1.00032 0.0243407 0)
(1.0031 0.035081 0)
(1.00573 0.051245 0)
(0.878663 0.0301733 0)
(0.71367 -0.0329731 0)
(0.997102 -0.0624912 0)
(1.03341 -0.0558342 0)
(1.0247 -0.0461123 0)
(1.01632 -0.0358949 0)
(1.01035 -0.0262628 0)
(1.0062 -0.0182324 0)
(1.00361 -0.0115028 0)
(1.00234 -0.00605235 0)
(1.00198 -0.00163036 0)
(1.00192 0.00213679 0)
(1.00229 0.00649071 0)
(1.00352 0.0119014 0)
(1.00617 0.0186273 0)
(1.01032 0.0266576 0)
(1.01629 0.0362342 0)
(1.02465 0.0463608 0)
(1.03329 0.0559864 0)
(0.996986 0.0626304 0)
(0.713529 0.033002 0)
(0.535338 -0.0236548 0)
(0.971137 -0.056408 0)
(1.05615 -0.0535031 0)
(1.05126 -0.047054 0)
(1.03487 -0.0383632 0)
(1.02394 -0.0307 0)
(1.01611 -0.022493 0)
(1.01088 -0.0147115 0)
(1.00772 -0.00802278 0)
(1.00616 -0.00222584 0)
(1.00614 0.00310803 0)
(1.00761 0.00894956 0)
(1.01075 0.0155617 0)
(1.01597 0.023258 0)
(1.02373 0.0312755 0)
(1.03463 0.0388175 0)
(1.051 0.0474106 0)
(1.05592 0.053827 0)
(0.970726 0.0565826 0)
(0.534743 0.0237107 0)
(0.397575 -0.0121964 0)
(0.915461 -0.0444768 0)
(1.06016 -0.0443505 0)
(1.07072 -0.0413161 0)
(1.0545 -0.0344569 0)
(1.03864 -0.0284083 0)
(1.02653 -0.0223028 0)
(1.01792 -0.0161508 0)
(1.01254 -0.00952482 0)
(1.01009 -0.00281538 0)
(1.00993 0.00425181 0)
(1.01229 0.0107828 0)
(1.01758 0.017226 0)
(1.02605 0.0231395 0)
(1.03811 0.0291434 0)
(1.05397 0.0350758 0)
(1.07016 0.0418358 0)
(1.0594 0.0447166 0)
(0.914505 0.0447042 0)
(0.396482 0.0122483 0)
(0.321331 -0.00351456 0)
(0.854992 -0.0290485 0)
(1.05367 -0.0363208 0)
(1.08204 -0.0344763 0)
(1.06978 -0.0297827 0)
(1.05235 -0.0243372 0)
(1.03852 -0.0193177 0)
(1.02796 -0.0143101 0)
(1.02049 -0.00882266 0)
(1.01678 -0.00260765 0)
(1.01667 0.00456921 0)
(1.02019 0.0104709 0)
(1.02744 0.0157145 0)
(1.03795 0.0206659 0)
(1.05173 0.0254459 0)
(1.06913 0.0307295 0)
(1.08129 0.035256 0)
(1.0526 0.0368961 0)
(0.853304 0.0293408 0)
(0.319696 0.00357727 0)
(0.284715 0.000698536 0)
(0.804164 -0.0155879 0)
(1.03826 -0.024935 0)
(1.0851 -0.025913 0)
(1.0779 -0.0235443 0)
(1.06084 -0.0192803 0)
(1.04737 -0.0155696 0)
(1.03684 -0.0116803 0)
(1.02895 -0.00698583 0)
(1.02478 -0.0017111 0)
(1.02452 0.0042469 0)
(1.0283 0.00937533 0)
(1.03598 0.0138507 0)
(1.0463 0.0173302 0)
(1.05967 0.0208034 0)
(1.07666 0.0247394 0)
(1.08365 0.0268275 0)
(1.03632 0.0255961 0)
(0.801394 0.015898 0)
(0.282467 -0.000605257 0)
(0.271062 0.00173192 0)
(0.768949 -0.00600379 0)
(1.02138 -0.013832 0)
(1.08151 -0.0162549 0)
(1.0783 -0.0162957 0)
(1.06268 -0.0148039 0)
(1.04932 -0.0130539 0)
(1.03916 -0.00994595 0)
(1.03206 -0.0058093 0)
(1.02835 -0.000924578 0)
(1.02803 0.00403564 0)
(1.03121 0.00878737 0)
(1.03785 0.0125325 0)
(1.04762 0.01513 0)
(1.0609 0.0163856 0)
(1.07635 0.017545 0)
(1.07924 0.017196 0)
(1.01849 0.0144782 0)
(0.765218 0.00631885 0)
(0.268038 -0.001639 0)
(0.269943 0.0014333 0)
(0.749876 -0.000600142 0)
(1.00702 -0.0053758 0)
(1.07409 -0.00827658 0)
(1.074 -0.00990353 0)
(1.06054 -0.0108205 0)
(1.04868 -0.0103717 0)
(1.03983 -0.00815357 0)
(1.03347 -0.00482819 0)
(1.02993 -0.000277862 0)
(1.02955 0.00423551 0)
(1.03247 0.00846209 0)
(1.03838 0.0112644 0)
(1.04674 0.012828 0)
(1.05832 0.0129322 0)
(1.07153 0.0115607 0)
(1.07121 0.00957826 0)
(1.00328 0.00624391 0)
(0.745125 0.00102067 0)
(0.266136 -0.00130985 0)
(0.272663 0.000816506 0)
(0.743461 0.000774185 0)
(0.998001 -0.00160453 0)
(1.06773 -0.00447265 0)
(1.07056 -0.00647888 0)
(1.06029 -0.00808567 0)
(1.05025 -0.00812737 0)
(1.04229 -0.00661039 0)
(1.03642 -0.00384415 0)
(1.03289 0.000321622 0)
(1.0323 0.00463001 0)
(1.03486 0.00849285 0)
(1.03997 0.0108633 0)
(1.04755 0.0120061 0)
(1.05712 0.0111434 0)
(1.06705 0.00891233 0)
(1.06377 0.00631807 0)
(0.992973 0.00281104 0)
(0.73701 -0.000223309 0)
(0.267814 -0.000641037 0)
(0.275187 0.000175781 0)
(0.741969 0.000439402 0)
(0.993333 -0.000893283 0)
(1.06327 -0.00352361 0)
(1.06835 -0.0053898 0)
(1.06102 -0.00660408 0)
(1.05346 -0.00645392 0)
(1.04704 -0.00494 0)
(1.04201 -0.00237119 0)
(1.03864 0.00140321 0)
(1.03767 0.00522181 0)
(1.03951 0.00857801 0)
(1.04349 0.0104263 0)
(1.04904 0.0109389 0)
(1.05629 0.0103092 0)
(1.06335 0.00831586 0)
(1.05763 0.005702 0)
(0.98616 0.00233889 0)
(0.733762 0.000237635 0)
(0.268828 -3.61511e-05 0)
(0.276053 1.97387e-05 0)
(0.741673 0.000424137 0)
(0.989262 -0.000387392 0)
(1.05857 -0.00257277 0)
(1.06514 -0.00424842 0)
(1.06017 -0.00535046 0)
(1.05436 -0.00496709 0)
(1.0493 -0.00345195 0)
(1.04513 -0.000911944 0)
(1.04208 0.00255332 0)
(1.04102 0.00599584 0)
(1.04197 0.00871892 0)
(1.04456 0.00999669 0)
(1.04875 0.0103597 0)
(1.05421 0.00972389 0)
(1.05853 0.00766368 0)
(1.05105 0.00511911 0)
(0.980021 0.00211935 0)
(0.730713 0.000532392 0)
(0.268189 9.7508e-05 0)
(0.277156 0.000239314 0)
(0.741954 0.000639632 0)
(0.98577 0.000628072 0)
(1.05411 -0.00086598 0)
(1.06188 -0.00213449 0)
(1.05861 -0.00306034 0)
(1.05414 -0.00279599 0)
(1.04992 -0.00153222 0)
(1.04621 0.000734245 0)
(1.04326 0.00372598 0)
(1.04203 0.00680631 0)
(1.04253 0.00893373 0)
(1.04444 0.00985039 0)
(1.04739 0.00977678 0)
(1.0507 0.00860373 0)
(1.05313 0.00650099 0)
(1.0444 0.00408943 0)
(0.974284 0.00158897 0)
(0.727766 0.000408088 0)
(0.266946 8.10906e-05 0)
(0.278965 0.000300133 0)
(0.743141 0.000873324 0)
(0.985089 0.00144257 0)
(1.05158 0.000732453 0)
(1.06 7.64309e-05 0)
(1.05807 -0.000424183 0)
(1.05485 -0.000101424 0)
(1.05142 0.000939531 0)
(1.04805 0.00283469 0)
(1.04504 0.00527245 0)
(1.04327 0.00776844 0)
(1.04316 0.00921454 0)
(1.04411 0.00955975 0)
(1.04582 0.00893068 0)
(1.04778 0.00753644 0)
(1.04874 0.0055688 0)
(1.03907 0.00345674 0)
(0.969757 0.00144558 0)
(0.725417 0.000457033 0)
(0.266034 0.00011847 0)
(0.281158 0.000249201 0)
(0.745761 0.00103889 0)
(0.985501 0.00169928 0)
(1.05115 0.00165905 0)
(1.05981 0.0015709 0)
(1.05876 0.00167938 0)
(1.05645 0.00234804 0)
(1.05367 0.00351134 0)
(1.05058 0.00525369 0)
(1.04745 0.00731345 0)
(1.04505 0.00914997 0)
(1.04397 0.00999048 0)
(1.04384 0.0097608 0)
(1.04466 0.00863884 0)
(1.04545 0.00712291 0)
(1.04531 0.00527769 0)
(1.03501 0.00345558 0)
(0.966156 0.0017823 0)
(0.723052 0.000754941 0)
(0.264717 0.000209788 0)
(0.283623 0.000292006 0)
(0.749066 0.00121933 0)
(0.986814 0.00211578 0)
(1.05174 0.00265103 0)
(1.06043 0.00314717 0)
(1.0598 0.00383006 0)
(1.05792 0.00484709 0)
(1.05545 0.00620851 0)
(1.05244 0.00790187 0)
(1.04905 0.00968555 0)
(1.046 0.010897 0)
(1.04392 0.0110988 0)
(1.04306 0.0102737 0)
(1.04271 0.00903516 0)
(1.04272 0.00735698 0)
(1.04193 0.00555868 0)
(1.03129 0.00383991 0)
(0.962557 0.00226392 0)
(0.719926 0.00105928 0)
(0.262677 0.000281604 0)
(0.28643 0.000382869 0)
(0.752736 0.00146341 0)
(0.989573 0.0027326 0)
(1.05367 0.00360673 0)
(1.06232 0.00463697 0)
(1.06172 0.00583229 0)
(1.05984 0.00736066 0)
(1.05728 0.00910791 0)
(1.054 0.0109685 0)
(1.05006 0.0126318 0)
(1.04622 0.013365 0)
(1.04324 0.0129276 0)
(1.04149 0.011611 0)
(1.04038 0.00992054 0)
(1.03975 0.00795695 0)
(1.03845 0.00603256 0)
(1.02751 0.0042555 0)
(0.95868 0.00265842 0)
(0.716174 0.00127762 0)
(0.260125 0.000326073 0)
(0.290449 0.00054037 0)
(0.758276 0.00201385 0)
(0.993367 0.00380794 0)
(1.05634 0.00537432 0)
(1.06479 0.00686317 0)
(1.06421 0.00855185 0)
(1.06223 0.010421 0)
(1.0594 0.0124645 0)
(1.05559 0.0144835 0)
(1.05079 0.0160688 0)
(1.04583 0.016435 0)
(1.04181 0.0154067 0)
(1.03915 0.0136234 0)
(1.03739 0.011453 0)
(1.03623 0.00924479 0)
(1.03458 0.00714105 0)
(1.02336 0.00518799 0)
(0.954127 0.00336268 0)
(0.711349 0.00161907 0)
(0.256885 0.000411425 0)
(0.295068 0.000675344 0)
(0.76428 0.00241481 0)
(0.998453 0.00458857 0)
(1.06069 0.00648882 0)
(1.06872 0.00864726 0)
(1.06782 0.0110671 0)
(1.06546 0.0137427 0)
(1.06208 0.0164592 0)
(1.05749 0.0189406 0)
(1.0516 0.020625 0)
(1.04536 0.0206687 0)
(1.04026 0.0190096 0)
(1.03671 0.0165593 0)
(1.03426 0.0137369 0)
(1.03257 0.0109603 0)
(1.03048 0.00837139 0)
(1.0188 0.0060369 0)
(0.948903 0.00393365 0)
(0.705761 0.00193861 0)
(0.25307 0.000493986 0)
(0.30202 0.000899104 0)
(0.773716 0.00340428 0)
(1.00537 0.00640936 0)
(1.06607 0.00914058 0)
(1.07377 0.0117337 0)
(1.07258 0.0147377 0)
(1.06969 0.0178931 0)
(1.06549 0.0211851 0)
(1.05974 0.0241259 0)
(1.05233 0.0259667 0)
(1.04436 0.0257264 0)
(1.03779 0.023438 0)
(1.03311 0.0202576 0)
(1.02983 0.0168188 0)
(1.02758 0.013563 0)
(1.02513 0.0105843 0)
(1.01309 0.00787681 0)
(0.942482 0.00526001 0)
(0.698551 0.00254606 0)
(0.248079 0.000631266 0)
(0.309665 0.00120002 0)
(0.783899 0.00399267 0)
(1.01386 0.00764637 0)
(1.07338 0.0110036 0)
(1.08033 0.0147922 0)
(1.07845 0.0189049 0)
(1.07471 0.023239 0)
(1.06937 0.0274393 0)
(1.06211 0.031016 0)
(1.05283 0.0330274 0)
(1.04289 0.0323735 0)
(1.03473 0.0292894 0)
(1.02891 0.0251728 0)
(1.02488 0.0207897 0)
(1.02213 0.016567 0)
(1.01923 0.0127051 0)
(1.00641 0.00919671 0)
(0.934258 0.00602344 0)
(0.689489 0.00297046 0)
(0.242132 0.000758971 0)
(0.321615 0.00157267 0)
(0.799022 0.00590085 0)
(1.02553 0.0107577 0)
(1.0827 0.015223 0)
(1.089 0.0194612 0)
(1.08625 0.0245778 0)
(1.08136 0.0297899 0)
(1.07442 0.035017 0)
(1.06516 0.0393597 0)
(1.05346 0.0415809 0)
(1.04105 0.0404509 0)
(1.03085 0.0364219 0)
(1.02351 0.031192 0)
(1.01835 0.0257721 0)
(1.01478 0.0207031 0)
(1.0113 0.0161231 0)
(0.99797 0.0120578 0)
(0.925025 0.00809578 0)
(0.679113 0.00392264 0)
(0.234659 0.000937373 0)
(0.335264 0.0022157 0)
(0.8174 0.00689971 0)
(1.03984 0.0132521 0)
(1.09478 0.0188686 0)
(1.09996 0.0253448 0)
(1.09594 0.0320508 0)
(1.0893 0.0388435 0)
(1.08015 0.0452764 0)
(1.0682 0.0502799 0)
(1.05347 0.0525146 0)
(1.03812 0.0506027 0)
(1.02561 0.0453253 0)
(1.01664 0.0387713 0)
(1.0104 0.0320323 0)
(1.00609 0.0256167 0)
(1.00199 0.0197722 0)
(0.987328 0.0143256 0)
(0.911517 0.00936113 0)
(0.664 0.00452246 0)
(0.225329 0.00114336 0)
(0.356231 0.00317325 0)
(0.841707 0.0110011 0)
(1.05905 0.0190515 0)
(1.11015 0.0263984 0)
(1.11394 0.0339137 0)
(1.10793 0.0421622 0)
(1.09895 0.0505881 0)
(1.08697 0.0581599 0)
(1.07175 0.063799 0)
(1.05349 0.0657885 0)
(1.0348 0.0628224 0)
(1.01965 0.0560385 0)
(1.00875 0.0478441 0)
(1.00106 0.0395205 0)
(0.995661 0.031683 0)
(0.990628 0.0246302 0)
(0.975097 0.0184755 0)
(0.898116 0.0124075 0)
(0.649327 0.00603474 0)
(0.214513 0.00139748 0)
(0.384621 0.00440846 0)
(0.877039 0.0129766 0)
(1.08426 0.0248677 0)
(1.13055 0.0343839 0)
(1.13186 0.0456495 0)
(1.12277 0.0563358 0)
(1.1104 0.0664851 0)
(1.09445 0.0753143 0)
(1.07506 0.0812372 0)
(1.05247 0.0825534 0)
(1.02981 0.0780502 0)
(1.01156 0.0693705 0)
(0.99838 0.059363 0)
(0.988961 0.0493143 0)
(0.982243 0.0398529 0)
(0.976083 0.0310043 0)
(0.958306 0.0225175 0)
(0.876531 0.0147061 0)
(0.624371 0.00685254 0)
(0.199689 0.00159236 0)
(0.420151 0.00870328 0)
(0.917517 0.0233879 0)
(1.11706 0.0370704 0)
(1.15652 0.0501287 0)
(1.15333 0.0634676 0)
(1.1401 0.0761482 0)
(1.12299 0.0878797 0)
(1.10225 0.097123 0)
(1.07793 0.102447 0)
(1.05049 0.10234 0)
(1.02363 0.0956883 0)
(1.0022 0.0846574 0)
(0.986709 0.0724338 0)
(0.975545 0.060333 0)
(0.967341 0.048851 0)
(0.959643 0.0385613 0)
(0.940038 0.0292245 0)
(0.856461 0.0197012 0)
(0.603929 0.00957164 0)
(0.186231 0.00181712 0)
(0.506022 0.0123252 0)
(0.988682 0.0323293 0)
(1.16015 0.0561363 0)
(1.18827 0.0721707 0)
(1.17912 0.0900046 1.11157e-34)
(1.15936 0.104426 -6.47237e-35)
(1.13632 0.116497 0)
(1.10978 0.125 0)
(1.07978 0.128908 0)
(1.04708 0.126437 0)
(1.01568 0.116946 0)
(0.990749 0.103247 0)
(0.97251 0.0887877 0)
(0.959056 0.074836 0)
(0.948946 0.061854 0)
(0.939212 0.0493762 0)
(0.915589 0.0373219 0)
(0.822227 0.0253264 0)
(0.556538 0.0111596 0)
(0.158993 0.0017499 0)
(0.566518 0.0278045 -4.23157e-21)
(1.06911 0.0576163 2.55687e-21)
(1.20868 0.08786 0)
(1.22426 0.10877 2.684e-21)
(1.20528 0.129295 -2.17287e-21)
(1.17851 0.142523 6.82855e-35)
(1.1489 0.153395 0)
(1.11571 0.160428 5.48124e-21)
(1.07951 0.162102 -1.93106e-20)
(1.04081 0.156753 4.21293e-21)
(1.00411 0.144186 0)
(0.974907 0.127677 -1.33084e-20)
(0.953162 0.110852 -1.65923e-20)
(0.93664 0.0946326 2.91695e-20)
(0.923596 0.0793933 -2.34149e-20)
(0.910478 0.0656647 0)
(0.880841 0.0514184 -8.9803e-21)
(0.776095 0.035342 0)
(0.514663 0.0210505 -4.8732e-20)
(0.141938 0.00378996 5.79648e-20)
(0.585968 0.0541674 -8.80738e-22)
(1.1123 0.104448 -3.69883e-20)
(1.24968 0.140478 1.13299e-20)
(1.25699 0.159425 1.18977e-20)
(1.2292 0.176914 -3.78078e-21)
(1.19561 0.188072 6.75462e-21)
(1.159 0.197548 0)
(1.11914 0.202701 0)
(1.07666 0.201944 3.01687e-20)
(1.0316 0.194088 0)
(0.988997 0.17898 4.58305e-20)
(0.954619 0.160476 1.42774e-20)
(0.928306 0.142413 4.14072e-22)
(0.907517 0.125693 -3.25983e-20)
(0.890331 0.110333 0)
(0.87319 0.0960671 0)
(0.841921 0.0834552 -1.52026e-19)
(0.746536 0.066852 3.83926e-19)
(0.502688 0.040493 -2.2779e-19)
(0.144532 0.0139231 -2.72646e-19)
(0.586163 0.0874435 7.3019e-20)
(1.13852 0.16552 -2.0772e-20)
(1.28027 0.207085 -4.93628e-21)
(1.2836 0.220618 -2.36552e-20)
(1.24897 0.232837 1.35466e-20)
(1.2089 0.240355 -1.2442e-20)
(1.16574 0.246765 7.97336e-21)
(1.11998 0.24862 0)
(1.07153 0.244788 -6.23539e-20)
(1.02039 0.234039 6.72285e-20)
(0.972057 0.216404 -1.25013e-19)
(0.932735 0.196474 6.06982e-20)
(0.902298 0.178016 -4.42982e-20)
(0.877911 0.161581 9.72983e-20)
(0.857662 0.147506 0)
(0.838481 0.134474 -3.7987e-20)
(0.80763 0.121418 0)
(0.720979 0.104374 2.19377e-19)
(0.499746 0.0688975 -5.2031e-19)
(0.157924 0.0239466 3.26971e-19)
(0.570652 0.118044 -3.46932e-19)
(1.15002 0.227483 1.38088e-19)
(1.29893 0.278029 2.15386e-20)
(1.30134 0.285898 0)
(1.262 0.293698 1.17522e-20)
(1.21695 0.297171 -1.19423e-20)
(1.16872 0.299355 -8.21388e-21)
(1.11791 0.297134 0)
(1.06398 0.289887 4.39613e-20)
(1.00751 0.275955 -4.62571e-20)
(0.954358 0.255746 1.09028e-19)
(0.9112 0.23423 0)
(0.877797 0.215076 -9.30249e-20)
(0.851247 0.1985 5.15328e-20)
(0.829725 0.184544 1.38729e-19)
(0.81051 0.172841 -1.21915e-19)
(0.78206 0.158755 2.02392e-19)
(0.704502 0.140433 -4.5091e-19)
(0.498989 0.09684 2.86755e-19)
(0.165522 0.0341587 -3.61111e-19)
(0.549807 0.143126 2.15191e-19)
(1.14786 0.283957 -1.58564e-19)
(1.30757 0.346409 6.7066e-20)
(1.31053 0.351352 -9.02943e-20)
(1.26794 0.356164 5.90748e-20)
(1.21953 0.355597 -8.81624e-21)
(1.16772 0.353362 3.78772e-21)
(1.11271 0.347011 -3.13302e-20)
(1.05423 0.336114 -4.36949e-20)
(0.993274 0.318542 -9.85217e-20)
(0.935983 0.295197 -2.34615e-19)
(0.889978 0.27173 -7.81302e-20)
(0.855351 0.2517 2.85072e-21)
(0.828549 0.234616 -1.82779e-19)
(0.806943 0.220092 -6.20881e-21)
(0.78803 0.209236 1.77924e-19)
(0.762247 0.194396 -5.51828e-20)
(0.69044 0.175569 -3.25839e-20)
(0.494932 0.12251 0)
(0.166866 0.0434612 7.66794e-19)
(0.529319 0.166438 0)
(1.13841 0.336849 4.92507e-20)
(1.30857 0.410973 3.34553e-20)
(1.31262 0.414801 -1.20067e-20)
(1.26776 0.417904 -7.31497e-20)
(1.2174 0.413604 1.229e-20)
(1.16313 0.407253 5.35043e-21)
(1.10488 0.39706 5.52505e-20)
(1.04308 0.38241 -2.57886e-20)
(0.978912 0.361103 4.42295e-20)
(0.919257 0.334705 1.26211e-19)
(0.872049 0.308786 1.72587e-19)
(0.83608 0.286719 -1.07133e-19)
(0.808104 0.268613 1.97723e-19)
(0.786341 0.253441 -1.58584e-19)
(0.767481 0.24248 0)
(0.743342 0.227421 -4.2216e-19)
(0.674928 0.206142 5.67688e-19)
(0.486902 0.145327 4.31357e-20)
(0.164511 0.0510206 -8.05132e-19)
(0.511535 0.187991 -6.22332e-21)
(1.12665 0.38755 -3.37869e-19)
(1.30399 0.472751 -2.51722e-19)
(1.30931 0.475494 2.07786e-19)
(1.2628 0.477327 -4.20048e-20)
(1.21149 0.469691 2.09557e-20)
(1.15555 0.459872 -1.67223e-21)
(1.09488 0.446267 -6.50964e-21)
(1.03052 0.427977 -9.16233e-20)
(0.963196 0.402967 1.19902e-21)
(0.900026 0.372846 -1.36633e-19)
(0.849864 0.344099 -1.83372e-19)
(0.813671 0.320592 1.2048e-19)
(0.786765 0.301252 -7.08977e-20)
(0.765299 0.285231 1.7236e-19)
(0.746877 0.273085 0)
(0.724413 0.257914 -2.61307e-19)
(0.658593 0.233023 3.86597e-19)
(0.475055 0.16527 7.43786e-19)
(0.160241 0.0571235 -8.70064e-19)
(0.497084 0.207843 -6.46479e-19)
(1.11225 0.435369 3.2578e-19)
(1.29575 0.531864 2.45988e-19)
(1.302 0.533288 -2.25164e-19)
(1.25441 0.533667 1.10253e-20)
(1.20266 0.523028 5.94885e-20)
(1.14542 0.510448 -5.35202e-21)
(1.0829 0.493908 -2.01009e-20)
(1.01651 0.4722 -5.55462e-20)
(0.94674 0.44362 9.71151e-20)
(0.882266 0.410242 1.29684e-19)
(0.832526 0.378646 2.87692e-19)
(0.794535 0.352151 0)
(0.765258 0.331049 5.41265e-21)
(0.743736 0.313527 -4.78889e-19)
(0.725766 0.300502 1.10018e-19)
(0.703674 0.284415 5.61015e-19)
(0.640205 0.25641 -1.63899e-19)
(0.461335 0.182043 3.54343e-19)
(0.15479 0.0622299 -2.86985e-20)
(0.486648 0.226638 7.00179e-21)
(1.09864 0.480829 3.02564e-19)
(1.28539 0.588138 1.87552e-19)
(1.29242 0.588465 -4.05052e-19)
(1.24398 0.587016 2.52557e-19)
(1.19176 0.573458 -7.54697e-20)
(1.13331 0.558536 2.24582e-21)
(1.06933 0.539467 4.55876e-20)
(1.00127 0.514785 9.99393e-20)
(0.929105 0.483206 -1.23391e-19)
(0.861208 0.446197 0)
(0.807049 0.410955 -1.13295e-19)
(0.769684 0.382473 1.30072e-19)
(0.742991 0.35918 1.74443e-19)
(0.721977 0.341079 -1.00148e-19)
(0.704508 0.325428 -2.52455e-19)
(0.683463 0.308548 -7.67592e-20)
(0.62132 0.277552 -1.29929e-21)
(0.446362 0.196435 0)
(0.148304 0.0663233 0)
(0.478275 0.245184 -3.21183e-19)
(1.0851 0.523435 0)
(1.27364 0.640811 2.16226e-19)
(1.28126 0.64118 -1.00523e-19)
(1.23234 0.637836 -2.62843e-19)
(1.17964 0.621388 7.26295e-20)
(1.11994 0.604247 -3.72426e-21)
(1.05473 0.582897 -2.28081e-20)
(0.984989 0.555658 6.33936e-20)
(0.910408 0.521153 -4.98801e-20)
(0.840866 0.48071 7.27062e-20)
(0.788311 0.443189 3.53735e-19)
(0.749007 0.411382 1.32801e-20)
(0.719672 0.385865 -1.78291e-19)
(0.69884 0.363939 3.44014e-19)
(0.682436 0.348194 4.47413e-21)
(0.66226 0.330112 8.21234e-20)
(0.602276 0.295511 -4.0115e-19)
(0.43037 0.208358 4.08796e-19)
(0.141025 0.069213 -4.85515e-19)
(0.472503 0.265713 1.97954e-23)
(1.07244 0.563581 0)
(1.2609 0.689776 0)
(1.26901 0.690876 9.29017e-20)
(1.21987 0.686028 1.04099e-19)
(1.16681 0.667008 -5.96147e-20)
(1.10603 0.647814 3.19486e-20)
(1.03987 0.624308 0)
(0.968758 0.594748 -1.02519e-19)
(0.892682 0.557766 1.79906e-19)
(0.821296 0.514994 2.20375e-19)
(0.764422 0.472603 -1.33309e-19)
(0.724738 0.437745 -1.67058e-19)
(0.697012 0.409546 3.95032e-19)
(0.676598 0.3884 -1.21761e-19)
(0.659708 0.368683 -1.4781e-19)
(0.638717 0.347822 -9.0598e-20)
(0.579357 0.311192 -4.35523e-19)
(0.413202 0.217676 6.05463e-20)
(0.132587 0.0711273 5.27635e-19)
(0.468807 0.284898 -1.28894e-19)
(1.06045 0.601284 -2.01166e-19)
(1.24719 0.735271 2.39047e-20)
(1.25591 0.737317 3.42596e-22)
(1.20678 0.731363 3.29173e-20)
(1.15359 0.71025 -1.63603e-19)
(1.09201 0.68927 0)
(1.02513 0.66374 1.7127e-20)
(0.952544 0.63219 -1.35051e-20)
(0.874087 0.593233 2.83181e-19)
(0.798948 0.546374 -5.59632e-20)
(0.740947 0.50222 6.11747e-20)
(0.700173 0.464617 0)
(0.670834 0.432828 -2.15645e-19)
(0.650336 0.406028 2.68999e-19)
(0.636113 0.38594 0)
(0.618454 0.365361 -1.98969e-19)
(0.560506 0.324572 5.81701e-19)
(0.395087 0.224817 6.97818e-20)
(0.123632 0.0715447 -6.54787e-19)
(0.466189 0.302258 -2.86452e-19)
(1.04885 0.636548 3.65668e-19)
(1.23317 0.777522 0)
(1.24234 0.780413 2.3243e-19)
(1.19319 0.773595 0)
(1.14003 0.75088 1.51427e-19)
(1.07792 0.728507 0)
(1.01045 0.701258 0)
(0.936453 0.668145 -3.48254e-20)
(0.855994 0.627219 -2.75712e-19)
(0.779518 0.579155 -4.09165e-19)
(0.719675 0.531745 7.71915e-20)
(0.676976 0.489539 2.88767e-19)
(0.648947 0.455352 2.42981e-19)
(0.628638 0.427566 -8.63814e-19)
(0.611501 0.403862 -3.57396e-19)
(0.590409 0.378261 2.07697e-19)
(0.53304 0.333888 0)
(0.375659 0.229355 6.04271e-19)
(0.113637 0.0708569 -7.11412e-19)
(0.464002 0.318306 3.16876e-19)
(1.03755 0.669735 -4.02161e-19)
(1.21919 0.816815 0)
(1.22877 0.820597 -9.76367e-21)
(1.17954 0.813014 -9.54715e-20)
(1.12642 0.788911 0)
(1.06394 0.765431 -1.11125e-20)
(0.996014 0.736742 2.14639e-20)
(0.920883 0.702315 -4.50703e-20)
(0.838961 0.660063 2.7472e-20)
(0.759478 0.609769 0)
(0.69499 0.558373 3.0811e-19)
(0.648457 0.513793 3.772e-21)
(0.614699 0.47361 1.32087e-19)
(0.596034 0.441438 1.59217e-19)
(0.58494 0.416062 0)
(0.570023 0.38802 -3.52538e-19)
(0.513496 0.342459 6.91232e-19)
(0.355522 0.231581 -7.39062e-19)
(0.103481 0.0687541 1.54837e-18)
(0.461883 0.333549 0)
(1.02691 0.701285 0)
(1.20564 0.853479 -2.1858e-19)
(1.21524 0.858072 0)
(1.16583 0.84973 0)
(1.11283 0.824444 2.22958e-19)
(1.05013 0.800062 -1.47462e-20)
(0.981942 0.77018 1.65008e-20)
(0.905816 0.734882 -3.77878e-21)
(0.821918 0.691632 0)
(0.738627 0.639421 -6.54139e-20)
(0.672579 0.587167 -2.5537e-19)
(0.626989 0.538932 -3.20736e-19)
(0.598424 0.497435 -1.33249e-19)
(0.575169 0.461678 1.75693e-19)
(0.558427 0.427154 -4.17723e-19)
(0.537542 0.400596 7.64639e-19)
(0.483001 0.347055 9.55127e-21)
(0.333789 0.231279 -7.15361e-19)
(0.0925382 0.0653036 -1.06275e-19)
(0.459674 0.348165 0)
(1.01673 0.731022 -3.1214e-19)
(1.19247 0.887695 2.45285e-19)
(1.20208 0.893159 0)
(1.15257 0.884131 0)
(1.09966 0.857705 -4.94191e-19)
(1.0368 0.832515 0)
(0.968285 0.801686 0)
(0.891157 0.765726 -7.63119e-20)
(0.805484 0.72181 5.19986e-20)
(0.720725 0.668566 -5.21039e-19)
(0.649867 0.613168 0)
(0.596054 0.560994 -3.47632e-19)
(0.556143 0.512746 1.20635e-20)
(0.536565 0.46746 -5.6139e-19)
(0.526549 0.439944 2.26614e-19)
(0.516162 0.400628 4.83268e-21)
(0.461882 0.34647 -8.22291e-19)
(0.313334 0.227527 3.90618e-19)
(0.084159 0.0611786 1.13701e-19)
(0.457381 0.362084 0)
(1.00727 0.759284 -3.70308e-19)
(1.17968 0.919754 2.60098e-19)
(1.18904 0.925914 5.44028e-19)
(1.1395 0.91619 1.09398e-19)
(1.0868 0.888814 -7.61885e-20)
(1.02391 0.862938 4.63733e-20)
(0.955269 0.831348 -7.65695e-20)
(0.877502 0.794944 8.16314e-20)
(0.790478 0.750757 3.18254e-19)
(0.702003 0.697969 4.32096e-19)
(0.62659 0.643076 8.29702e-20)
(0.57183 0.590789 5.05123e-19)
(0.538253 0.53774 3.28441e-19)
(0.512859 0.495159 4.05448e-19)
(0.497031 0.444855 -2.54211e-19)
(0.478198 0.406763 -3.04045e-19)
(0.428805 0.345056 3.58669e-19)
(0.288929 0.221523 -2.13924e-19)
(0.0773837 0.0563516 3.72968e-19)
(0.454919 0.375289 4.96228e-19)
(0.997942 0.785451 5.87436e-19)
(1.16725 0.949591 1.4243e-19)
(1.17651 0.956511 1.58255e-20)
(1.1271 0.946178 -3.80846e-19)
(1.07459 0.917922 1.43092e-19)
(1.01175 0.891443 -5.33605e-20)
(0.942948 0.859192 -2.16794e-20)
(0.864578 0.822615 -7.26183e-20)
(0.776166 0.778404 -3.55243e-19)
(0.684725 0.725259 2.58449e-20)
(0.606374 0.668064 0)
(0.544134 0.610829 0)
(0.493542 0.557261 -1.66777e-19)
(0.465425 0.498562 -6.64875e-19)
(0.455417 0.450056 5.51142e-19)
(0.449683 0.39407 3.39489e-19)
(0.408626 0.327381 0)
(0.279183 0.199595 6.80767e-19)
(0.0711387 0.0416527 -4.07193e-19)
(0.452469 0.387535 -2.65359e-19)
(0.989158 0.810256 2.25894e-19)
(1.15515 0.977508 -3.194e-19)
(1.16418 0.984995 -3.4298e-19)
(1.11493 0.974018 -1.5102e-19)
(1.06274 0.945073 3.3698e-20)
(1.00007 0.918073 0)
(0.931304 0.885376 1.15453e-19)
(0.852431 0.848675 1.3392e-20)
(0.76268 0.804896 0)
(0.668815 0.752726 0)
(0.585582 0.697012 5.77682e-20)
(0.519939 0.640292 8.85937e-20)
(0.47489 0.581444 -1.7924e-19)
(0.439796 0.52382 4.80652e-19)
(0.415527 0.456175 -6.05132e-19)
(0.400969 0.394468 -7.33274e-19)
(0.375315 0.308972 6.54435e-19)
(0.287849 0.200428 -2.45812e-19)
(0.140896 0.106268 1.40917e-19)
(0.449615 0.398968 3.06978e-19)
(0.980343 0.832922 0)
(1.14346 1.00337 0)
(1.15245 1.0115 -1.15529e-19)
(1.10349 0.999969 9.34855e-20)
(1.05156 0.970372 -2.05348e-20)
(0.989133 0.942944 -2.03926e-19)
(0.920395 0.909907 -1.91507e-19)
(0.841165 0.873223 8.00301e-20)
(0.750169 0.830076 -2.84706e-20)
(0.653805 0.778558 6.83406e-20)
(0.565928 0.722755 -4.74545e-19)
(0.49346 0.666504 -5.21791e-19)
(0.428301 0.607514 -9.53544e-20)
(0.382824 0.536265 0)
(0.358324 0.472247 -1.38668e-20)
(0.350613 0.363644 3.98925e-19)
(0.326325 0.221273 -6.92154e-19)
(0.301558 0.0510889 5.117e-19)
(0.094195 -0.065081 4.11362e-19)
(0.446802 0.410084 -6.66205e-19)
(0.972043 0.854561 -2.84309e-19)
(1.13205 1.0277 5.25535e-21)
(1.14083 1.03633 1.47671e-19)
(1.09212 1.02426 0)
(1.04056 0.994242 4.34279e-19)
(0.978449 0.966528 2.53133e-19)
(0.909845 0.933331 -4.38175e-20)
(0.830426 0.897028 -2.78921e-20)
(0.73861 0.854593 -2.67099e-20)
(0.640356 0.804747 2.48091e-20)
(0.548886 0.752897 4.19447e-19)
(0.467675 0.698054 5.10287e-19)
(0.40867 0.633129 9.16617e-20)
(0.357411 0.577464 5.04263e-19)
(0.30189 0.485184 0)
(0.212939 0.375853 0)
(0.0822023 0.3515 5.09877e-19)
(-0.0457609 0.636115 -3.1631e-20)
(-0.00382971 1.45454 -6.56359e-19)
(0.44372 0.420404 3.60366e-19)
(0.963767 0.87441 8.49162e-19)
(1.12102 1.05043 -1.26952e-18)
(1.12974 1.05976 7.63201e-19)
(1.08134 1.04734 -8.87489e-20)
(1.03003 1.01704 5.69483e-19)
(0.968169 0.989224 0)
(0.899663 0.956183 2.03295e-19)
(0.820007 0.920511 0)
(0.727415 0.879104 2.54337e-19)
(0.626321 0.831266 -3.87673e-20)
(0.530469 0.780307 4.34678e-20)
(0.448816 0.728657 5.63894e-19)
(0.361449 0.678688 -2.06956e-19)
(0.274587 0.609031 -2.65259e-19)
(0.204611 0.553956 0)
(0.113537 0.636556 0)
(0.0555563 1.18345 0)
(0.088541 2.39071 -2.88111e-19)
(0.12052 2.87539 -1.78019e-19)
(0.440742 0.429904 0)
(0.955979 0.893328 0)
(1.11026 1.0719 4.54074e-19)
(1.11881 1.08179 -6.36032e-19)
(1.07066 1.06905 4.35705e-19)
(1.01968 1.03868 -5.21791e-19)
(0.958211 1.01095 -2.93914e-20)
(0.890011 0.978265 2.28851e-20)
(0.810431 0.943287 7.15996e-21)
(0.71674 0.903871 -2.89309e-19)
(0.613449 0.859652 5.90579e-20)
(0.514122 0.815892 3.91715e-19)
(0.415533 0.769958 -5.55854e-19)
(0.342591 0.708983 -6.46962e-19)
(0.280218 0.672756 2.25935e-19)
(0.215992 0.781189 0)
(0.162064 1.43765 3.23025e-19)
(0.166077 2.64385 3.70691e-19)
(0.166539 3.07131 -4.14737e-19)
(0.15802 3.21571 4.68039e-19)
(0.437591 0.438432 0)
(0.948125 0.910409 6.90997e-19)
(1.09994 1.09184 -1.17631e-19)
(1.10849 1.10252 8.01391e-19)
(1.06062 1.08963 -4.57332e-19)
(1.00993 1.05926 0)
(0.948775 1.03169 0)
(0.880782 0.99947 0)
(0.801184 0.965825 -6.64386e-20)
(0.707619 0.928425 3.22149e-21)
(0.60393 0.886877 0)
(0.500964 0.844146 -3.82285e-19)
(0.414212 0.804145 0)
(0.300123 0.771662 4.60663e-19)
(0.227359 0.843496 -2.98958e-19)
(0.180952 1.4054 -2.49618e-19)
(0.200937 2.63334 -6.10622e-19)
(0.219231 3.12147 -3.0327e-19)
(0.208066 3.2757 -3.46598e-19)
(0.192198 3.31852 3.08174e-19)
(0.434546 0.446419 -2.33979e-19)
(0.940782 0.926798 1.41746e-20)
(1.08993 1.1107 -1.26789e-19)
(1.09835 1.12203 -6.41206e-19)
(1.05072 1.109 0)
(1.00036 1.07881 0)
(0.939627 1.05158 0)
(0.872028 1.02012 -1.42536e-20)
(0.792763 0.987675 7.46725e-20)
(0.698689 0.952379 0)
(0.592926 0.914829 0)
(0.490425 0.879745 0)
(0.383318 0.851061 0)
(0.318838 0.848268 3.03538e-19)
(0.302579 1.16475 7.85212e-19)
(0.299259 2.276 2.43035e-19)
(0.314677 3.07246 4.37107e-19)
(0.304505 3.29723 -2.72093e-19)
(0.250489 3.36981 1.00496e-19)
(0.214978 3.38355 0)
(0.43123 0.453772 2.37066e-19)
(0.933159 0.94193 -1.48981e-18)
(1.08009 1.12869 -4.19379e-19)
(1.08861 1.14089 -1.02304e-19)
(1.04124 1.12787 1.16833e-19)
(0.991222 1.09787 -8.23765e-19)
(0.93089 1.07096 5.57179e-20)
(0.863779 1.04021 3.7955e-19)
(0.784883 1.00911 0)
(0.691087 0.976472 -1.61669e-20)
(0.586049 0.943139 1.47074e-20)
(0.476815 0.910928 0)
(0.389228 0.887941 0)
(0.336459 1.00276 -3.75892e-19)
(0.316393 1.7736 -2.13581e-21)
(0.32112 2.89334 -1.24968e-19)
(0.33831 3.29508 1.94718e-19)
(0.309287 3.40921 5.30335e-20)
(0.239374 3.44003 1.31798e-19)
(0.211497 3.44873 -6.73136e-20)
(0.427605 0.461166 4.5661e-19)
(0.925349 0.957915 1.42489e-18)
(1.06968 1.14725 5.15569e-19)
(1.0782 1.16007 0)
(1.03114 1.14693 0)
(0.981585 1.1171 6.31224e-19)
(0.921843 1.09053 -3.89343e-19)
(0.855275 1.06052 -3.49127e-19)
(0.777045 1.03103 -1.37782e-20)
(0.683881 1.00103 4.83059e-20)
(0.577625 0.972249 -2.75646e-19)
(0.472894 0.947553 0)
(0.392393 0.963922 0)
(0.379099 1.30843 -2.10097e-19)
(0.395497 2.35336 -2.6883e-19)
(0.435323 3.19001 0)
(0.464304 3.39996 1.08598e-19)
(0.394038 3.47213 2.34684e-19)
(0.311597 3.51631 -5.22e-19)
(0.282719 3.54276 3.02034e-19)
(0.423195 0.468435 -8.65995e-19)
(0.916281 0.9738 -6.77903e-19)
(1.05836 1.16639 0)
(1.06722 1.18 0)
(1.02059 1.16675 0)
(0.97158 1.13693 0)
(0.912492 1.11053 4.15791e-19)
(0.846866 1.08126 -4.5409e-19)
(0.769644 1.05306 0)
(0.677189 1.02543 -3.84294e-20)
(0.573621 1.00115 4.55344e-19)
(0.467298 0.984043 2.37936e-20)
(0.410168 1.05828 4.05598e-20)
(0.425357 1.6458 3.08936e-19)
(0.465253 2.82236 -7.5531e-20)
(0.509005 3.33282 0)
(0.492373 3.47714 -8.84131e-20)
(0.394785 3.56867 1.12927e-19)
(0.2937 3.65141 3.85834e-19)
(0.213707 3.63765 -3.34479e-19)
(0.418257 0.476047 4.10391e-19)
(0.90659 0.991214 -6.66049e-19)
(1.04596 1.18667 0)
(1.05507 1.20062 -1.64133e-19)
(1.00892 1.18704 6.22581e-19)
(0.960663 1.15716 0)
(0.902595 1.13086 0)
(0.838012 1.10207 8.50337e-19)
(0.762012 1.07524 1.33858e-20)
(0.671174 1.05028 -6.77568e-20)
(0.567392 1.03054 -1.92845e-19)
(0.474783 1.02665 1.51716e-19)
(0.445606 1.20056 0)
(0.502211 2.03801 -1.44397e-19)
(0.555523 3.09932 1.21445e-19)
(0.609294 3.44373 -5.43853e-20)
(0.602413 3.56415 0)
(0.517465 3.68802 -2.26684e-19)
(0.434412 3.73918 -8.37931e-19)
(0.344927 3.71172 -2.08675e-19)
(0.412206 0.483381 -7.95108e-19)
(0.895202 1.00831 9.48047e-19)
(1.03233 1.20748 7.00561e-19)
(1.04222 1.22206 -1.81501e-19)
(0.996648 1.20811 -9.49514e-19)
(0.949251 1.17792 0)
(0.892199 1.15155 3.62276e-19)
(0.828951 1.12327 -3.4838e-19)
(0.754569 1.09781 -3.53585e-20)
(0.66572 1.07528 5.737e-20)
(0.564527 1.05991 -1.14123e-21)
(0.483127 1.07787 -1.68729e-19)
(0.486454 1.38682 1.54345e-19)
(0.566536 2.38929 -1.9586e-20)
(0.64631 3.27809 1.44932e-19)
(0.712129 3.52164 -4.06876e-19)
(0.672846 3.60765 0)
(0.593972 3.63389 0)
(0.47555 3.61324 -9.64099e-19)
(0.207235 3.42141 1.92109e-18)
(0.405436 0.490954 3.77067e-19)
(0.882897 1.02709 9.12561e-19)
(1.01749 1.22945 -6.90811e-19)
(1.02807 1.24408 6.76765e-19)
(0.983065 1.22943 9.38563e-19)
(0.936923 1.19893 0)
(0.881421 1.17237 -3.93815e-19)
(0.819863 1.14443 -4.87911e-19)
(0.747543 1.12002 0)
(0.660668 1.09981 0)
(0.563288 1.08983 0)
(0.497224 1.13717 0)
(0.548745 1.57667 -1.59895e-19)
(0.664663 2.68441 7.01757e-20)
(0.750914 3.40991 0)
(0.796809 3.55813 2.49104e-19)
(0.784329 3.57585 0)
(0.842952 3.44789 4.1029e-19)
(0.936325 3.10573 -2.89576e-18)
(0.489695 2.77771 2.79778e-18)
(0.397201 0.497992 -7.35119e-19)
(0.868382 1.04524 -5.78962e-19)
(1.00101 1.25195 -4.43493e-19)
(1.01298 1.26707 -6.3299e-19)
(0.968701 1.2517 -4.45602e-19)
(0.923951 1.22045 0)
(0.870079 1.19357 -8.80541e-20)
(0.810483 1.16565 3.51336e-20)
(0.740408 1.14241 2.60332e-19)
(0.657589 1.12488 0)
(0.563664 1.12191 2.53919e-21)
(0.517619 1.21394 -2.88141e-21)
(0.61088 1.78303 0)
(0.741256 2.93265 -6.2422e-20)
(0.84272 3.46355 0)
(0.890038 3.54132 -4.26505e-19)
(0.902614 3.48832 1.10054e-18)
(0.888082 3.14235 -4.04187e-19)
(0.635669 2.20183 6.20112e-19)
(-0.370502 0.624159 -1.55041e-18)
(0.387918 0.505204 -1.19044e-20)
(0.852251 1.06499 -2.84497e-19)
(0.983055 1.27566 6.16658e-19)
(0.996116 1.29074 -1.77239e-20)
(0.95236 1.27437 -1.18161e-19)
(0.909653 1.24264 0)
(0.85777 1.21538 4.01653e-19)
(0.800482 1.18792 4.07646e-19)
(0.733575 1.16556 -5.03463e-19)
(0.653235 1.1508 2.75737e-19)
(0.5699 1.1529 1.06573e-19)
(0.548122 1.28654 0)
(0.682357 1.99573 -9.03267e-20)
(0.844843 3.12566 1.21966e-19)
(0.937162 3.47546 2.63744e-19)
(0.950528 3.49714 0)
(0.879023 3.3305 -5.46965e-19)
(0.693296 2.62124 6.79244e-19)
(0.206682 0.938763 -8.05257e-19)
(-0.287582 -0.472595 -7.2746e-19)
(0.376523 0.511408 6.6407e-19)
(0.83316 1.08346 -2.72828e-19)
(0.963003 1.30003 4.09958e-19)
(0.977758 1.31564 3.23879e-19)
(0.934943 1.29836 2.28187e-19)
(0.894463 1.26557 5.97036e-19)
(0.845019 1.23792 -7.71833e-19)
(0.790496 1.21036 -4.96585e-19)
(0.726927 1.18921 5.44018e-19)
(0.650269 1.1774 6.98041e-20)
(0.574288 1.19053 5.11656e-20)
(0.586653 1.39315 8.43372e-20)
(0.753741 2.23937 -1.48315e-19)
(0.917959 3.22767 2.41071e-19)
(0.997637 3.44168 -3.88361e-19)
(0.988611 3.41585 4.04306e-19)
(0.858676 3.06096 -1.00462e-18)
(0.572229 1.96199 6.21973e-19)
(0.0937527 0.16763 0)
(-0.108572 -0.220318 -1.15576e-18)
(0.363686 0.517233 0)
(0.812005 1.10283 -1.02168e-18)
(0.941281 1.32511 2.29307e-20)
(0.956974 1.34064 -5.67045e-19)
(0.914946 1.32221 0)
(0.877712 1.28875 -4.26686e-19)
(0.830807 1.26054 6.55175e-19)
(0.779799 1.23319 4.64537e-19)
(0.720408 1.21342 -5.67781e-19)
(0.649575 1.20539 -2.77147e-19)
(0.579511 1.23026 -1.52469e-19)
(0.622749 1.49047 3.91273e-20)
(0.84229 2.45569 1.46666e-19)
(1.00332 3.29647 1.87745e-19)
(1.06005 3.41535 -4.20354e-19)
(0.998147 3.28547 6.59822e-19)
(0.7669 2.66971 4.7895e-19)
(0.297745 1.0413 -5.65427e-19)
(-0.119374 -0.242329 0)
(-0.187985 -0.259707 0)
(0.348603 0.521683 -6.10456e-19)
(0.78774 1.12053 9.90384e-19)
(0.916719 1.35021 0)
(0.933942 1.36673 0)
(0.893769 1.34719 0)
(0.859958 1.31238 0)
(0.815846 1.28333 -2.79317e-19)
(0.768488 1.25647 -1.3915e-20)
(0.714326 1.23779 -7.1837e-20)
(0.648712 1.23416 -3.6582e-20)
(0.594389 1.27465 3.20517e-19)
(0.662052 1.61099 -1.23276e-19)
(0.913295 2.64592 0)
(1.06713 3.31397 5.02647e-20)
(1.1156 3.36276 7.0953e-19)
(1.00797 3.12559 -2.73559e-19)
(0.658091 2.20214 4.70059e-19)
(0.118512 0.253497 2.70715e-19)
(-0.172949 -0.285644 -1.2574e-18)
(-0.124587 -0.211657 -1.48286e-18)
(0.331858 0.525171 2.98128e-19)
(0.761394 1.1389 4.59214e-19)
(0.889525 1.37507 -1.0462e-20)
(0.907422 1.39191 2.70643e-19)
(0.869326 1.37115 0)
(0.839877 1.33536 6.77967e-19)
(0.799637 1.30576 -1.85791e-19)
(0.757465 1.27852 6.74071e-20)
(0.709603 1.26124 -2.70819e-20)
(0.650691 1.25999 -4.09784e-20)
(0.607726 1.32086 -2.04351e-19)
(0.715373 1.70749 1.5028e-19)
(0.992347 2.79583 1.94195e-19)
(1.13967 3.32306 1.56269e-19)
(1.15116 3.31619 -4.41595e-19)
(0.95793 2.88021 1.00461e-18)
(0.521276 1.64011 -5.91885e-19)
(-0.0600129 -0.103858 7.39092e-19)
(-0.228504 -0.271338 -2.19299e-18)
(-0.114623 -0.211911 1.54835e-18)
(0.312723 0.526293 -2.78868e-19)
(0.730726 1.15366 0)
(0.858422 1.39849 -3.40528e-19)
(0.878301 1.41749 -5.12795e-19)
(0.843655 1.39534 0)
(0.818861 1.35798 -5.16036e-19)
(0.781556 1.32642 0)
(0.746119 1.29936 -3.8497e-19)
(0.704101 1.28325 2.08408e-19)
(0.654258 1.28619 -4.04532e-19)
(0.609197 1.37826 2.90627e-19)
(0.759842 1.81517 -4.6093e-20)
(1.08326 2.88582 -5.35787e-19)
(1.20559 3.28828 3.26766e-19)
(1.20141 3.24626 -4.2744e-19)
(0.959948 2.69243 -3.10356e-19)
(0.38879 1.13393 7.45948e-19)
(-0.154244 -0.189572 -8.76979e-19)
(-0.253535 -0.314317 3.78111e-21)
(-0.136222 -0.232232 -1.61741e-19)
(0.291799 0.525568 5.37833e-19)
(0.697208 1.16958 -4.20068e-19)
(0.82291 1.42094 3.42539e-19)
(0.844089 1.44054 2.42799e-19)
(0.813969 1.41764 2.27997e-20)
(0.793595 1.37825 2.72588e-19)
(0.761831 1.34577 0)
(0.733336 1.32001 -2.67014e-20)
(0.695988 1.30547 0)
(0.652194 1.32051 3.78241e-19)
(0.601598 1.44338 -2.67515e-19)
(0.789279 1.90377 8.45539e-21)
(1.14844 2.9582 4.44085e-19)
(1.27139 3.29176 3.82049e-19)
(1.23016 3.19276 -1.79023e-19)
(0.833397 2.44047 2.7253e-19)
(0.105491 0.591268 -1.16394e-18)
(-0.317263 -0.203784 -6.41187e-19)
(-0.349595 -0.401629 -2.93154e-19)
(-0.198146 -0.322139 1.27854e-18)
(0.268157 0.521105 4.42067e-21)
(0.657548 1.17797 2.09088e-19)
(0.782844 1.43996 0)
(0.807867 1.46215 4.4887e-19)
(0.782859 1.43891 -6.80564e-19)
(0.766343 1.39615 2.62241e-19)
(0.741964 1.36345 -1.88143e-19)
(0.720794 1.33802 3.29856e-19)
(0.695134 1.32689 -3.206e-19)
(0.655638 1.35645 4.73473e-20)
(0.613316 1.49038 -2.88542e-19)
(0.832865 1.93136 -3.3222e-19)
(1.2306 2.94227 4.19236e-20)
(1.36096 3.22412 -5.70352e-19)
(1.28788 3.0972 -5.81486e-19)
(0.859108 2.32996 1.06432e-18)
(0.0908263 0.551461 -1.00891e-18)
(-0.470706 -0.323685 5.4124e-19)
(-0.529166 -0.67353 -3.91811e-20)
(-0.368652 -0.636452 -1.46122e-18)
(0.243229 0.514907 9.64676e-19)
(0.615368 1.18899 -2.00647e-19)
(0.736939 1.45753 -5.76152e-19)
(0.764684 1.47978 4.67378e-19)
(0.744717 1.45528 -3.05878e-19)
(0.734544 1.41024 4.88758e-19)
(0.719597 1.37474 3.26493e-19)
(0.709834 1.34815 0)
(0.705301 1.33843 3.70933e-19)
(0.688016 1.37879 -5.5967e-20)
(0.654907 1.49994 8.48879e-20)
(0.860148 1.95133 3.32858e-19)
(1.29049 2.9262 9.09907e-20)
(1.43314 3.17218 5.91745e-20)
(1.41054 3.04699 -9.48715e-19)
(0.994358 2.2102 -6.08092e-19)
(0.227595 0.579609 1.39878e-18)
(-0.460497 -0.435553 6.20569e-19)
(-0.615243 -0.949134 1.63168e-19)
(-0.496545 -0.952687 1.67793e-18)
(0.215632 0.503102 0)
(0.565617 1.18737 1.84273e-19)
(0.685207 1.46807 -2.62062e-19)
(0.717695 1.49351 4.41421e-19)
(0.703837 1.46716 -6.03947e-19)
(0.699626 1.41855 2.41741e-19)
(0.69481 1.37771 0)
(0.697956 1.34767 0)
(0.713192 1.33502 0)
(0.749533 1.37428 9.39206e-20)
(0.769089 1.49146 -8.73239e-20)
(0.878265 1.94288 5.35646e-20)
(1.35919 2.86293 2.2619e-19)
(1.58376 3.10735 3.47025e-19)
(1.64945 2.95972 -5.83008e-19)
(1.40531 2.31204 9.47271e-19)
(0.758681 1.02304 3.51417e-20)
(-0.0317217 -0.208406 -1.53534e-18)
(-0.506579 -1.1117 1.11525e-19)
(-0.534644 -1.16743 0)
(0.18802 0.490533 8.53577e-19)
(0.513336 1.1897 -1.72329e-19)
(0.625719 1.47528 -4.29012e-22)
(0.661118 1.50033 0)
(0.65323 1.47186 -2.78929e-19)
(0.656696 1.41934 1.3671e-20)
(0.663286 1.37309 0)
(0.681457 1.33525 1.02683e-19)
(0.720428 1.30987 -7.84903e-20)
(0.820834 1.32648 0)
(0.92936 1.47632 0)
(0.933375 1.90551 -1.35336e-19)
(1.37255 2.71466 -1.95478e-19)
(1.64062 2.94256 8.1328e-20)
(1.6756 2.76503 -3.58563e-20)
(1.47693 2.27813 2.52677e-19)
(1.01883 1.29004 0)
(0.324992 0.0289758 -4.03972e-19)
(-0.144908 -0.818702 -4.83677e-19)
(-0.358663 -1.04226 1.03994e-18)
(0.158271 0.471858 6.93667e-19)
(0.453874 1.1766 -1.58673e-19)
(0.560037 1.47344 2.28383e-19)
(0.599125 1.50123 -5.67558e-19)
(0.597318 1.47072 0)
(0.607999 1.41131 0)
(0.62438 1.35747 0)
(0.660949 1.29959 9.93225e-20)
(0.727326 1.23192 -7.76599e-20)
(0.883113 1.24476 0)
(1.02496 1.45966 0)
(1.08396 1.88714 2.50532e-19)
(1.30501 2.57101 -4.0289e-20)
(1.55529 2.83826 1.45527e-19)
(1.56723 2.70366 -6.91822e-20)
(1.42537 2.31076 0)
(1.085 1.54622 1.00954e-19)
(0.498691 0.416798 -1.83393e-20)
(0.0665043 -0.406888 -8.63633e-19)
(-0.171336 -0.666675 9.62276e-19)
(0.131405 0.455416 -6.29585e-19)
(0.393205 1.17179 1.68402e-19)
(0.485736 1.46701 4.67091e-19)
(0.526552 1.49297 3.29519e-19)
(0.528425 1.4591 -2.63505e-19)
(0.547202 1.39324 -1.81685e-19)
(0.571216 1.32552 1.32999e-19)
(0.624649 1.23573 0)
(0.705299 1.13854 0)
(0.888727 1.16079 0)
(1.03486 1.45129 -2.54126e-19)
(1.16169 1.96274 -2.34348e-19)
(1.18099 2.53333 2.09473e-20)
(1.3702 2.81444 -2.49156e-20)
(1.35198 2.71168 -6.00795e-20)
(1.28097 2.36069 0)
(0.978825 1.81005 -2.56217e-19)
(0.549164 0.810893 1.48874e-18)
(0.211596 0.0986045 -3.47309e-18)
(-0.0214806 -0.209034 1.98498e-18)
(0.102669 0.427994 6.53708e-19)
(0.330288 1.15014 -5.37367e-19)
(0.4091 1.45331 0)
(0.447577 1.48006 1.56379e-19)
(0.450925 1.4415 1.11807e-19)
(0.473663 1.36775 2.52409e-19)
(0.497361 1.28151 -1.24359e-19)
(0.551191 1.16337 0)
(0.62098 1.05529 0)
(0.796204 1.08149 -4.37956e-19)
(0.966389 1.44899 -9.48389e-20)
(1.1445 2.08356 2.95878e-19)
(1.05021 2.57783 1.18221e-19)
(1.17892 2.81989 -1.48859e-19)
(1.125 2.76413 5.66912e-19)
(1.0363 2.55726 -1.04506e-18)
(0.792961 2.09744 8.59316e-19)
(0.513701 1.11019 0)
(0.27924 0.565879 6.37369e-20)
(0.0760114 0.203801 -2.36219e-18)
(0.0768055 0.403725 6.57873e-19)
(0.267271 1.1411 0)
(0.325319 1.43728 0)
(0.35876 1.46173 0)
(0.361254 1.41997 9.26425e-20)
(0.38041 1.34289 -2.36073e-19)
(0.392306 1.24469 -1.09755e-19)
(0.424288 1.11525 0)
(0.447984 1.0071 0)
(0.578074 1.02864 3.04588e-19)
(0.666059 1.48778 1.6026e-19)
(0.976731 2.24424 -1.43712e-19)
(0.829099 2.72348 -5.75989e-20)
(0.85383 2.99402 -1.87432e-19)
(0.762665 3.02297 2.4253e-19)
(0.696942 2.80667 -4.83788e-19)
(0.578685 2.13302 4.99771e-19)
(0.418493 1.33566 0)
(0.271887 0.954671 -5.95159e-20)
(0.10514 0.494026 -1.11849e-18)
(0.0507545 0.360776 -6.09387e-19)
(0.207453 1.118 2.1003e-19)
(0.246864 1.42548 3.12603e-19)
(0.272489 1.45175 -1.88539e-20)
(0.267813 1.40896 -1.89651e-19)
(0.271161 1.33229 -1.29788e-19)
(0.263446 1.23722 3.05918e-19)
(0.252853 1.11735 -4.00967e-21)
(0.206185 1.02067 0)
(0.229595 1.07275 4.51262e-20)
(0.158061 1.58528 -1.11662e-19)
(0.420888 2.51266 2.24119e-19)
(0.274646 3.01617 0)
(0.339238 3.22034 3.37161e-20)
(0.332319 3.11192 0)
(0.39695 2.72856 9.75197e-20)
(0.366772 2.00608 5.54457e-20)
(0.300406 1.519 0)
(0.212807 1.21273 0)
(0.0883697 0.635925 -8.73267e-19)
(0.02798 0.300699 4.81398e-19)
(0.156258 1.09872 -1.80318e-19)
(0.174099 1.41833 1.34491e-19)
(0.185341 1.4515 -2.09993e-19)
(0.170069 1.41444 8.16294e-20)
(0.158756 1.35011 -2.71108e-20)
(0.127587 1.27202 2.23473e-20)
(0.0735644 1.17999 -3.3709e-20)
(-0.0292888 1.1106 -2.9193e-20)
(-0.139028 1.20157 -7.2166e-20)
(-0.292983 1.70109 3.78909e-21)
(-0.108412 2.63516 0)
(-0.159435 3.02831 -3.41763e-21)
(0.0110153 3.13348 0)
(0.0877239 2.82676 0)
(0.220821 2.42707 0)
(0.227993 1.93477 3.4475e-19)
(0.192788 1.66006 -9.11383e-19)
(0.141114 1.36373 2.12485e-21)
(0.0552205 0.684666 6.43152e-19)
(-0.00319746 0.170633 8.03822e-20)
(0.105984 1.0414 7.34381e-20)
(0.108318 1.41953 -5.99002e-20)
(0.11143 1.47179 -4.20699e-20)
(0.087426 1.44546 3.40466e-20)
(0.0623705 1.39865 2.5352e-20)
(0.0131382 1.34429 1.86858e-20)
(-0.0648691 1.28627 0)
(-0.192276 1.2485 -1.31039e-20)
(-0.362493 1.33425 -8.87861e-21)
(-0.518684 1.76805 5.9793e-20)
(-0.366442 2.54358 0)
(-0.314624 2.81183 1.32279e-20)
(-0.0826251 2.80706 -1.16448e-20)
(0.0209427 2.48702 0)
(0.123864 2.20038 0)
(0.129439 1.9329 -1.91325e-20)
(0.0985773 1.75991 0)
(0.0705438 1.45727 -1.4778e-20)
(0.0196426 0.721916 0)
(-0.0178509 0.0928477 0)
(0.0459722 0.953523 0)
(0.0468817 1.41138 0)
(0.0464471 1.50478 0)
(0.0220465 1.49448 -7.8443e-34)
(-0.00889103 1.46354 5.92645e-34)
(-0.0601158 1.43005 0)
(-0.1396 1.39847 0)
(-0.259928 1.38507 0)
(-0.422436 1.45617 0)
(-0.561513 1.79824 0)
(-0.432553 2.40573 0)
(-0.305095 2.58719 0)
(-0.0984416 2.52379 0)
(0.00286297 2.28984 0)
(0.0634467 2.10791 0)
(0.0642376 1.95997 0)
(0.0410557 1.83293 0)
(0.0223757 1.54159 0)
(-0.00399991 0.783934 0)
(-0.0151255 0.0769356 0)
(0.010432 0.881303 0)
(0.00447612 1.41237 0)
(0.00118139 1.54486 0)
(-0.0254213 1.54926 0)
(-0.0548265 1.53173 0)
(-0.101223 1.51431 0)
(-0.171141 1.50144 0)
(-0.272325 1.50674 0)
(-0.401906 1.57034 0)
(-0.545088 1.81257 0)
(-0.413282 2.27533 0)
(-0.261982 2.40053 0)
(-0.097437 2.33673 0)
(-0.0145698 2.18476 0)
(0.020552 2.07298 0)
(0.0234267 1.98432 0)
(0.00510889 1.87989 0)
(0.00159853 1.58814 0)
(-0.00727408 0.786913 0)
(-0.0135289 0.111768 0)
(-0.0139665 0.884171 0)
(-0.0196137 1.42836 0)
(-0.026971 1.58096 0)
(-0.0508436 1.5988 0)
(-0.0774033 1.59178 0)
(-0.11654 1.58616 0)
(-0.173285 1.58693 0)
(-0.251997 1.60473 0)
(-0.343714 1.66588 0)
(-0.455731 1.82855 0)
(-0.35796 2.14542 0)
(-0.217769 2.24034 0)
(-0.0979766 2.2001 0)
(-0.0359932 2.11478 0)
(-0.0128678 2.05228 0)
(-0.0058069 1.9997 0)
(-0.012421 1.90809 0)
(-0.0104301 1.59098 0)
(-0.00738894 0.772246 0)
(-0.013284 0.174419 0)
(-0.0217692 0.907414 0)
(-0.0314573 1.44178 0)
(-0.0391622 1.60804 0)
(-0.0616438 1.63711 0)
(-0.0845438 1.63926 0)
(-0.116727 1.64168 0)
(-0.160522 1.65154 0)
(-0.218264 1.67458 0)
(-0.280256 1.73069 0)
(-0.345164 1.84412 0)
(-0.291352 2.0462 0)
(-0.180768 2.11987 0)
(-0.098288 2.104 0)
(-0.0522264 2.0636 0)
(-0.0328523 2.03199 0)
(-0.0216381 1.99974 0)
(-0.0224016 1.9077 0)
(-0.0143772 1.57898 0)
(-0.0091405 0.732211 0)
(-0.00985703 0.237173 0)
(-0.0251545 0.949998 0)
(-0.0359071 1.46088 0)
(-0.0422194 1.63185 0)
(-0.0605974 1.66754 0)
(-0.0801056 1.67572 0)
(-0.106525 1.68255 0)
(-0.140112 1.69608 0)
(-0.182009 1.72021 0)
(-0.223358 1.76933 0)
(-0.259879 1.85276 0)
(-0.228056 1.98195 0)
(-0.150948 2.03664 0)
(-0.094904 2.03708 0)
(-0.0603126 2.02225 0)
(-0.0427419 2.00787 0)
(-0.0306708 1.98614 0)
(-0.02705 1.8963 0)
(-0.0176821 1.54947 0)
(-0.00881429 0.678836 0)
(-0.00622373 0.295809 0)
(-0.0241459 1.00119 0)
(-0.0358032 1.48558 0)
(-0.0407594 1.65531 0)
(-0.0552156 1.69433 0)
(-0.070635 1.70466 0)
(-0.0922025 1.71323 0)
(-0.118146 1.72833 0)
(-0.14798 1.75137 0)
(-0.175965 1.79267 0)
(-0.195707 1.85597 0)
(-0.175504 1.94005 0)
(-0.125361 1.98036 0)
(-0.0872029 1.98889 0)
(-0.0613345 1.9869 0)
(-0.0459742 1.98153 0)
(-0.0343373 1.96511 0)
(-0.0285769 1.87231 0)
(-0.0175314 1.50944 0)
(-0.00634626 0.631446 0)
(-0.00362771 0.344699 0)
(-0.0199045 1.05082 0)
(-0.0320381 1.51137 0)
(-0.0369806 1.6785 0)
(-0.0487777 1.71921 0)
(-0.0607279 1.7299 0)
(-0.0770956 1.73786 0)
(-0.0969557 1.7519 0)
(-0.118462 1.77282 0)
(-0.138361 1.80654 0)
(-0.148841 1.85534 0)
(-0.134927 1.91174 0)
(-0.102819 1.94172 0)
(-0.0764524 1.95299 0)
(-0.0570576 1.95676 0)
(-0.0437132 1.95608 0)
(-0.0331247 1.94246 0)
(-0.0263872 1.84649 0)
(-0.0153109 1.46968 0)
(-0.00388083 0.592513 0)
(-0.001753 0.381204 0)
(-0.0148268 1.09407 0)
(-0.0262632 1.53628 0)
(-0.0316091 1.69994 0)
(-0.0420715 1.74128 0)
(-0.0519091 1.75205 0)
(-0.0641073 1.7591 0)
(-0.0790775 1.77071 0)
(-0.0942764 1.78804 0)
(-0.108745 1.81489 0)
(-0.114369 1.85272 0)
(-0.104137 1.89206 0)
(-0.0832071 1.91476 0)
(-0.0645514 1.9261 0)
(-0.0498393 1.93191 0)
(-0.0382484 1.93342 0)
(-0.0288153 1.92097 0)
(-0.0219944 1.82192 0)
(-0.0120857 1.43375 0)
(-0.00211525 0.56285 0)
(-0.000613308 0.406273 0)
(-0.0104302 1.13017 0)
(-0.0205899 1.56014 0)
(-0.0259823 1.71928 0)
(-0.0352887 1.76023 0)
(-0.0437407 1.77079 0)
(-0.0533015 1.77693 0)
(-0.0647248 1.7866 0)
(-0.0753311 1.80041 0)
(-0.0856345 1.82131 0)
(-0.0886124 1.8502 0)
(-0.0808078 1.87845 0)
(-0.0667121 1.89574 0)
(-0.0530474 1.90589 0)
(-0.0416367 1.91191 0)
(-0.0318043 1.91416 0)
(-0.02361 1.90179 0)
(-0.0174058 1.79984 0)
(-0.00900722 1.40306 0)
(-0.00109593 0.541519 0)
(-0.000164838 0.422745 0)
(-0.00735075 1.15996 0)
(-0.0163052 1.58256 0)
(-0.0215087 1.73672 0)
(-0.0290532 1.77625 0)
(-0.0361593 1.78581 0)
(-0.044109 1.79094 0)
(-0.0530836 1.79942 0)
(-0.0606843 1.81059 0)
(-0.0678959 1.82693 0)
(-0.0693455 1.84869 0)
(-0.0632427 1.86927 0)
(-0.0532232 1.88251 0)
(-0.0429046 1.89114 0)
(-0.0338441 1.89655 0)
(-0.0258529 1.89865 0)
(-0.0190906 1.88578 0)
(-0.0137444 1.78115 0)
(-0.00672255 1.37799 0)
(-0.000666277 0.526372 0)
(-0.00020664 0.434486 0)
(-0.00578137 1.18453 0)
(-0.013724 1.60213 0)
(-0.0188123 1.75111 0)
(-0.0242258 1.78857 0)
(-0.0297843 1.79647 0)
(-0.0360448 1.80064 0)
(-0.0431507 1.80801 0)
(-0.0489501 1.81735 0)
(-0.0541133 1.83061 0)
(-0.0547207 1.84728 0)
(-0.0499005 1.86267 0)
(-0.0424105 1.87292 0)
(-0.0344395 1.88002 0)
(-0.027261 1.88453 0)
(-0.0209315 1.88611 0)
(-0.0155942 1.87261 0)
(-0.011035 1.76571 0)
(-0.0052055 1.35782 0)
(-0.000514414 0.51508 0)
(-0.000301923 0.444238 0)
(-0.00496943 1.20525 0)
(-0.0119801 1.6189 0)
(-0.0170205 1.76247 0)
(-0.020602 1.79756 0)
(-0.0250286 1.80392 0)
(-0.0293943 1.80738 0)
(-0.0348637 1.81333 0)
(-0.0393154 1.82125 0)
(-0.0431546 1.83237 0)
(-0.0433996 1.8456 0)
(-0.0395473 1.85746 0)
(-0.0337843 1.86555 0)
(-0.0276238 1.8713 0)
(-0.0220167 1.87497 0)
(-0.016942 1.87601 0)
(-0.0127705 1.86192 0)
(-0.00887254 1.75315 0)
(-0.00410738 1.34167 0)
(-0.000415911 0.506239 0)
(-0.000240214 0.452616 0)
(-0.00406453 1.22299 0)
(-0.0101034 1.63394 0)
(-0.0150172 1.77214 0)
(-0.0172573 1.80464 0)
(-0.0211844 1.80999 0)
(-0.0239962 1.81307 0)
(-0.0282427 1.81768 0)
(-0.0314239 1.82419 0)
(-0.0342638 1.83331 0)
(-0.034318 1.84393 0)
(-0.031335 1.85318 0)
(-0.0269073 1.85956 0)
(-0.0221321 1.86411 0)
(-0.0177539 1.86706 0)
(-0.0135734 1.86765 0)
(-0.0102893 1.85301 0)
(-0.00698179 1.74279 0)
(-0.00317067 1.32877 0)
(-0.000305551 0.499297 0)
(-0.000126756 0.459192 0)
(-0.00299678 1.23773 0)
(-0.00802407 1.64762 0)
(-0.0126721 1.78067 0)
(-0.0139963 1.81031 0)
(-0.0177013 1.81503 0)
(-0.0194755 1.81789 0)
(-0.0230493 1.82165 0)
(-0.0252329 1.82698 0)
(-0.0273144 1.83429 0)
(-0.0271531 1.84264 0)
(-0.0248253 1.8498 0)
(-0.0214062 1.85479 0)
(-0.0176492 1.85838 0)
(-0.0142202 1.86072 0)
(-0.0107258 1.86093 0)
(-0.0081543 1.84574 0)
(-0.00539949 1.7344 0)
(-0.00239354 1.31865 0)
(-0.000214646 0.49401 0)
(-7.32737e-05 0.463887 0)
(-0.00209559 1.24925 0)
(-0.00613367 1.65958 0)
(-0.0103375 1.78814 0)
(-0.0110921 1.81489 0)
(-0.0145193 1.81915 0)
(-0.0156177 1.82164 0)
(-0.0188101 1.82489 0)
(-0.0203596 1.82933 0)
(-0.0219626 1.83524 0)
(-0.0216072 1.84176 0)
(-0.019734 1.84724 0)
(-0.0170055 1.85112 0)
(-0.0139917 1.85391 0)
(-0.0112942 1.8557 0)
(-0.00842376 1.85553 0)
(-0.00641264 1.83986 0)
(-0.00416863 1.72766 0)
(-0.00180725 1.31081 0)
(-0.000159377 0.490041 0)
(-7.36376e-05 0.467222 0)
(-0.00151056 1.25794 0)
(-0.00468193 1.66942 0)
(-0.00829309 1.79425 0)
(-0.00876496 1.81841 0)
(-0.0117727 1.82228 0)
(-0.0124358 1.82432 0)
(-0.0152345 1.82715 0)
(-0.0163642 1.83084 0)
(-0.0176672 1.83573 0)
(-0.0172171 1.84092 0)
(-0.0156808 1.84521 0)
(-0.0134777 1.84825 0)
(-0.0110436 1.85042 0)
(-0.0089088 1.85176 0)
(-0.00659686 1.85129 0)
(-0.00501941 1.83523 0)
(-0.00323593 1.72236 0)
(-0.001381 1.30478 0)
(-0.000123979 0.487037 0)
(-7.24529e-05 0.469677 0)
(-0.00111586 1.26437 0)
(-0.00355654 1.6773 0)
(-0.0065082 1.79927 0)
(-0.00692098 1.82134 0)
(-0.00945891 1.82491 0)
(-0.00992514 1.8265 0)
(-0.0122774 1.82895 0)
(-0.0131101 1.83193 0)
(-0.0141593 1.83595 0)
(-0.0136829 1.84012 0)
(-0.0124135 1.84352 0)
(-0.0106241 1.84592 0)
(-0.00867065 1.8476 0)
(-0.00698716 1.84858 0)
(-0.00516229 1.84789 0)
(-0.00392228 1.83156 0)
(-0.00253344 1.71818 0)
(-0.00106628 1.30008 0)
(-9.72161e-05 0.484717 0)
(-5.70361e-05 0.471546 0)
(-0.000819003 1.26919 0)
(-0.00267727 1.68349 0)
(-0.0049863 1.80336 0)
(-0.00543484 1.82386 0)
(-0.00749401 1.82712 0)
(-0.00792271 1.82837 0)
(-0.00983234 1.83046 0)
(-0.0104628 1.83283 0)
(-0.0112901 1.83613 0)
(-0.010826 1.83945 0)
(-0.00978937 1.84216 0)
(-0.00835069 1.84405 0)
(-0.00679375 1.84537 0)
(-0.00545476 1.8461 0)
(-0.00402574 1.84525 0)
(-0.00304063 1.82874 0)
(-0.00197377 1.71492 0)
(-0.000816441 1.29644 0)
(-7.26486e-05 0.482935 0)
(-4.20615e-05 0.472918 0)
(-0.000593505 1.27275 0)
(-0.00199766 1.68828 0)
(-0.00375033 1.80667 0)
(-0.00425362 1.82606 0)
(-0.00587244 1.829 0)
(-0.00632825 1.82997 0)
(-0.00784375 1.83173 0)
(-0.00836603 1.83359 0)
(-0.0089932 1.83623 0)
(-0.00857309 1.83885 0)
(-0.0077235 1.84101 0)
(-0.00655858 1.8425 0)
(-0.00531101 1.84355 0)
(-0.00423927 1.8441 0)
(-0.00312874 1.84313 0)
(-0.00234346 1.8265 0)
(-0.001529 1.71235 0)
(-0.00061869 1.29361 0)
(-5.20837e-05 0.481573 0)
(-2.91754e-05 0.473926 0)
(-0.000428904 1.27536 0)
(-0.00147915 1.69187 0)
(-0.0027665 1.80926 0)
(-0.00327835 1.82789 0)
(-0.00450785 1.83049 0)
(-0.00497735 1.83127 0)
(-0.00614314 1.83271 0)
(-0.00659481 1.83419 0)
(-0.00707036 1.83632 0)
(-0.00672078 1.8384 0)
(-0.00603694 1.84013 0)
(-0.00510613 1.84133 0)
(-0.00412814 1.84215 0)
(-0.0032809 1.84257 0)
(-0.0024282 1.84151 0)
(-0.00180669 1.82479 0)
(-0.00118751 1.71037 0)
(-0.000471223 1.29142 0)
(-3.78714e-05 0.480547 0)
(-2.22052e-05 0.474664 0)
(-0.000317944 1.27732 0)
(-0.00111737 1.69456 0)
(-0.00206612 1.81129 0)
(-0.00256328 1.82942 0)
(-0.0034912 1.83173 0)
(-0.00396213 1.83236 0)
(-0.00485461 1.83351 0)
(-0.00526066 1.83468 0)
(-0.0056303 1.83638 0)
(-0.0053505 1.83803 0)
(-0.00479933 1.83941 0)
(-0.00404858 1.84036 0)
(-0.00326962 1.84102 0)
(-0.00258485 1.84134 0)
(-0.00191575 1.84023 0)
(-0.00141146 1.82345 0)
(-0.000928939 1.70881 0)
(-0.000360266 1.28972 0)
(-2.80943e-05 0.47976 0)
(-1.63347e-05 0.475209 0)
(-0.000235857 1.27875 0)
(-0.000822212 1.69657 0)
(-0.00149783 1.81287 0)
(-0.00193075 1.83066 0)
(-0.00261 1.83272 0)
(-0.00303371 1.83322 0)
(-0.00370083 1.83411 0)
(-0.00405259 1.83503 0)
(-0.00432976 1.83639 0)
(-0.0041187 1.83771 0)
(-0.00368527 1.83883 0)
(-0.00309655 1.8396 0)
(-0.00249084 1.84013 0)
(-0.00195948 1.84038 0)
(-0.00145123 1.83921 0)
(-0.0010583 1.82239 0)
(-0.000695639 1.7076 0)
(-0.000265218 1.28843 0)
(-1.85812e-05 0.47918 0)
(-9.82689e-06 0.47563 0)
(-0.000182751 1.27983 0)
(-0.000649544 1.698 0)
(-0.00116079 1.81401 0)
(-0.00154478 1.8316 0)
(-0.00206815 1.83349 0)
(-0.00246154 1.83392 0)
(-0.0029709 1.83461 0)
(-0.00327725 1.83536 0)
(-0.00348652 1.83643 0)
(-0.00332883 1.83749 0)
(-0.00298415 1.8384 0)
(-0.00251741 1.83902 0)
(-0.00203646 1.83945 0)
(-0.00159894 1.83965 0)
(-0.00118524 1.83844 0)
(-0.000857434 1.82159 0)
(-0.000561637 1.70667 0)
(-0.00020874 1.28743 0)
(-1.30867e-05 0.47873 0)
(-7.52425e-06 0.47593 0)
(-0.000121969 1.2807 0)
(-0.000446686 1.69925 0)
(-0.000798812 1.81505 0)
(-0.00108999 1.83246 0)
(-0.00145396 1.83419 0)
(-0.00175699 1.83452 0)
(-0.00212549 1.83504 0)
(-0.00238183 1.83562 0)
(-0.00254225 1.83646 0)
(-0.00243615 1.83731 0)
(-0.0021747 1.83802 0)
(-0.00181965 1.83852 0)
(-0.00146428 1.83886 0)
(-0.00114426 1.839 0)
(-0.000845825 1.83775 0)
(-0.000605294 1.82087 0)
(-0.000394108 1.70587 0)
(-0.000144365 1.28661 0)
(-8.78281e-06 0.478403 0)
(-7.10864e-06 0.476148 0)
(-0.000108496 1.28118 0)
(-0.000380701 1.69985 0)
(-0.000666437 1.81556 0)
(-0.000923179 1.8329 0)
(-0.00122711 1.83455 0)
(-0.00150535 1.83486 0)
(-0.00180764 1.83528 0)
(-0.00202075 1.83578 0)
(-0.00214554 1.83648 0)
(-0.00206395 1.83719 0)
(-0.00185752 1.83781 0)
(-0.0015705 1.83823 0)
(-0.00126901 1.83853 0)
(-0.000989012 1.83865 0)
(-0.000729333 1.83739 0)
(-0.000518247 1.8205 0)
(-0.000335456 1.70545 0)
(-0.000121296 1.28616 0)
(-6.90715e-06 0.478174 0)
(-3.18425e-06 0.476395 0)
(-6.78476e-05 1.28189 0)
(-0.000242811 1.70082 0)
(-0.000423155 1.81638 0)
(-0.000588711 1.83359 0)
(-0.000771593 1.83513 0)
(-0.000945001 1.83536 0)
(-0.00112115 1.83564 0)
(-0.00125883 1.836 0)
(-0.00133448 1.83651 0)
(-0.00128595 1.83705 0)
(-0.00115473 1.83751 0)
(-0.000977493 1.83783 0)
(-0.000798331 1.83804 0)
(-0.000628212 1.83811 0)
(-0.000467316 1.8368 0)
(-0.00033072 1.81988 0)
(-0.000212154 1.70477 0)
(-7.49265e-05 1.28549 0)
(-3.17047e-06 0.477916 0)
(-0.301234 1.74451 1.93814e-22)
(0.436468 3.29485 -2.02673e-19)
(0.1061 3.51227 3.13604e-19)
(0.223663 3.46837 0)
(0.193654 3.40915 0)
(0.187043 3.35429 -1.85525e-19)
(0.189274 3.32705 2.47011e-19)
(0.160615 3.27145 -2.59223e-19)
(0.135362 3.15815 5.29626e-21)
(0.132603 2.56899 4.21471e-19)
(-0.0990972 2.4509 6.42413e-23)
(0.16101 3.34938 1.83432e-19)
(0.0219323 3.46217 0)
(0.118661 3.40729 0)
(0.0941431 3.35825 5.5109e-21)
(0.0996522 3.31433 4.21361e-19)
(0.094187 3.27381 -2.5846e-19)
(0.0668728 3.23263 -5.06504e-21)
(0.0612071 3.06729 4.8286e-21)
(0.00429616 2.0689 0)
(-0.0253272 2.13542 -3.64072e-21)
(0.102464 3.17506 5.39058e-21)
(0.0432624 3.36667 0)
(0.0903342 3.34039 1.86852e-19)
(0.0687275 3.30855 -1.62402e-21)
(0.0689253 3.28338 -2.33952e-19)
(0.056775 3.26711 -3.31637e-19)
(0.0402806 3.24176 -2.73577e-22)
(0.0462124 3.11166 5.03806e-21)
(-0.0154447 2.2034 0)
(-0.0377345 2.06364 5.47007e-20)
(0.035627 3.14407 0)
(-0.00521966 3.32262 -1.00813e-19)
(0.0332511 3.31176 -6.34237e-20)
(0.0250343 3.28894 8.85088e-21)
(0.0318018 3.26328 -1.72562e-19)
(0.0351946 3.24369 1.49176e-19)
(0.0269821 3.2309 -5.73088e-21)
(0.0455187 3.12038 7.80461e-21)
(0.00891318 2.24509 2.03079e-19)
(-0.0430943 2.05241 -5.31017e-20)
(0.0218318 3.10369 0)
(-0.000362694 3.275 2.35677e-19)
(0.0225301 3.26529 -1.36716e-19)
(0.0191128 3.24974 -7.68646e-22)
(0.0231965 3.23696 -7.91602e-21)
(0.0241982 3.23331 -1.5237e-20)
(0.0245425 3.22211 -2.10223e-19)
(0.0451286 3.12403 5.73922e-21)
(-0.00313359 2.3093 -4.29266e-19)
(-0.05234 2.09292 0)
(-0.00532228 3.09332 -1.47184e-19)
(-0.0255621 3.24915 2.36094e-20)
(-0.00933588 3.24961 -1.05273e-20)
(-0.00138975 3.23394 1.08537e-20)
(0.00610063 3.22053 1.82696e-19)
(0.019256 3.20952 1.94447e-19)
(0.0230092 3.20472 4.1799e-19)
(0.0432283 3.12328 2.35349e-19)
(0.0113595 2.35291 -1.61565e-20)
(-0.0472111 2.15532 0)
(-0.0166573 3.08761 1.51945e-19)
(-0.0167339 3.21653 -1.62175e-19)
(-0.00906717 3.21362 -1.18747e-20)
(0.00188006 3.20268 2.47082e-20)
(0.00982556 3.19518 3.91868e-22)
(0.0171313 3.19611 -1.35209e-20)
(0.0226191 3.19027 -2.2069e-19)
(0.0432731 3.1198 -2.29351e-19)
(0.00353876 2.41869 -1.70047e-20)
(-0.050698 2.22642 1.90034e-19)
(-0.0271675 3.08654 -8.79899e-21)
(-0.0312156 3.19587 6.10898e-21)
(-0.0224731 3.19681 0)
(-0.0117468 3.18634 0)
(-0.000563091 3.17861 0)
(0.0150751 3.1707 0)
(0.0215478 3.16887 2.56009e-19)
(0.0409875 3.11238 -2.65318e-19)
(0.0158949 2.46316 2.59124e-19)
(-0.0441306 2.3153 2.59447e-20)
(-0.0323229 3.08832 2.13865e-19)
(-0.0196997 3.17039 0)
(-0.0140177 3.16568 -1.42796e-20)
(-0.00359771 3.15756 1.46141e-20)
(0.00591378 3.15255 0)
(0.0141796 3.15474 -8.05326e-21)
(0.0204959 3.15219 -2.48422e-19)
(0.0407777 3.10831 2.66264e-19)
(0.0101818 2.53254 0)
(-0.045432 2.39931 1.77874e-20)
(-0.0358721 3.08558 -3.30691e-19)
(-0.0302589 3.15012 0)
(-0.0223519 3.14707 0)
(-0.0133423 3.13946 1.60886e-20)
(-0.00243293 3.13429 -1.37224e-19)
(0.0124813 3.12828 -1.70385e-20)
(0.0197231 3.12944 1.47217e-19)
(0.0383403 3.09657 0)
(0.0195278 2.58118 0)
(-0.0383445 2.4963 -3.52614e-19)
(-0.0381504 3.0842 1.19226e-19)
(-0.0196015 3.12443 0)
(-0.0125916 3.11598 0)
(-0.00313722 3.1093 0)
(0.00625422 3.1059 2.85273e-19)
(0.0139551 3.10929 0)
(0.0196892 3.11022 -1.57144e-19)
(0.0380772 3.0897 9.78917e-21)
(0.014619 2.65322 1.67588e-19)
(-0.0387905 2.58532 1.27651e-19)
(-0.0401759 3.07397 -1.25699e-20)
(-0.0297114 3.10119 1.52278e-19)
(-0.0211363 3.09504 1.48412e-19)
(-0.0123829 3.08857 0)
(-0.00111764 3.08467 -1.4782e-19)
(0.0130189 3.08054 0)
(0.021434 3.08441 0)
(0.0383137 3.07254 0)
(0.0224966 2.70644 -1.68366e-19)
(-0.0339442 2.68298 -1.40214e-19)
(-0.0430326 3.06417 1.45009e-19)
(-0.0230759 3.07196 -1.43636e-19)
(-0.0132635 3.06171 -2.28091e-19)
(-0.00308956 3.05652 0)
(0.00730004 3.05491 2.05199e-20)
(0.0163172 3.05926 -1.04624e-20)
(0.0242767 3.06285 7.88306e-20)
(0.0418272 3.0609 9.77949e-20)
(0.0206268 2.78023 -1.00709e-19)
(-0.035406 2.76806 1.43832e-19)
(-0.0469064 3.04248 -1.39192e-19)
(-0.0329723 3.04544 1.00257e-20)
(-0.020889 3.04053 5.84836e-20)
(-0.0108125 3.03666 -8.5188e-20)
(0.000506753 3.03435 0)
(0.014497 3.03144 9.16728e-20)
(0.0263632 3.03559 4.94442e-21)
(0.0446561 3.03709 -1.90395e-19)
(0.0288379 2.83254 -6.5534e-21)
(-0.0285928 2.85958 -4.24489e-20)
(-0.0438382 3.02416 1.02718e-20)
(-0.022562 3.01811 -5.34552e-20)
(-0.0109451 3.01466 2.18894e-20)
(-0.00227135 3.01406 1.04103e-19)
(0.0062238 3.01343 -4.44678e-20)
(0.0138017 3.01486 -4.35401e-20)
(0.0225674 3.01691 -4.54008e-20)
(0.0416404 3.02118 9.83589e-20)
(0.0247065 2.90018 4.75166e-20)
(-0.0181336 2.93574 3.41054e-20)
(-0.0261163 2.99798 1.51179e-20)
(-0.0164273 3.00039 2.94686e-20)
(-0.00946473 3.00178 -6.02947e-20)
(-0.00408144 3.00263 2.04733e-20)
(0.000644813 3.0022 4.14539e-20)
(0.00586363 3.00063 -4.31695e-20)
(0.0111988 2.99899 -4.53159e-20)
(0.0219317 2.99755 6.20445e-21)
(0.0165846 2.94916 4.39105e-20)
)
;

boundaryField
{
    wall-4
    {
        type            noSlip;
    }
    pressure-outlet-7
    {
        type            zeroGradient;
    }
    velocity-inlet-6
    {
        type            fixedValue;
        value           uniform (0 3 0);
    }
    velocity-inlet-5
    {
        type            fixedValue;
        value           uniform (1 0 0);
    }
    frontAndBackPlanes
    {
        type            empty;
    }
}


// ************************************************************************* //
