/*--------------------------------*- C++ -*----------------------------------*\
  =========                 |
  \\      /  F ield         | OpenFOAM: The Open Source CFD Toolbox
   \\    /   O peration     | Website:  https://openfoam.org
    \\  /    A nd           | Version:  9
     \\/     M anipulation  |
\*---------------------------------------------------------------------------*/
FoamFile
{
    format      ascii;
    class       vectorField;
    location    "constant/polyMesh";
    object      points;
}
// * * * * * * * * * * * * * * * * * * * * * * * * * * * * * * * * * * * * * //


882
(
(0 0 0)
(0.005000000075 0 0)
(0.01000000015 0 0)
(0.01500000022 0 0)
(0.0200000003 0 0)
(0.02500000037 0 0)
(0.03000000045 0 0)
(0.03500000052 0 0)
(0.0400000006 0 0)
(0.04500000067 0 0)
(0.05000000075 0 0)
(0.05500000082 0 0)
(0.06000000089 0 0)
(0.06500000097 0 0)
(0.07000000104 0 0)
(0.07500000112 0 0)
(0.08000000119 0 0)
(0.08500000127 0 0)
(0.09000000134 0 0)
(0.09500000142 0 0)
(0.1000000015 0 0)
(0 0.005000000075 0)
(0.005000000075 0.005000000075 0)
(0.01000000015 0.005000000075 0)
(0.01500000022 0.005000000075 0)
(0.0200000003 0.005000000075 0)
(0.02500000037 0.005000000075 0)
(0.03000000045 0.005000000075 0)
(0.03500000052 0.005000000075 0)
(0.0400000006 0.005000000075 0)
(0.04500000067 0.005000000075 0)
(0.05000000075 0.005000000075 0)
(0.05500000082 0.005000000075 0)
(0.06000000089 0.005000000075 0)
(0.06500000097 0.005000000075 0)
(0.07000000104 0.005000000075 0)
(0.07500000112 0.005000000075 0)
(0.08000000119 0.005000000075 0)
(0.08500000127 0.005000000075 0)
(0.09000000134 0.005000000075 0)
(0.09500000142 0.005000000075 0)
(0.1000000015 0.005000000075 0)
(0 0.01000000015 0)
(0.005000000075 0.01000000015 0)
(0.01000000015 0.01000000015 0)
(0.01500000022 0.01000000015 0)
(0.0200000003 0.01000000015 0)
(0.02500000037 0.01000000015 0)
(0.03000000045 0.01000000015 0)
(0.03500000052 0.01000000015 0)
(0.0400000006 0.01000000015 0)
(0.04500000067 0.01000000015 0)
(0.05000000075 0.01000000015 0)
(0.05500000082 0.01000000015 0)
(0.06000000089 0.01000000015 0)
(0.06500000097 0.01000000015 0)
(0.07000000104 0.01000000015 0)
(0.07500000112 0.01000000015 0)
(0.08000000119 0.01000000015 0)
(0.08500000127 0.01000000015 0)
(0.09000000134 0.01000000015 0)
(0.09500000142 0.01000000015 0)
(0.1000000015 0.01000000015 0)
(0 0.01500000022 0)
(0.005000000075 0.01500000022 0)
(0.01000000015 0.01500000022 0)
(0.01500000022 0.01500000022 0)
(0.0200000003 0.01500000022 0)
(0.02500000037 0.01500000022 0)
(0.03000000045 0.01500000022 0)
(0.03500000052 0.01500000022 0)
(0.0400000006 0.01500000022 0)
(0.04500000067 0.01500000022 0)
(0.05000000075 0.01500000022 0)
(0.05500000082 0.01500000022 0)
(0.06000000089 0.01500000022 0)
(0.06500000097 0.01500000022 0)
(0.07000000104 0.01500000022 0)
(0.07500000112 0.01500000022 0)
(0.08000000119 0.01500000022 0)
(0.08500000127 0.01500000022 0)
(0.09000000134 0.01500000022 0)
(0.09500000142 0.01500000022 0)
(0.1000000015 0.01500000022 0)
(0 0.0200000003 0)
(0.005000000075 0.0200000003 0)
(0.01000000015 0.0200000003 0)
(0.01500000022 0.0200000003 0)
(0.0200000003 0.0200000003 0)
(0.02500000037 0.0200000003 0)
(0.03000000045 0.0200000003 0)
(0.03500000052 0.0200000003 0)
(0.0400000006 0.0200000003 0)
(0.04500000067 0.0200000003 0)
(0.05000000075 0.0200000003 0)
(0.05500000082 0.0200000003 0)
(0.06000000089 0.0200000003 0)
(0.06500000097 0.0200000003 0)
(0.07000000104 0.0200000003 0)
(0.07500000112 0.0200000003 0)
(0.08000000119 0.0200000003 0)
(0.08500000127 0.0200000003 0)
(0.09000000134 0.0200000003 0)
(0.09500000142 0.0200000003 0)
(0.1000000015 0.0200000003 0)
(0 0.02500000037 0)
(0.005000000075 0.02500000037 0)
(0.01000000015 0.02500000037 0)
(0.01500000022 0.02500000037 0)
(0.0200000003 0.02500000037 0)
(0.02500000037 0.02500000037 0)
(0.03000000045 0.02500000037 0)
(0.03500000052 0.02500000037 0)
(0.0400000006 0.02500000037 0)
(0.04500000067 0.02500000037 0)
(0.05000000075 0.02500000037 0)
(0.05500000082 0.02500000037 0)
(0.06000000089 0.02500000037 0)
(0.06500000097 0.02500000037 0)
(0.07000000104 0.02500000037 0)
(0.07500000112 0.02500000037 0)
(0.08000000119 0.02500000037 0)
(0.08500000127 0.02500000037 0)
(0.09000000134 0.02500000037 0)
(0.09500000142 0.02500000037 0)
(0.1000000015 0.02500000037 0)
(0 0.03000000045 0)
(0.005000000075 0.03000000045 0)
(0.01000000015 0.03000000045 0)
(0.01500000022 0.03000000045 0)
(0.0200000003 0.03000000045 0)
(0.02500000037 0.03000000045 0)
(0.03000000045 0.03000000045 0)
(0.03500000052 0.03000000045 0)
(0.0400000006 0.03000000045 0)
(0.04500000067 0.03000000045 0)
(0.05000000075 0.03000000045 0)
(0.05500000082 0.03000000045 0)
(0.06000000089 0.03000000045 0)
(0.06500000097 0.03000000045 0)
(0.07000000104 0.03000000045 0)
(0.07500000112 0.03000000045 0)
(0.08000000119 0.03000000045 0)
(0.08500000127 0.03000000045 0)
(0.09000000134 0.03000000045 0)
(0.09500000142 0.03000000045 0)
(0.1000000015 0.03000000045 0)
(0 0.03500000052 0)
(0.005000000075 0.03500000052 0)
(0.01000000015 0.03500000052 0)
(0.01500000022 0.03500000052 0)
(0.0200000003 0.03500000052 0)
(0.02500000037 0.03500000052 0)
(0.03000000045 0.03500000052 0)
(0.03500000052 0.03500000052 0)
(0.0400000006 0.03500000052 0)
(0.04500000067 0.03500000052 0)
(0.05000000075 0.03500000052 0)
(0.05500000082 0.03500000052 0)
(0.06000000089 0.03500000052 0)
(0.06500000097 0.03500000052 0)
(0.07000000104 0.03500000052 0)
(0.07500000112 0.03500000052 0)
(0.08000000119 0.03500000052 0)
(0.08500000127 0.03500000052 0)
(0.09000000134 0.03500000052 0)
(0.09500000142 0.03500000052 0)
(0.1000000015 0.03500000052 0)
(0 0.0400000006 0)
(0.005000000075 0.0400000006 0)
(0.01000000015 0.0400000006 0)
(0.01500000022 0.0400000006 0)
(0.0200000003 0.0400000006 0)
(0.02500000037 0.0400000006 0)
(0.03000000045 0.0400000006 0)
(0.03500000052 0.0400000006 0)
(0.0400000006 0.0400000006 0)
(0.04500000067 0.0400000006 0)
(0.05000000075 0.0400000006 0)
(0.05500000082 0.0400000006 0)
(0.06000000089 0.0400000006 0)
(0.06500000097 0.0400000006 0)
(0.07000000104 0.0400000006 0)
(0.07500000112 0.0400000006 0)
(0.08000000119 0.0400000006 0)
(0.08500000127 0.0400000006 0)
(0.09000000134 0.0400000006 0)
(0.09500000142 0.0400000006 0)
(0.1000000015 0.0400000006 0)
(0 0.04500000067 0)
(0.005000000075 0.04500000067 0)
(0.01000000015 0.04500000067 0)
(0.01500000022 0.04500000067 0)
(0.0200000003 0.04500000067 0)
(0.02500000037 0.04500000067 0)
(0.03000000045 0.04500000067 0)
(0.03500000052 0.04500000067 0)
(0.0400000006 0.04500000067 0)
(0.04500000067 0.04500000067 0)
(0.05000000075 0.04500000067 0)
(0.05500000082 0.04500000067 0)
(0.06000000089 0.04500000067 0)
(0.06500000097 0.04500000067 0)
(0.07000000104 0.04500000067 0)
(0.07500000112 0.04500000067 0)
(0.08000000119 0.04500000067 0)
(0.08500000127 0.04500000067 0)
(0.09000000134 0.04500000067 0)
(0.09500000142 0.04500000067 0)
(0.1000000015 0.04500000067 0)
(0 0.05000000075 0)
(0.005000000075 0.05000000075 0)
(0.01000000015 0.05000000075 0)
(0.01500000022 0.05000000075 0)
(0.0200000003 0.05000000075 0)
(0.02500000037 0.05000000075 0)
(0.03000000045 0.05000000075 0)
(0.03500000052 0.05000000075 0)
(0.0400000006 0.05000000075 0)
(0.04500000067 0.05000000075 0)
(0.05000000075 0.05000000075 0)
(0.05500000082 0.05000000075 0)
(0.06000000089 0.05000000075 0)
(0.06500000097 0.05000000075 0)
(0.07000000104 0.05000000075 0)
(0.07500000112 0.05000000075 0)
(0.08000000119 0.05000000075 0)
(0.08500000127 0.05000000075 0)
(0.09000000134 0.05000000075 0)
(0.09500000142 0.05000000075 0)
(0.1000000015 0.05000000075 0)
(0 0.05500000082 0)
(0.005000000075 0.05500000082 0)
(0.01000000015 0.05500000082 0)
(0.01500000022 0.05500000082 0)
(0.0200000003 0.05500000082 0)
(0.02500000037 0.05500000082 0)
(0.03000000045 0.05500000082 0)
(0.03500000052 0.05500000082 0)
(0.0400000006 0.05500000082 0)
(0.04500000067 0.05500000082 0)
(0.05000000075 0.05500000082 0)
(0.05500000082 0.05500000082 0)
(0.06000000089 0.05500000082 0)
(0.06500000097 0.05500000082 0)
(0.07000000104 0.05500000082 0)
(0.07500000112 0.05500000082 0)
(0.08000000119 0.05500000082 0)
(0.08500000127 0.05500000082 0)
(0.09000000134 0.05500000082 0)
(0.09500000142 0.05500000082 0)
(0.1000000015 0.05500000082 0)
(0 0.06000000089 0)
(0.005000000075 0.06000000089 0)
(0.01000000015 0.06000000089 0)
(0.01500000022 0.06000000089 0)
(0.0200000003 0.06000000089 0)
(0.02500000037 0.06000000089 0)
(0.03000000045 0.06000000089 0)
(0.03500000052 0.06000000089 0)
(0.0400000006 0.06000000089 0)
(0.04500000067 0.06000000089 0)
(0.05000000075 0.06000000089 0)
(0.05500000082 0.06000000089 0)
(0.06000000089 0.06000000089 0)
(0.06500000097 0.06000000089 0)
(0.07000000104 0.06000000089 0)
(0.07500000112 0.06000000089 0)
(0.08000000119 0.06000000089 0)
(0.08500000127 0.06000000089 0)
(0.09000000134 0.06000000089 0)
(0.09500000142 0.06000000089 0)
(0.1000000015 0.06000000089 0)
(0 0.06500000097 0)
(0.005000000075 0.06500000097 0)
(0.01000000015 0.06500000097 0)
(0.01500000022 0.06500000097 0)
(0.0200000003 0.06500000097 0)
(0.02500000037 0.06500000097 0)
(0.03000000045 0.06500000097 0)
(0.03500000052 0.06500000097 0)
(0.0400000006 0.06500000097 0)
(0.04500000067 0.06500000097 0)
(0.05000000075 0.06500000097 0)
(0.05500000082 0.06500000097 0)
(0.06000000089 0.06500000097 0)
(0.06500000097 0.06500000097 0)
(0.07000000104 0.06500000097 0)
(0.07500000112 0.06500000097 0)
(0.08000000119 0.06500000097 0)
(0.08500000127 0.06500000097 0)
(0.09000000134 0.06500000097 0)
(0.09500000142 0.06500000097 0)
(0.1000000015 0.06500000097 0)
(0 0.07000000104 0)
(0.005000000075 0.07000000104 0)
(0.01000000015 0.07000000104 0)
(0.01500000022 0.07000000104 0)
(0.0200000003 0.07000000104 0)
(0.02500000037 0.07000000104 0)
(0.03000000045 0.07000000104 0)
(0.03500000052 0.07000000104 0)
(0.0400000006 0.07000000104 0)
(0.04500000067 0.07000000104 0)
(0.05000000075 0.07000000104 0)
(0.05500000082 0.07000000104 0)
(0.06000000089 0.07000000104 0)
(0.06500000097 0.07000000104 0)
(0.07000000104 0.07000000104 0)
(0.07500000112 0.07000000104 0)
(0.08000000119 0.07000000104 0)
(0.08500000127 0.07000000104 0)
(0.09000000134 0.07000000104 0)
(0.09500000142 0.07000000104 0)
(0.1000000015 0.07000000104 0)
(0 0.07500000112 0)
(0.005000000075 0.07500000112 0)
(0.01000000015 0.07500000112 0)
(0.01500000022 0.07500000112 0)
(0.0200000003 0.07500000112 0)
(0.02500000037 0.07500000112 0)
(0.03000000045 0.07500000112 0)
(0.03500000052 0.07500000112 0)
(0.0400000006 0.07500000112 0)
(0.04500000067 0.07500000112 0)
(0.05000000075 0.07500000112 0)
(0.05500000082 0.07500000112 0)
(0.06000000089 0.07500000112 0)
(0.06500000097 0.07500000112 0)
(0.07000000104 0.07500000112 0)
(0.07500000112 0.07500000112 0)
(0.08000000119 0.07500000112 0)
(0.08500000127 0.07500000112 0)
(0.09000000134 0.07500000112 0)
(0.09500000142 0.07500000112 0)
(0.1000000015 0.07500000112 0)
(0 0.08000000119 0)
(0.005000000075 0.08000000119 0)
(0.01000000015 0.08000000119 0)
(0.01500000022 0.08000000119 0)
(0.0200000003 0.08000000119 0)
(0.02500000037 0.08000000119 0)
(0.03000000045 0.08000000119 0)
(0.03500000052 0.08000000119 0)
(0.0400000006 0.08000000119 0)
(0.04500000067 0.08000000119 0)
(0.05000000075 0.08000000119 0)
(0.05500000082 0.08000000119 0)
(0.06000000089 0.08000000119 0)
(0.06500000097 0.08000000119 0)
(0.07000000104 0.08000000119 0)
(0.07500000112 0.08000000119 0)
(0.08000000119 0.08000000119 0)
(0.08500000127 0.08000000119 0)
(0.09000000134 0.08000000119 0)
(0.09500000142 0.08000000119 0)
(0.1000000015 0.08000000119 0)
(0 0.08500000127 0)
(0.005000000075 0.08500000127 0)
(0.01000000015 0.08500000127 0)
(0.01500000022 0.08500000127 0)
(0.0200000003 0.08500000127 0)
(0.02500000037 0.08500000127 0)
(0.03000000045 0.08500000127 0)
(0.03500000052 0.08500000127 0)
(0.0400000006 0.08500000127 0)
(0.04500000067 0.08500000127 0)
(0.05000000075 0.08500000127 0)
(0.05500000082 0.08500000127 0)
(0.06000000089 0.08500000127 0)
(0.06500000097 0.08500000127 0)
(0.07000000104 0.08500000127 0)
(0.07500000112 0.08500000127 0)
(0.08000000119 0.08500000127 0)
(0.08500000127 0.08500000127 0)
(0.09000000134 0.08500000127 0)
(0.09500000142 0.08500000127 0)
(0.1000000015 0.08500000127 0)
(0 0.09000000134 0)
(0.005000000075 0.09000000134 0)
(0.01000000015 0.09000000134 0)
(0.01500000022 0.09000000134 0)
(0.0200000003 0.09000000134 0)
(0.02500000037 0.09000000134 0)
(0.03000000045 0.09000000134 0)
(0.03500000052 0.09000000134 0)
(0.0400000006 0.09000000134 0)
(0.04500000067 0.09000000134 0)
(0.05000000075 0.09000000134 0)
(0.05500000082 0.09000000134 0)
(0.06000000089 0.09000000134 0)
(0.06500000097 0.09000000134 0)
(0.07000000104 0.09000000134 0)
(0.07500000112 0.09000000134 0)
(0.08000000119 0.09000000134 0)
(0.08500000127 0.09000000134 0)
(0.09000000134 0.09000000134 0)
(0.09500000142 0.09000000134 0)
(0.1000000015 0.09000000134 0)
(0 0.09500000142 0)
(0.005000000075 0.09500000142 0)
(0.01000000015 0.09500000142 0)
(0.01500000022 0.09500000142 0)
(0.0200000003 0.09500000142 0)
(0.02500000037 0.09500000142 0)
(0.03000000045 0.09500000142 0)
(0.03500000052 0.09500000142 0)
(0.0400000006 0.09500000142 0)
(0.04500000067 0.09500000142 0)
(0.05000000075 0.09500000142 0)
(0.05500000082 0.09500000142 0)
(0.06000000089 0.09500000142 0)
(0.06500000097 0.09500000142 0)
(0.07000000104 0.09500000142 0)
(0.07500000112 0.09500000142 0)
(0.08000000119 0.09500000142 0)
(0.08500000127 0.09500000142 0)
(0.09000000134 0.09500000142 0)
(0.09500000142 0.09500000142 0)
(0.1000000015 0.09500000142 0)
(0 0.1000000015 0)
(0.005000000075 0.1000000015 0)
(0.01000000015 0.1000000015 0)
(0.01500000022 0.1000000015 0)
(0.0200000003 0.1000000015 0)
(0.02500000037 0.1000000015 0)
(0.03000000045 0.1000000015 0)
(0.03500000052 0.1000000015 0)
(0.0400000006 0.1000000015 0)
(0.04500000067 0.1000000015 0)
(0.05000000075 0.1000000015 0)
(0.05500000082 0.1000000015 0)
(0.06000000089 0.1000000015 0)
(0.06500000097 0.1000000015 0)
(0.07000000104 0.1000000015 0)
(0.07500000112 0.1000000015 0)
(0.08000000119 0.1000000015 0)
(0.08500000127 0.1000000015 0)
(0.09000000134 0.1000000015 0)
(0.09500000142 0.1000000015 0)
(0.1000000015 0.1000000015 0)
(0 0 0.009999999776)
(0.005000000075 0 0.009999999776)
(0.01000000015 0 0.009999999776)
(0.01500000022 0 0.009999999776)
(0.0200000003 0 0.009999999776)
(0.02500000037 0 0.009999999776)
(0.03000000045 0 0.009999999776)
(0.03500000052 0 0.009999999776)
(0.0400000006 0 0.009999999776)
(0.04500000067 0 0.009999999776)
(0.05000000075 0 0.009999999776)
(0.05500000082 0 0.009999999776)
(0.06000000089 0 0.009999999776)
(0.06500000097 0 0.009999999776)
(0.07000000104 0 0.009999999776)
(0.07500000112 0 0.009999999776)
(0.08000000119 0 0.009999999776)
(0.08500000127 0 0.009999999776)
(0.09000000134 0 0.009999999776)
(0.09500000142 0 0.009999999776)
(0.1000000015 0 0.009999999776)
(0 0.005000000075 0.009999999776)
(0.005000000075 0.005000000075 0.009999999776)
(0.01000000015 0.005000000075 0.009999999776)
(0.01500000022 0.005000000075 0.009999999776)
(0.0200000003 0.005000000075 0.009999999776)
(0.02500000037 0.005000000075 0.009999999776)
(0.03000000045 0.005000000075 0.009999999776)
(0.03500000052 0.005000000075 0.009999999776)
(0.0400000006 0.005000000075 0.009999999776)
(0.04500000067 0.005000000075 0.009999999776)
(0.05000000075 0.005000000075 0.009999999776)
(0.05500000082 0.005000000075 0.009999999776)
(0.06000000089 0.005000000075 0.009999999776)
(0.06500000097 0.005000000075 0.009999999776)
(0.07000000104 0.005000000075 0.009999999776)
(0.07500000112 0.005000000075 0.009999999776)
(0.08000000119 0.005000000075 0.009999999776)
(0.08500000127 0.005000000075 0.009999999776)
(0.09000000134 0.005000000075 0.009999999776)
(0.09500000142 0.005000000075 0.009999999776)
(0.1000000015 0.005000000075 0.009999999776)
(0 0.01000000015 0.009999999776)
(0.005000000075 0.01000000015 0.009999999776)
(0.01000000015 0.01000000015 0.009999999776)
(0.01500000022 0.01000000015 0.009999999776)
(0.0200000003 0.01000000015 0.009999999776)
(0.02500000037 0.01000000015 0.009999999776)
(0.03000000045 0.01000000015 0.009999999776)
(0.03500000052 0.01000000015 0.009999999776)
(0.0400000006 0.01000000015 0.009999999776)
(0.04500000067 0.01000000015 0.009999999776)
(0.05000000075 0.01000000015 0.009999999776)
(0.05500000082 0.01000000015 0.009999999776)
(0.06000000089 0.01000000015 0.009999999776)
(0.06500000097 0.01000000015 0.009999999776)
(0.07000000104 0.01000000015 0.009999999776)
(0.07500000112 0.01000000015 0.009999999776)
(0.08000000119 0.01000000015 0.009999999776)
(0.08500000127 0.01000000015 0.009999999776)
(0.09000000134 0.01000000015 0.009999999776)
(0.09500000142 0.01000000015 0.009999999776)
(0.1000000015 0.01000000015 0.009999999776)
(0 0.01500000022 0.009999999776)
(0.005000000075 0.01500000022 0.009999999776)
(0.01000000015 0.01500000022 0.009999999776)
(0.01500000022 0.01500000022 0.009999999776)
(0.0200000003 0.01500000022 0.009999999776)
(0.02500000037 0.01500000022 0.009999999776)
(0.03000000045 0.01500000022 0.009999999776)
(0.03500000052 0.01500000022 0.009999999776)
(0.0400000006 0.01500000022 0.009999999776)
(0.04500000067 0.01500000022 0.009999999776)
(0.05000000075 0.01500000022 0.009999999776)
(0.05500000082 0.01500000022 0.009999999776)
(0.06000000089 0.01500000022 0.009999999776)
(0.06500000097 0.01500000022 0.009999999776)
(0.07000000104 0.01500000022 0.009999999776)
(0.07500000112 0.01500000022 0.009999999776)
(0.08000000119 0.01500000022 0.009999999776)
(0.08500000127 0.01500000022 0.009999999776)
(0.09000000134 0.01500000022 0.009999999776)
(0.09500000142 0.01500000022 0.009999999776)
(0.1000000015 0.01500000022 0.009999999776)
(0 0.0200000003 0.009999999776)
(0.005000000075 0.0200000003 0.009999999776)
(0.01000000015 0.0200000003 0.009999999776)
(0.01500000022 0.0200000003 0.009999999776)
(0.0200000003 0.0200000003 0.009999999776)
(0.02500000037 0.0200000003 0.009999999776)
(0.03000000045 0.0200000003 0.009999999776)
(0.03500000052 0.0200000003 0.009999999776)
(0.0400000006 0.0200000003 0.009999999776)
(0.04500000067 0.0200000003 0.009999999776)
(0.05000000075 0.0200000003 0.009999999776)
(0.05500000082 0.0200000003 0.009999999776)
(0.06000000089 0.0200000003 0.009999999776)
(0.06500000097 0.0200000003 0.009999999776)
(0.07000000104 0.0200000003 0.009999999776)
(0.07500000112 0.0200000003 0.009999999776)
(0.08000000119 0.0200000003 0.009999999776)
(0.08500000127 0.0200000003 0.009999999776)
(0.09000000134 0.0200000003 0.009999999776)
(0.09500000142 0.0200000003 0.009999999776)
(0.1000000015 0.0200000003 0.009999999776)
(0 0.02500000037 0.009999999776)
(0.005000000075 0.02500000037 0.009999999776)
(0.01000000015 0.02500000037 0.009999999776)
(0.01500000022 0.02500000037 0.009999999776)
(0.0200000003 0.02500000037 0.009999999776)
(0.02500000037 0.02500000037 0.009999999776)
(0.03000000045 0.02500000037 0.009999999776)
(0.03500000052 0.02500000037 0.009999999776)
(0.0400000006 0.02500000037 0.009999999776)
(0.04500000067 0.02500000037 0.009999999776)
(0.05000000075 0.02500000037 0.009999999776)
(0.05500000082 0.02500000037 0.009999999776)
(0.06000000089 0.02500000037 0.009999999776)
(0.06500000097 0.02500000037 0.009999999776)
(0.07000000104 0.02500000037 0.009999999776)
(0.07500000112 0.02500000037 0.009999999776)
(0.08000000119 0.02500000037 0.009999999776)
(0.08500000127 0.02500000037 0.009999999776)
(0.09000000134 0.02500000037 0.009999999776)
(0.09500000142 0.02500000037 0.009999999776)
(0.1000000015 0.02500000037 0.009999999776)
(0 0.03000000045 0.009999999776)
(0.005000000075 0.03000000045 0.009999999776)
(0.01000000015 0.03000000045 0.009999999776)
(0.01500000022 0.03000000045 0.009999999776)
(0.0200000003 0.03000000045 0.009999999776)
(0.02500000037 0.03000000045 0.009999999776)
(0.03000000045 0.03000000045 0.009999999776)
(0.03500000052 0.03000000045 0.009999999776)
(0.0400000006 0.03000000045 0.009999999776)
(0.04500000067 0.03000000045 0.009999999776)
(0.05000000075 0.03000000045 0.009999999776)
(0.05500000082 0.03000000045 0.009999999776)
(0.06000000089 0.03000000045 0.009999999776)
(0.06500000097 0.03000000045 0.009999999776)
(0.07000000104 0.03000000045 0.009999999776)
(0.07500000112 0.03000000045 0.009999999776)
(0.08000000119 0.03000000045 0.009999999776)
(0.08500000127 0.03000000045 0.009999999776)
(0.09000000134 0.03000000045 0.009999999776)
(0.09500000142 0.03000000045 0.009999999776)
(0.1000000015 0.03000000045 0.009999999776)
(0 0.03500000052 0.009999999776)
(0.005000000075 0.03500000052 0.009999999776)
(0.01000000015 0.03500000052 0.009999999776)
(0.01500000022 0.03500000052 0.009999999776)
(0.0200000003 0.03500000052 0.009999999776)
(0.02500000037 0.03500000052 0.009999999776)
(0.03000000045 0.03500000052 0.009999999776)
(0.03500000052 0.03500000052 0.009999999776)
(0.0400000006 0.03500000052 0.009999999776)
(0.04500000067 0.03500000052 0.009999999776)
(0.05000000075 0.03500000052 0.009999999776)
(0.05500000082 0.03500000052 0.009999999776)
(0.06000000089 0.03500000052 0.009999999776)
(0.06500000097 0.03500000052 0.009999999776)
(0.07000000104 0.03500000052 0.009999999776)
(0.07500000112 0.03500000052 0.009999999776)
(0.08000000119 0.03500000052 0.009999999776)
(0.08500000127 0.03500000052 0.009999999776)
(0.09000000134 0.03500000052 0.009999999776)
(0.09500000142 0.03500000052 0.009999999776)
(0.1000000015 0.03500000052 0.009999999776)
(0 0.0400000006 0.009999999776)
(0.005000000075 0.0400000006 0.009999999776)
(0.01000000015 0.0400000006 0.009999999776)
(0.01500000022 0.0400000006 0.009999999776)
(0.0200000003 0.0400000006 0.009999999776)
(0.02500000037 0.0400000006 0.009999999776)
(0.03000000045 0.0400000006 0.009999999776)
(0.03500000052 0.0400000006 0.009999999776)
(0.0400000006 0.0400000006 0.009999999776)
(0.04500000067 0.0400000006 0.009999999776)
(0.05000000075 0.0400000006 0.009999999776)
(0.05500000082 0.0400000006 0.009999999776)
(0.06000000089 0.0400000006 0.009999999776)
(0.06500000097 0.0400000006 0.009999999776)
(0.07000000104 0.0400000006 0.009999999776)
(0.07500000112 0.0400000006 0.009999999776)
(0.08000000119 0.0400000006 0.009999999776)
(0.08500000127 0.0400000006 0.009999999776)
(0.09000000134 0.0400000006 0.009999999776)
(0.09500000142 0.0400000006 0.009999999776)
(0.1000000015 0.0400000006 0.009999999776)
(0 0.04500000067 0.009999999776)
(0.005000000075 0.04500000067 0.009999999776)
(0.01000000015 0.04500000067 0.009999999776)
(0.01500000022 0.04500000067 0.009999999776)
(0.0200000003 0.04500000067 0.009999999776)
(0.02500000037 0.04500000067 0.009999999776)
(0.03000000045 0.04500000067 0.009999999776)
(0.03500000052 0.04500000067 0.009999999776)
(0.0400000006 0.04500000067 0.009999999776)
(0.04500000067 0.04500000067 0.009999999776)
(0.05000000075 0.04500000067 0.009999999776)
(0.05500000082 0.04500000067 0.009999999776)
(0.06000000089 0.04500000067 0.009999999776)
(0.06500000097 0.04500000067 0.009999999776)
(0.07000000104 0.04500000067 0.009999999776)
(0.07500000112 0.04500000067 0.009999999776)
(0.08000000119 0.04500000067 0.009999999776)
(0.08500000127 0.04500000067 0.009999999776)
(0.09000000134 0.04500000067 0.009999999776)
(0.09500000142 0.04500000067 0.009999999776)
(0.1000000015 0.04500000067 0.009999999776)
(0 0.05000000075 0.009999999776)
(0.005000000075 0.05000000075 0.009999999776)
(0.01000000015 0.05000000075 0.009999999776)
(0.01500000022 0.05000000075 0.009999999776)
(0.0200000003 0.05000000075 0.009999999776)
(0.02500000037 0.05000000075 0.009999999776)
(0.03000000045 0.05000000075 0.009999999776)
(0.03500000052 0.05000000075 0.009999999776)
(0.0400000006 0.05000000075 0.009999999776)
(0.04500000067 0.05000000075 0.009999999776)
(0.05000000075 0.05000000075 0.009999999776)
(0.05500000082 0.05000000075 0.009999999776)
(0.06000000089 0.05000000075 0.009999999776)
(0.06500000097 0.05000000075 0.009999999776)
(0.07000000104 0.05000000075 0.009999999776)
(0.07500000112 0.05000000075 0.009999999776)
(0.08000000119 0.05000000075 0.009999999776)
(0.08500000127 0.05000000075 0.009999999776)
(0.09000000134 0.05000000075 0.009999999776)
(0.09500000142 0.05000000075 0.009999999776)
(0.1000000015 0.05000000075 0.009999999776)
(0 0.05500000082 0.009999999776)
(0.005000000075 0.05500000082 0.009999999776)
(0.01000000015 0.05500000082 0.009999999776)
(0.01500000022 0.05500000082 0.009999999776)
(0.0200000003 0.05500000082 0.009999999776)
(0.02500000037 0.05500000082 0.009999999776)
(0.03000000045 0.05500000082 0.009999999776)
(0.03500000052 0.05500000082 0.009999999776)
(0.0400000006 0.05500000082 0.009999999776)
(0.04500000067 0.05500000082 0.009999999776)
(0.05000000075 0.05500000082 0.009999999776)
(0.05500000082 0.05500000082 0.009999999776)
(0.06000000089 0.05500000082 0.009999999776)
(0.06500000097 0.05500000082 0.009999999776)
(0.07000000104 0.05500000082 0.009999999776)
(0.07500000112 0.05500000082 0.009999999776)
(0.08000000119 0.05500000082 0.009999999776)
(0.08500000127 0.05500000082 0.009999999776)
(0.09000000134 0.05500000082 0.009999999776)
(0.09500000142 0.05500000082 0.009999999776)
(0.1000000015 0.05500000082 0.009999999776)
(0 0.06000000089 0.009999999776)
(0.005000000075 0.06000000089 0.009999999776)
(0.01000000015 0.06000000089 0.009999999776)
(0.01500000022 0.06000000089 0.009999999776)
(0.0200000003 0.06000000089 0.009999999776)
(0.02500000037 0.06000000089 0.009999999776)
(0.03000000045 0.06000000089 0.009999999776)
(0.03500000052 0.06000000089 0.009999999776)
(0.0400000006 0.06000000089 0.009999999776)
(0.04500000067 0.06000000089 0.009999999776)
(0.05000000075 0.06000000089 0.009999999776)
(0.05500000082 0.06000000089 0.009999999776)
(0.06000000089 0.06000000089 0.009999999776)
(0.06500000097 0.06000000089 0.009999999776)
(0.07000000104 0.06000000089 0.009999999776)
(0.07500000112 0.06000000089 0.009999999776)
(0.08000000119 0.06000000089 0.009999999776)
(0.08500000127 0.06000000089 0.009999999776)
(0.09000000134 0.06000000089 0.009999999776)
(0.09500000142 0.06000000089 0.009999999776)
(0.1000000015 0.06000000089 0.009999999776)
(0 0.06500000097 0.009999999776)
(0.005000000075 0.06500000097 0.009999999776)
(0.01000000015 0.06500000097 0.009999999776)
(0.01500000022 0.06500000097 0.009999999776)
(0.0200000003 0.06500000097 0.009999999776)
(0.02500000037 0.06500000097 0.009999999776)
(0.03000000045 0.06500000097 0.009999999776)
(0.03500000052 0.06500000097 0.009999999776)
(0.0400000006 0.06500000097 0.009999999776)
(0.04500000067 0.06500000097 0.009999999776)
(0.05000000075 0.06500000097 0.009999999776)
(0.05500000082 0.06500000097 0.009999999776)
(0.06000000089 0.06500000097 0.009999999776)
(0.06500000097 0.06500000097 0.009999999776)
(0.07000000104 0.06500000097 0.009999999776)
(0.07500000112 0.06500000097 0.009999999776)
(0.08000000119 0.06500000097 0.009999999776)
(0.08500000127 0.06500000097 0.009999999776)
(0.09000000134 0.06500000097 0.009999999776)
(0.09500000142 0.06500000097 0.009999999776)
(0.1000000015 0.06500000097 0.009999999776)
(0 0.07000000104 0.009999999776)
(0.005000000075 0.07000000104 0.009999999776)
(0.01000000015 0.07000000104 0.009999999776)
(0.01500000022 0.07000000104 0.009999999776)
(0.0200000003 0.07000000104 0.009999999776)
(0.02500000037 0.07000000104 0.009999999776)
(0.03000000045 0.07000000104 0.009999999776)
(0.03500000052 0.07000000104 0.009999999776)
(0.0400000006 0.07000000104 0.009999999776)
(0.04500000067 0.07000000104 0.009999999776)
(0.05000000075 0.07000000104 0.009999999776)
(0.05500000082 0.07000000104 0.009999999776)
(0.06000000089 0.07000000104 0.009999999776)
(0.06500000097 0.07000000104 0.009999999776)
(0.07000000104 0.07000000104 0.009999999776)
(0.07500000112 0.07000000104 0.009999999776)
(0.08000000119 0.07000000104 0.009999999776)
(0.08500000127 0.07000000104 0.009999999776)
(0.09000000134 0.07000000104 0.009999999776)
(0.09500000142 0.07000000104 0.009999999776)
(0.1000000015 0.07000000104 0.009999999776)
(0 0.07500000112 0.009999999776)
(0.005000000075 0.07500000112 0.009999999776)
(0.01000000015 0.07500000112 0.009999999776)
(0.01500000022 0.07500000112 0.009999999776)
(0.0200000003 0.07500000112 0.009999999776)
(0.02500000037 0.07500000112 0.009999999776)
(0.03000000045 0.07500000112 0.009999999776)
(0.03500000052 0.07500000112 0.009999999776)
(0.0400000006 0.07500000112 0.009999999776)
(0.04500000067 0.07500000112 0.009999999776)
(0.05000000075 0.07500000112 0.009999999776)
(0.05500000082 0.07500000112 0.009999999776)
(0.06000000089 0.07500000112 0.009999999776)
(0.06500000097 0.07500000112 0.009999999776)
(0.07000000104 0.07500000112 0.009999999776)
(0.07500000112 0.07500000112 0.009999999776)
(0.08000000119 0.07500000112 0.009999999776)
(0.08500000127 0.07500000112 0.009999999776)
(0.09000000134 0.07500000112 0.009999999776)
(0.09500000142 0.07500000112 0.009999999776)
(0.1000000015 0.07500000112 0.009999999776)
(0 0.08000000119 0.009999999776)
(0.005000000075 0.08000000119 0.009999999776)
(0.01000000015 0.08000000119 0.009999999776)
(0.01500000022 0.08000000119 0.009999999776)
(0.0200000003 0.08000000119 0.009999999776)
(0.02500000037 0.08000000119 0.009999999776)
(0.03000000045 0.08000000119 0.009999999776)
(0.03500000052 0.08000000119 0.009999999776)
(0.0400000006 0.08000000119 0.009999999776)
(0.04500000067 0.08000000119 0.009999999776)
(0.05000000075 0.08000000119 0.009999999776)
(0.05500000082 0.08000000119 0.009999999776)
(0.06000000089 0.08000000119 0.009999999776)
(0.06500000097 0.08000000119 0.009999999776)
(0.07000000104 0.08000000119 0.009999999776)
(0.07500000112 0.08000000119 0.009999999776)
(0.08000000119 0.08000000119 0.009999999776)
(0.08500000127 0.08000000119 0.009999999776)
(0.09000000134 0.08000000119 0.009999999776)
(0.09500000142 0.08000000119 0.009999999776)
(0.1000000015 0.08000000119 0.009999999776)
(0 0.08500000127 0.009999999776)
(0.005000000075 0.08500000127 0.009999999776)
(0.01000000015 0.08500000127 0.009999999776)
(0.01500000022 0.08500000127 0.009999999776)
(0.0200000003 0.08500000127 0.009999999776)
(0.02500000037 0.08500000127 0.009999999776)
(0.03000000045 0.08500000127 0.009999999776)
(0.03500000052 0.08500000127 0.009999999776)
(0.0400000006 0.08500000127 0.009999999776)
(0.04500000067 0.08500000127 0.009999999776)
(0.05000000075 0.08500000127 0.009999999776)
(0.05500000082 0.08500000127 0.009999999776)
(0.06000000089 0.08500000127 0.009999999776)
(0.06500000097 0.08500000127 0.009999999776)
(0.07000000104 0.08500000127 0.009999999776)
(0.07500000112 0.08500000127 0.009999999776)
(0.08000000119 0.08500000127 0.009999999776)
(0.08500000127 0.08500000127 0.009999999776)
(0.09000000134 0.08500000127 0.009999999776)
(0.09500000142 0.08500000127 0.009999999776)
(0.1000000015 0.08500000127 0.009999999776)
(0 0.09000000134 0.009999999776)
(0.005000000075 0.09000000134 0.009999999776)
(0.01000000015 0.09000000134 0.009999999776)
(0.01500000022 0.09000000134 0.009999999776)
(0.0200000003 0.09000000134 0.009999999776)
(0.02500000037 0.09000000134 0.009999999776)
(0.03000000045 0.09000000134 0.009999999776)
(0.03500000052 0.09000000134 0.009999999776)
(0.0400000006 0.09000000134 0.009999999776)
(0.04500000067 0.09000000134 0.009999999776)
(0.05000000075 0.09000000134 0.009999999776)
(0.05500000082 0.09000000134 0.009999999776)
(0.06000000089 0.09000000134 0.009999999776)
(0.06500000097 0.09000000134 0.009999999776)
(0.07000000104 0.09000000134 0.009999999776)
(0.07500000112 0.09000000134 0.009999999776)
(0.08000000119 0.09000000134 0.009999999776)
(0.08500000127 0.09000000134 0.009999999776)
(0.09000000134 0.09000000134 0.009999999776)
(0.09500000142 0.09000000134 0.009999999776)
(0.1000000015 0.09000000134 0.009999999776)
(0 0.09500000142 0.009999999776)
(0.005000000075 0.09500000142 0.009999999776)
(0.01000000015 0.09500000142 0.009999999776)
(0.01500000022 0.09500000142 0.009999999776)
(0.0200000003 0.09500000142 0.009999999776)
(0.02500000037 0.09500000142 0.009999999776)
(0.03000000045 0.09500000142 0.009999999776)
(0.03500000052 0.09500000142 0.009999999776)
(0.0400000006 0.09500000142 0.009999999776)
(0.04500000067 0.09500000142 0.009999999776)
(0.05000000075 0.09500000142 0.009999999776)
(0.05500000082 0.09500000142 0.009999999776)
(0.06000000089 0.09500000142 0.009999999776)
(0.06500000097 0.09500000142 0.009999999776)
(0.07000000104 0.09500000142 0.009999999776)
(0.07500000112 0.09500000142 0.009999999776)
(0.08000000119 0.09500000142 0.009999999776)
(0.08500000127 0.09500000142 0.009999999776)
(0.09000000134 0.09500000142 0.009999999776)
(0.09500000142 0.09500000142 0.009999999776)
(0.1000000015 0.09500000142 0.009999999776)
(0 0.1000000015 0.009999999776)
(0.005000000075 0.1000000015 0.009999999776)
(0.01000000015 0.1000000015 0.009999999776)
(0.01500000022 0.1000000015 0.009999999776)
(0.0200000003 0.1000000015 0.009999999776)
(0.02500000037 0.1000000015 0.009999999776)
(0.03000000045 0.1000000015 0.009999999776)
(0.03500000052 0.1000000015 0.009999999776)
(0.0400000006 0.1000000015 0.009999999776)
(0.04500000067 0.1000000015 0.009999999776)
(0.05000000075 0.1000000015 0.009999999776)
(0.05500000082 0.1000000015 0.009999999776)
(0.06000000089 0.1000000015 0.009999999776)
(0.06500000097 0.1000000015 0.009999999776)
(0.07000000104 0.1000000015 0.009999999776)
(0.07500000112 0.1000000015 0.009999999776)
(0.08000000119 0.1000000015 0.009999999776)
(0.08500000127 0.1000000015 0.009999999776)
(0.09000000134 0.1000000015 0.009999999776)
(0.09500000142 0.1000000015 0.009999999776)
(0.1000000015 0.1000000015 0.009999999776)
)


// ************************************************************************* //
