/*--------------------------------*- C++ -*----------------------------------*\
  =========                 |
  \\      /  F ield         | OpenFOAM: The Open Source CFD Toolbox
   \\    /   O peration     | Website:  https://openfoam.org
    \\  /    A nd           | Version:  9
     \\/     M anipulation  |
\*---------------------------------------------------------------------------*/
FoamFile
{
    format      ascii;
    class       volScalarField;
    location    "6";
    object      p;
}
// * * * * * * * * * * * * * * * * * * * * * * * * * * * * * * * * * * * * * //

dimensions      [0 2 -2 0 0 0 0];

internalField   nonuniform List<scalar> 
8800
(
0.464022
0.416221
0.378201
0.350096
0.330078
0.315972
0.305995
0.299072
0.294633
0.292702
0.293585
0.297121
0.302991
0.311484
0.323447
0.340286
0.364091
0.397199
0.439295
0.496288
0.295813
0.303309
0.312439
0.316665
0.315613
0.310959
0.305013
0.299437
0.295
0.29215
0.291647
0.293852
0.297822
0.303095
0.309105
0.314771
0.317908
0.316538
0.309615
0.300074
0.271509
0.278173
0.283432
0.287626
0.290797
0.292348
0.292027
0.290569
0.288981
0.288174
0.288734
0.29038
0.292298
0.293525
0.293109
0.290737
0.287054
0.282372
0.276747
0.272957
0.269601
0.272381
0.276448
0.279835
0.282019
0.28337
0.284143
0.284333
0.28416
0.284075
0.284432
0.285033
0.285372
0.285113
0.284192
0.282588
0.279903
0.276025
0.272445
0.271275
0.270996
0.27174
0.273322
0.275136
0.27699
0.278657
0.279817
0.280473
0.280778
0.280979
0.281304
0.281581
0.281459
0.280803
0.279545
0.277863
0.276117
0.274379
0.273221
0.272943
0.269375
0.269656
0.270326
0.27114
0.271978
0.272847
0.27369
0.274431
0.274993
0.275429
0.275758
0.275829
0.275627
0.275139
0.274507
0.273749
0.273038
0.272305
0.271857
0.271754
0.266845
0.266987
0.26738
0.267947
0.268605
0.269331
0.270059
0.270748
0.271384
0.271954
0.272346
0.272491
0.272352
0.272002
0.271522
0.270986
0.270476
0.27004
0.269801
0.26975
0.263505
0.263565
0.263731
0.264007
0.264376
0.264845
0.265408
0.266041
0.266704
0.267358
0.267857
0.268089
0.268111
0.267985
0.267783
0.267565
0.267362
0.267194
0.267106
0.267082
0.259651
0.259699
0.259821
0.260022
0.260306
0.26069
0.261179
0.261778
0.262473
0.263232
0.263892
0.264309
0.264497
0.26454
0.264498
0.264419
0.264332
0.264256
0.264213
0.264198
0.255495
0.255524
0.255619
0.255779
0.256018
0.256361
0.256831
0.257451
0.258224
0.259132
0.259983
0.260582
0.260946
0.261149
0.261245
0.26128
0.261283
0.261273
0.261264
0.261255
0.251078
0.251103
0.251184
0.25133
0.25156
0.251905
0.2524
0.253082
0.253979
0.255087
0.256183
0.257009
0.257561
0.257916
0.258131
0.258254
0.25832
0.258351
0.258362
0.258356
0.246379
0.2464
0.246485
0.246638
0.246886
0.247267
0.247831
0.248629
0.249707
0.25108
0.252479
0.253572
0.25434
0.254851
0.25518
0.255383
0.255503
0.255567
0.255594
0.25559
0.241371
0.241392
0.241486
0.24166
0.241948
0.242398
0.243072
0.244041
0.245371
0.247092
0.248876
0.250297
0.251306
0.251995
0.252447
0.252732
0.252904
0.252999
0.25304
0.253036
0.235985
0.23601
0.236122
0.236333
0.236684
0.237236
0.238068
0.239273
0.240937
0.243107
0.245375
0.247194
0.2485
0.249397
0.24999
0.250368
0.250597
0.250726
0.250782
0.250778
0.230135
0.230165
0.230305
0.230569
0.231009
0.231701
0.232748
0.234266
0.236368
0.239116
0.241994
0.244311
0.245979
0.247127
0.247888
0.248375
0.248672
0.248839
0.248911
0.248908
0.223702
0.22374
0.223918
0.224254
0.224813
0.225694
0.227024
0.228953
0.231624
0.235111
0.238761
0.241697
0.243812
0.24527
0.246237
0.246856
0.247233
0.247447
0.247539
0.247534
0.216521
0.216571
0.2168
0.217232
0.217951
0.219081
0.220785
0.22325
0.226654
0.231084
0.235708
0.23942
0.242091
0.243931
0.245152
0.245933
0.24641
0.246679
0.246795
0.24679
0.208375
0.20844
0.208739
0.209301
0.210232
0.211693
0.21389
0.217055
0.221405
0.227037
0.232887
0.237567
0.240927
0.24324
0.244774
0.245756
0.246356
0.246695
0.246841
0.246833
0.198969
0.199056
0.19945
0.200187
0.201405
0.203309
0.206158
0.21024
0.215812
0.222976
0.230363
0.236247
0.240463
0.243361
0.245284
0.246513
0.247264
0.247689
0.247871
0.247861
0.187899
0.188018
0.188543
0.189523
0.191135
0.193641
0.197364
0.202654
0.209809
0.218913
0.228219
0.23559
0.240861
0.244485
0.246889
0.248428
0.249368
0.249899
0.250126
0.250112
0.174609
0.174777
0.175487
0.176811
0.178976
0.182317
0.187228
0.194126
0.203332
0.214884
0.226561
0.235755
0.24232
0.246837
0.249841
0.251767
0.252944
0.253609
0.253893
0.253876
0.158301
0.158542
0.159524
0.161358
0.164335
0.168868
0.175428
0.184483
0.196344
0.210957
0.225522
0.236921
0.245063
0.250684
0.25444
0.256857
0.258337
0.25917
0.259524
0.259504
0.137761
0.138113
0.139527
0.142177
0.146411
0.152708
0.161606
0.173582
0.18886
0.207241
0.22526
0.239277
0.249315
0.2563
0.261012
0.264071
0.265952
0.267006
0.26745
0.267426
0.111029
0.111557
0.113755
0.117838
0.124131
0.133139
0.145421
0.16135
0.180971
0.20389
0.225932
0.242984
0.255267
0.263929
0.26988
0.273822
0.276286
0.277673
0.278249
0.278213
0.0747069
0.0756447
0.0795427
0.0864
0.0962346
0.109531
0.126712
0.147895
0.172878
0.201092
0.227668
0.248126
0.262995
0.273694
0.281268
0.286484
0.289899
0.291906
0.292757
0.292697
0.022122
0.0248714
0.0332505
0.0458317
0.0619317
0.081924
0.105907
0.13372
0.164997
0.199106
0.23057
0.254686
0.272407
0.285478
0.295104
0.302125
0.307129
0.310396
0.311994
0.311942
-0.0580329
-0.0447289
-0.0254428
-0.00259037
0.023061
0.0519813
0.0841851
0.119532
0.157705
0.198174
0.234925
0.263108
0.284154
0.300163
0.312551
0.322286
0.330023
0.336029
0.340101
0.341092
-0.142554
-0.115145
-0.08406
-0.0508178
-0.015455
0.0222848
0.0625821
0.105437
0.150693
0.198042
0.24094
0.274134
0.299373
0.319104
0.334925
0.347939
0.358845
0.368385
0.37674
0.378221
-0.205049
-0.174749
-0.135862
-0.0944341
-0.050883
-0.00524526
0.0424887
0.0923115
0.144166
0.197878
0.246283
0.283655
0.31206
0.334241
0.351932
0.366288
0.378099
0.387875
0.395081
0.396573
-0.252802
-0.220445
-0.177239
-0.130528
-0.0812315
-0.0295995
0.0241573
0.0798905
0.137471
0.196728
0.249842
0.290606
0.321298
0.344928
0.363448
0.378192
0.390115
0.399841
0.407109
0.408696
-0.289029
-0.256219
-0.210188
-0.15992
-0.106631
-0.0506094
0.00781558
0.0683691
0.130841
0.195011
0.252342
0.296043
0.328598
0.353345
0.372465
0.387465
0.399404
0.408974
0.415989
0.417588
-0.318028
-0.285093
-0.237368
-0.184543
-0.128218
-0.0687986
-0.00668074
0.057785
0.124343
0.192769
0.25391
0.300346
0.334668
0.360464
0.380145
0.395381
0.407361
0.416851
0.423716
0.425318
-0.342242
-0.309206
-0.260332
-0.205715
-0.147133
-0.085073
-0.0200483
0.0475576
0.11754
0.189782
0.254607
0.303854
0.34006
0.367021
0.387358
0.402913
0.414998
0.424445
0.431182
0.432791
-0.363376
-0.330097
-0.280258
-0.224264
-0.163964
-0.0999053
-0.0326228
0.0374806
0.110308
0.185988
0.254494
0.306805
0.345179
0.373543
0.394714
0.410706
0.422981
0.432447
0.439108
0.440724
-0.382158
-0.348587
-0.298008
-0.240878
-0.179213
-0.113607
-0.0446311
0.0273504
0.10244
0.181205
0.253504
0.309288
0.35028
0.380411
0.402667
0.41927
0.431827
0.441386
0.447985
0.449591
-0.399329
-0.365355
-0.31403
-0.25598
-0.193239
-0.126475
-0.0562866
0.0169995
0.0937666
0.175235
0.251487
0.311299
0.355511
0.387895
0.411584
0.429014
0.441985
0.451709
0.458296
0.459893
-0.414933
-0.380562
-0.328648
-0.269808
-0.206215
-0.138623
-0.0676791
0.00634268
0.0841504
0.167868
0.248212
0.312736
0.360933
0.396202
0.421765
0.440311
0.453872
0.463814
0.470429
0.472104
-0.429384
-0.3946
-0.342004
-0.282496
-0.218262
-0.150118
-0.0788342
-0.00465454
0.0734967
0.158873
0.243398
0.313393
0.366516
0.405462
0.43347
0.453488
0.46786
0.478198
0.484713
0.486538
-0.442698
-0.407632
-0.354308
-0.294172
-0.229433
-0.160981
-0.0897249
-0.0159531
0.0617683
0.14805
0.236701
0.313004
0.372158
0.415749
0.446891
0.468832
0.484255
0.495074
0.501743
0.503502
-0.454983
-0.419289
-0.365637
-0.304922
-0.239752
-0.171189
-0.100289
-0.0274782
0.04898
0.135223
0.227757
0.311225
0.377668
0.427065
0.462199
0.486594
0.503375
0.514826
0.521666
0.523396
-0.466343
-0.430269
-0.375948
-0.31474
-0.249238
-0.180702
-0.110447
-0.0391028
0.03522
0.120272
0.216188
0.307642
0.382795
0.439348
0.479444
0.506913
0.525453
0.537765
0.544844
0.546381
-0.476939
-0.440314
-0.385376
-0.323665
-0.25788
-0.189483
-0.12009
-0.0506882
0.0206224
0.103143
0.20162
0.301814
0.387243
0.452387
0.498583
0.529872
0.550587
0.563994
0.571385
0.57261
-0.486674
-0.449469
-0.393933
-0.331733
-0.265694
-0.197495
-0.129123
-0.0620497
0.00536632
0.0838559
0.183691
0.293256
0.390616
0.465946
0.519321
0.555279
0.578614
0.593235
0.600883
0.601748
-0.49561
-0.457834
-0.401682
-0.338985
-0.272697
-0.204722
-0.137459
-0.0730188
-0.010322
0.0624936
0.162107
0.281498
0.392654
0.479498
0.541146
0.582958
0.609725
0.625581
0.633008
0.633175
-0.503934
-0.465466
-0.408691
-0.345476
-0.27892
-0.211158
-0.145028
-0.0834267
-0.0261718
0.0392101
0.13659
0.266006
0.392801
0.492672
0.563625
0.612175
0.643811
0.661265
0.666861
0.66544
-0.5116
-0.472453
-0.414984
-0.351243
-0.284407
-0.216809
-0.151778
-0.0931159
-0.0419141
0.0142524
0.106854
0.246307
0.390738
0.505232
0.585725
0.641294
0.67973
0.701776
0.703745
0.696533
-0.518818
-0.478866
-0.420618
-0.356357
-0.289233
-0.221734
-0.157737
-0.102068
-0.057509
-0.0125411
0.0721583
0.221149
0.386295
0.517504
0.605805
0.667039
0.71305
0.747515
0.754077
0.733624
-0.525598
-0.484694
-0.425653
-0.360957
-0.293554
-0.226077
-0.163054
-0.110466
-0.0733198
-0.0424512
0.0298238
0.18688
0.378211
0.529748
0.622458
0.683537
0.729827
0.760661
0.760606
0.731404
-0.531792
-0.489796
-0.42998
-0.365039
-0.29729
-0.229732
-0.167638
-0.118008
-0.0887832
-0.0749088
-0.0206574
0.141047
0.366441
0.544972
0.632457
0.675164
0.704835
0.707194
0.638126
0.590471
-0.536941
-0.493808
-0.433208
-0.368158
-0.30002
-0.23244
-0.171355
-0.124457
-0.103474
-0.10972
-0.0816839
0.0806583
0.348542
0.559248
0.63545
0.63886
0.643439
0.590336
0.500578
0.442574
-0.588042
-0.494538
-0.436346
-0.371067
-0.302724
-0.235076
-0.174023
-0.129262
-0.11663
-0.147216
-0.156717
0.000714916
0.314799
0.573611
0.636113
0.593907
0.531723
0.437695
0.327977
0.268309
-0.512881
-0.495801
-0.440628
-0.374902
-0.305984
-0.237551
-0.17729
-0.135972
-0.135676
-0.20789
-0.305415
-0.199657
0.212747
0.544616
0.594191
0.393383
0.207044
0.0863971
-0.0251541
0.0372272
-0.539274
-0.502572
-0.444892
-0.378788
-0.309042
-0.239822
-0.178677
-0.138441
-0.145085
-0.245916
-0.426905
-0.425306
0.021774
0.428998
0.398419
0.140292
-0.0825354
-0.232541
-0.381321
-0.269033
-0.553402
-0.511962
-0.451063
-0.383647
-0.312584
-0.24216
-0.179755
-0.139653
-0.15158
-0.28438
-0.587902
-0.765907
-0.264799
0.158316
0.0926354
-0.201202
-0.43117
-0.613171
-0.830216
-0.674888
-0.56595
-0.520799
-0.457413
-0.388059
-0.315402
-0.243507
-0.179737
-0.139155
-0.155034
-0.317962
-0.785041
-1.24484
-0.678248
-0.234463
-0.324547
-0.598033
-0.861267
-1.09116
-1.39647
-1.29263
-0.576326
-0.528977
-0.463614
-0.392311
-0.317892
-0.244215
-0.178643
-0.136483
-0.15409
-0.340242
-0.978
-1.77967
-1.21366
-0.691653
-0.762948
-0.989713
-1.30021
-1.61073
-2.04531
-2.31801
-0.585417
-0.536893
-0.469945
-0.396795
-0.320435
-0.244661
-0.176668
-0.13176
-0.14809
-0.349281
-1.13205
-2.19137
-1.65545
-1.12943
-1.14216
-1.31252
-1.60861
-1.94358
-2.15777
-2.62827
-0.594543
-0.544983
-0.476644
-0.401676
-0.323227
-0.245033
-0.173962
-0.125061
-0.136422
-0.345343
-1.2196
-2.40291
-1.92297
-1.47883
-1.45992
-1.57237
-1.69584
-1.90276
-2.05117
-2.09706
-0.604086
-0.553578
-0.483857
-0.407038
-0.326387
-0.245417
-0.170712
-0.116328
-0.118649
-0.316944
-1.18737
-2.34566
-1.95467
-1.64239
-1.69396
-1.84774
-1.72594
-1.67287
-1.82789
-1.8584
-0.614549
-0.563008
-0.491786
-0.413052
-0.330026
-0.246005
-0.167102
-0.10584
-0.0948534
-0.256971
-1.009
-1.97087
-1.71182
-1.65696
-1.88931
-2.24548
-2.0605
-1.73101
-1.87484
-2.00242
-0.626569
-0.57367
-0.500773
-0.41999
-0.334419
-0.247106
-0.163463
-0.0942845
-0.0664962
-0.175317
-0.712153
-1.35636
-1.26953
-1.45548
-2.01501
-2.95147
-3.51691
-3.3126
-2.96617
-2.84703
-0.640426
-0.585962
-0.511182
-0.42818
-0.339911
-0.249079
-0.160414
-0.0826581
-0.0356161
-0.0816642
-0.374078
-0.701935
-0.755565
-1.09596
-1.93423
-3.37817
-4.6481
-4.46868
-3.88204
-3.56715
-0.656432
-0.600229
-0.523369
-0.437963
-0.346827
-0.25239
-0.158431
-0.0716449
-0.00512189
0.00962507
-0.075889
-0.153439
-0.249537
-0.582905
-1.29362
-2.32405
-3.14117
-3.10995
-2.7364
-2.52036
-0.674893
-0.616866
-0.537645
-0.449627
-0.355474
-0.257253
-0.157991
-0.0625889
0.0223863
0.0875909
0.135096
0.192482
0.158083
-0.00130622
-0.287681
-0.609421
-0.844891
-0.860903
-0.776621
-0.736805
-0.696088
-0.636054
-0.554185
-0.46333
-0.366062
-0.264119
-0.159704
-0.0556758
0.0456132
0.147283
0.26367
0.383707
0.427642
0.414709
0.36181
0.322835
0.33983
0.382649
0.404402
0.408926
-0.719859
-0.657788
-0.572957
-0.479145
-0.378617
-0.272758
-0.163277
-0.0514036
0.0632795
0.189932
0.338913
0.486058
0.582623
0.648954
0.702855
0.759672
0.820539
0.868622
0.891121
0.894436
-0.745326
-0.681298
-0.593538
-0.496553
-0.392676
-0.283074
-0.168865
-0.0500523
0.0753058
0.218688
0.383611
0.542561
0.665553
0.7643
0.848046
0.922287
0.986836
1.03465
1.05971
1.06464
-0.771755
-0.706036
-0.615097
-0.514954
-0.407752
-0.294484
-0.175852
-0.0513968
0.0820074
0.236266
0.408171
0.569156
0.700036
0.805405
0.89198
0.964183
1.02308
1.06722
1.09298
1.09863
-0.797108
-0.729731
-0.636367
-0.532943
-0.422524
-0.305952
-0.183618
-0.0547128
0.0848513
0.245132
0.418462
0.575598
0.704334
0.807064
0.888977
0.954571
1.00719
1.04701
1.0732
1.07883
-0.81807
-0.750139
-0.654777
-0.548654
-0.435486
-0.316197
-0.190981
-0.0586596
0.084838
0.247851
0.418917
0.569212
0.691622
0.788833
0.865567
0.92634
0.974547
1.01199
1.03493
1.04144
-0.831862
-0.764397
-0.667615
-0.559382
-0.444399
-0.323342
-0.196268
-0.0620149
0.0829938
0.246174
0.411937
0.554565
0.669644
0.76098
0.833251
0.890533
0.936049
0.971649
0.993662
1.00032
-0.83445
-0.767979
-0.671448
-0.562311
-0.446519
-0.32512
-0.197893
-0.0637834
0.0803123
0.239946
0.398765
0.533303
0.640824
0.726597
0.794846
0.849199
0.892606
0.926559
0.948069
0.954934
-0.819093
-0.755771
-0.661434
-0.553217
-0.439043
-0.319565
-0.19451
-0.0631063
0.0771052
0.230423
0.38001
0.505586
0.605351
0.685441
0.749755
0.801382
0.842975
0.875423
0.896763
0.903942
-0.778074
-0.720234
-0.631676
-0.527716
-0.418193
-0.303992
-0.184752
-0.0596306
0.073397
0.217352
0.355586
0.470802
0.561974
0.635599
0.69543
0.744015
0.783423
0.814727
0.835686
0.843291
-0.706698
-0.658313
-0.575938
-0.481214
-0.381179
-0.276639
-0.167282
-0.0523125
0.0697251
0.20091
0.325737
0.428041
0.508927
0.574206
0.627706
0.671849
0.707811
0.736556
0.757367
0.764895
-0.596228
-0.560649
-0.491141
-0.411008
-0.3261
-0.236281
-0.141129
-0.0402137
0.0672885
0.182415
0.290713
0.37783
0.4457
0.499423
0.542634
0.578219
0.607692
0.630889
0.646531
0.651473
-0.430354
-0.412809
-0.369478
-0.314235
-0.25248
-0.183419
-0.107288
-0.0236511
0.0677241
0.167013
0.260642
0.335197
0.392246
0.436328
0.470453
0.496479
0.516207
0.53209
0.544193
0.547648
-0.260732
-0.255334
-0.235545
-0.206706
-0.169389
-0.123207
-0.0677485
-0.00289469
0.0713195
0.154428
0.23381
0.296787
0.344135
0.37929
0.405014
0.423769
0.437299
0.446092
0.45088
0.451948
-0.134251
-0.132442
-0.125143
-0.112082
-0.0924112
-0.0646077
-0.0272354
0.0203863
0.0783088
0.145797
0.211464
0.263413
0.301745
0.329499
0.34913
0.362261
0.370372
0.375133
0.377551
0.377894
-0.0513484
-0.0518994
-0.0508602
-0.0456105
-0.0348895
-0.0176514
0.00744703
0.0417348
0.0858507
0.139367
0.192611
0.234825
0.265551
0.287078
0.301483
0.310777
0.316485
0.31952
0.320595
0.320638
-0.00270023
-0.00338861
-0.00374222
-0.00179041
0.00405102
0.0151494
0.032758
0.0579743
0.0916075
0.1336
0.176049
0.209751
0.234061
0.250937
0.262211
0.269285
0.273283
0.275209
0.275859
0.275886
0.0265351
0.0262484
0.0262149
0.02764
0.0314968
0.038891
0.0511921
0.0696991
0.0952984
0.128085
0.16173
0.18854
0.207807
0.221009
0.229588
0.234855
0.23786
0.23935
0.239888
0.239931
0.0457434
0.0456337
0.04572
0.0468183
0.0496643
0.0551063
0.064157
0.077927
0.0973775
0.122815
0.149254
0.17038
0.185485
0.195764
0.202439
0.206537
0.208849
0.209976
0.210383
0.210418
0.0581605
0.0581453
0.0583308
0.0592461
0.0614022
0.0654551
0.0722386
0.0826735
0.0975763
0.117299
0.137995
0.154588
0.166448
0.174503
0.179707
0.182882
0.184677
0.185554
0.18588
0.185908
0.0659475
0.0659748
0.0662025
0.0669846
0.0686926
0.0718123
0.0769756
0.084926
0.0963682
0.111659
0.127818
0.140807
0.150087
0.156374
0.160429
0.162903
0.164299
0.164986
0.165238
0.165258
0.0703831
0.0704207
0.07064
0.0712871
0.0726349
0.0750536
0.0790297
0.0851433
0.0939678
0.105823
0.118414
0.128561
0.13581
0.140719
0.143882
0.14581
0.146897
0.14743
0.147624
0.147637
0.0723049
0.072342
0.0725334
0.0730577
0.0741217
0.076004
0.0790781
0.083798
0.0906188
0.0998156
0.109621
0.117534
0.123191
0.12702
0.129484
0.130983
0.131824
0.132236
0.132384
0.132393
0.0722987
0.0723311
0.0724895
0.0729079
0.0737426
0.0752089
0.0775935
0.0812471
0.0865304
0.0936673
0.101294
0.107459
0.111866
0.114847
0.116764
0.11793
0.118583
0.1189
0.119012
0.119018
0.0708009
0.0708273
0.0709539
0.0712833
0.0719359
0.0730769
0.0749274
0.0777599
0.0818559
0.0873968
0.0933283
0.0981267
0.101556
0.103875
0.105364
0.106268
0.106772
0.107016
0.107102
0.107105
0.0681434
0.0681648
0.0682654
0.0685237
0.0690322
0.069919
0.0713556
0.0735528
0.0767294
0.0810295
0.0856366
0.0893658
0.0920327
0.0938363
0.0949947
0.0956959
0.0960856
0.0962713
0.096335
0.0963371
0.0645879
0.0646046
0.0646828
0.0648837
0.0652795
0.0659689
0.0670835
0.0687866
0.0712493
0.0745861
0.0781646
0.0810627
0.0831346
0.084533
0.085429
0.0859704
0.0862713
0.0864151
0.0864645
0.0864657
0.0603331
0.0603461
0.0604073
0.0605635
0.0608704
0.0614044
0.0622679
0.063588
0.0654976
0.0680848
0.0708594
0.0731057
0.0747108
0.0757945
0.0764888
0.0769079
0.0771399
0.0772502
0.0772867
0.0772873
0.0555381
0.0555479
0.0555948
0.0557153
0.0559523
0.0563654
0.0570335
0.058055
0.059532
0.0615331
0.0636815
0.0654205
0.0666622
0.0675009
0.0680387
0.0683626
0.0685403
0.0686235
0.0686509
0.068651
0.0503231
0.0503305
0.0503663
0.0504588
0.0506418
0.0509603
0.0514755
0.0522634
0.0534036
0.0549492
0.0566089
0.057953
0.0589125
0.0595594
0.0599712
0.0602177
0.0603535
0.0604168
0.0604375
0.0604372
0.0447852
0.0447908
0.0448178
0.044888
0.0450272
0.045271
0.0456665
0.0462713
0.0471473
0.0483355
0.0496097
0.0506418
0.0513791
0.0518747
0.0521903
0.0523802
0.0524841
0.0525321
0.0525474
0.052547
0.0389967
0.0390008
0.0390209
0.0390738
0.0391791
0.0393647
0.0396669
0.0401294
0.0407981
0.0417045
0.042677
0.0434631
0.0440219
0.0443973
0.0446372
0.0447811
0.0448603
0.0448974
0.0449091
0.0449088
0.0330173
0.0330201
0.0330351
0.0330754
0.0331549
0.0332939
0.0335203
0.0338672
0.0343702
0.0350525
0.035784
0.0363757
0.0367981
0.0370819
0.0372629
0.0373702
0.0374276
0.0374537
0.0374589
0.0374586
0.0268948
0.0268965
0.0269067
0.026935
0.0269926
0.0270952
0.0272618
0.0275168
0.0278866
0.0283896
0.0289305
0.0293678
0.0296789
0.029886
0.0300157
0.0300928
0.0301341
0.0301516
0.0301547
0.0301548
0.020665
0.0206657
0.0206715
0.0206903
0.0207309
0.0208033
0.0209209
0.0211019
0.0213645
0.0217209
0.0221026
0.0224099
0.0226273
0.022773
0.0228642
0.0229166
0.0229433
0.0229537
0.022956
0.0229562
0.0143577
0.0143581
0.014362
0.0143747
0.0144015
0.014448
0.0145236
0.0146407
0.0148114
0.0150431
0.0152923
0.0154931
0.0156365
0.0157319
0.0157905
0.0158224
0.0158379
0.0158426
0.015842
0.0158419
0.00799603
0.00799606
0.00799872
0.00800579
0.00801899
0.0080432
0.00808392
0.00814645
0.00823645
0.00835882
0.00849458
0.00860093
0.00867583
0.0087249
0.00875601
0.00877425
0.00878146
0.00878066
0.00877804
0.00877804
0.0016023
0.00160099
0.00159686
0.00159426
0.00159484
0.00159868
0.00160546
0.00161606
0.00163254
0.00165598
0.00168482
0.00171213
0.00173117
0.00174443
0.00175334
0.00175801
0.00175999
0.00176081
0.00176015
0.00175905
-0.94315
-0.605848
-0.268334
-0.00373801
0.203834
0.370405
0.513186
0.637181
0.696607
0.672049
-0.367522
-0.163953
0.034728
0.202675
0.343412
0.461118
0.557841
0.627375
0.661299
0.663923
-0.0121356
0.113914
0.239114
0.349456
0.444308
0.523722
0.586716
0.630321
0.657054
0.666836
0.214308
0.295827
0.378847
0.454065
0.520139
0.575741
0.6195
0.65082
0.672401
0.683987
0.371646
0.42635
0.485657
0.540913
0.588709
0.628693
0.660484
0.684897
0.70308
0.715913
0.489
0.529605
0.574703
0.616126
0.65284
0.684604
0.711456
0.733143
0.748712
0.762844
0.584566
0.616976
0.655198
0.690554
0.723367
0.752568
0.777185
0.796837
0.810106
0.825486
0.672575
0.705004
0.741949
0.776868
0.808393
0.835943
0.859143
0.877264
0.88888
0.905193
0.767793
0.804092
0.843365
0.878441
0.909629
0.93647
0.95857
0.975258
0.986036
1.00318
0.884069
0.923978
0.963899
0.999256
1.02905
1.05413
1.07447
1.09003
1.10108
1.11923
1.03
1.07025
1.1064
1.1375
1.16352
1.18579
1.20499
1.2205
1.23303
1.2511
1.20542
1.23799
1.26416
1.28676
1.30705
1.32593
1.34365
1.36035
1.37623
1.39441
1.39362
1.41157
1.42735
1.44396
1.46015
1.47482
1.48793
1.50196
1.51919
1.53882
1.57582
1.58665
1.59891
1.60988
1.61929
1.62888
1.6397
1.65131
1.66131
1.67651
1.78648
1.78849
1.77345
1.7585
1.75228
1.75794
1.77664
1.80705
1.83911
1.86981
2.09297
1.95606
1.87965
1.83711
1.81953
1.82379
1.85099
1.90719
2.0109
2.22627
0.359983
0.35677
0.351261
0.342062
0.329738
0.318035
0.308445
0.301159
0.29599
0.292922
0.292405
0.294655
0.299067
0.305474
0.314035
0.324859
0.337236
0.34855
0.355435
0.359853
0.276972
0.283045
0.290888
0.297066
0.300867
0.301529
0.299592
0.296312
0.293061
0.290776
0.290394
0.292266
0.295422
0.299024
0.30194
0.30278
0.300579
0.295495
0.288568
0.280817
0.269671
0.271834
0.276387
0.280518
0.283416
0.285446
0.286539
0.286736
0.286263
0.285762
0.285813
0.286492
0.287386
0.287838
0.2874
0.28594
0.283566
0.280128
0.275561
0.271949
0.270506
0.271083
0.273436
0.27649
0.279093
0.280945
0.282149
0.28278
0.282955
0.282919
0.283092
0.283583
0.283924
0.283783
0.283018
0.281681
0.279526
0.276737
0.273866
0.272415
0.270454
0.270608
0.2712
0.272192
0.273266
0.274546
0.275791
0.276762
0.277409
0.277828
0.278165
0.278386
0.278332
0.277872
0.276977
0.275815
0.274747
0.273774
0.272958
0.272629
0.268184
0.268256
0.268658
0.269352
0.270116
0.270898
0.271649
0.272354
0.272983
0.273515
0.273938
0.2742
0.274181
0.273912
0.27347
0.272899
0.272243
0.271574
0.271043
0.270847
0.26527
0.265298
0.26545
0.265765
0.266192
0.266732
0.267362
0.26804
0.268718
0.269366
0.269919
0.270222
0.270252
0.270073
0.269764
0.269398
0.269056
0.268756
0.268554
0.268484
0.261622
0.261642
0.261733
0.26192
0.262194
0.26256
0.263022
0.263581
0.264219
0.26491
0.265568
0.266031
0.266242
0.266268
0.266191
0.266064
0.265922
0.265789
0.265695
0.265659
0.257605
0.257617
0.257688
0.25783
0.258044
0.25835
0.258765
0.259305
0.259974
0.260762
0.26158
0.262218
0.262598
0.262785
0.262853
0.262853
0.262822
0.262781
0.262749
0.262734
0.253319
0.253326
0.253381
0.253499
0.253686
0.253967
0.254371
0.254928
0.255663
0.256582
0.257599
0.258455
0.259033
0.259392
0.259602
0.259717
0.259773
0.259795
0.259801
0.259799
0.248765
0.248768
0.248822
0.248934
0.249122
0.249414
0.24985
0.250474
0.251327
0.252437
0.253713
0.254837
0.255629
0.256168
0.256512
0.256724
0.256849
0.256917
0.256949
0.256956
0.243917
0.243918
0.243973
0.244096
0.244305
0.244638
0.245143
0.24588
0.24691
0.248277
0.249887
0.251341
0.252399
0.253127
0.25361
0.253919
0.254109
0.254218
0.254273
0.254287
0.23873
0.23873
0.238794
0.238937
0.239184
0.239583
0.240195
0.241097
0.242371
0.244081
0.246118
0.247978
0.249347
0.250305
0.250948
0.251364
0.251622
0.251774
0.251851
0.251872
0.233125
0.233123
0.233202
0.233378
0.233684
0.234179
0.234941
0.236069
0.237668
0.239824
0.242404
0.244774
0.246527
0.247758
0.248588
0.249129
0.249467
0.249666
0.249769
0.249797
0.227001
0.226999
0.227098
0.22732
0.227707
0.228331
0.229295
0.230723
0.232748
0.23548
0.238754
0.241761
0.243989
0.245557
0.246616
0.247306
0.247738
0.247993
0.248126
0.248162
0.220217
0.220215
0.220342
0.220626
0.221121
0.22192
0.223151
0.224972
0.227552
0.231025
0.235178
0.238987
0.241806
0.243789
0.245129
0.246004
0.246551
0.246875
0.247042
0.247087
0.212586
0.212583
0.212748
0.213117
0.213756
0.214786
0.21637
0.218706
0.222005
0.226429
0.231696
0.23651
0.240066
0.242564
0.244253
0.245353
0.246042
0.24645
0.246662
0.246719
0.203854
0.20385
0.204068
0.20455
0.205384
0.206723
0.208774
0.211787
0.216021
0.221664
0.228341
0.234413
0.238883
0.24202
0.244138
0.245519
0.246384
0.246896
0.247162
0.247232
0.193677
0.193674
0.193965
0.194604
0.195704
0.197461
0.200138
0.204046
0.209498
0.216704
0.225157
0.232794
0.238397
0.242324
0.244975
0.246703
0.247784
0.248426
0.248757
0.248845
0.181578
0.181577
0.181974
0.182838
0.184309
0.186639
0.190167
0.195274
0.202321
0.211527
0.222204
0.231774
0.23877
0.243669
0.246979
0.249139
0.250493
0.251298
0.251714
0.251823
0.166873
0.166877
0.167439
0.168635
0.170639
0.17378
0.17849
0.185221
0.194372
0.206132
0.219568
0.231497
0.240192
0.246285
0.250412
0.253113
0.254814
0.25583
0.256358
0.256494
0.148558
0.14858
0.149414
0.151124
0.153916
0.158243
0.164641
0.173614
0.185548
0.200544
0.217357
0.232122
0.242863
0.250418
0.255566
0.258957
0.261109
0.262409
0.263095
0.263271
0.125101
0.125182
0.126499
0.129041
0.133071
0.139227
0.148121
0.160226
0.175823
0.194859
0.215714
0.233814
0.246976
0.256305
0.262738
0.267033
0.269798
0.271501
0.272424
0.272668
0.0939535
0.094205
0.0964606
0.100487
0.10669
0.115874
0.128553
0.145016
0.165347
0.189288
0.214835
0.236732
0.25268
0.264126
0.272182
0.277698
0.281343
0.283651
0.284946
0.285308
0.0503419
0.0510562
0.0555233
0.0627438
0.0731954
0.0875367
0.105881
0.128247
0.154484
0.184154
0.214934
0.240985
0.260019
0.27391
0.283975
0.291153
0.296143
0.29948
0.30147
0.302008
-0.0141812
-0.0116725
-0.00122559
0.0132575
0.0318406
0.0543794
0.0806457
0.110518
0.143715
0.179754
0.216104
0.24649
0.268777
0.28534
0.297749
0.307068
0.314032
0.319203
0.322641
0.32327
-0.0928813
-0.0871931
-0.0674415
-0.0411494
-0.0120942
0.0198047
0.0546313
0.0923819
0.132895
0.175848
0.218608
0.254385
0.281038
0.301422
0.31734
0.32999
0.34021
0.348563
0.353633
0.35574
-0.171663
-0.158508
-0.12874
-0.0925104
-0.053855
-0.0130059
0.0300294
0.0753286
0.122891
0.172568
0.221667
0.262764
0.293553
0.317343
0.336206
0.351449
0.363898
0.374128
0.381449
0.385293
-0.227005
-0.213012
-0.178439
-0.135889
-0.0903646
-0.0425556
0.00738659
0.0593577
0.113279
0.169026
0.223708
0.269224
0.303157
0.329179
0.349543
0.365697
0.378602
0.388955
0.39631
0.399908
-0.269304
-0.25511
-0.217158
-0.17056
-0.120513
-0.0677249
-0.0125767
0.0446955
0.103913
0.164915
0.224532
0.273906
0.310386
0.338005
0.359309
0.375972
0.389108
0.399494
0.406922
0.410535
-0.301919
-0.287948
-0.24834
-0.198952
-0.145617
-0.0891919
-0.0300282
0.0315266
0.0951766
0.160716
0.224695
0.277498
0.316223
0.345226
0.367317
0.384367
0.39765
0.40803
0.415491
0.419097
-0.328671
-0.314842
-0.274119
-0.222857
-0.16712
-0.107849
-0.0455302
0.0194059
0.086667
0.15607
0.224011
0.280122
0.321091
0.351512
0.374425
0.391907
0.405376
0.4158
0.423336
0.426943
-0.351499
-0.337706
-0.296092
-0.243446
-0.185945
-0.124555
-0.0597964
0.00784098
0.0780648
0.150822
0.222499
0.281997
0.325408
0.357443
0.381334
0.399355
0.413095
0.423613
0.431239
0.434837
-0.371586
-0.357809
-0.315363
-0.2616
-0.202708
-0.13967
-0.0730518
-0.00335422
0.0692059
0.144816
0.220075
0.28319
0.329419
0.363404
0.388529
0.407272
0.421391
0.432087
0.439783
0.443424
-0.389633
-0.375789
-0.332747
-0.277958
-0.21794
-0.153608
-0.0855971
-0.0143974
0.0598962
0.137862
0.216569
0.283665
0.333243
0.36966
0.39638
0.416081
0.430724
0.441673
0.449477
0.453142
-0.406136
-0.392117
-0.348497
-0.29284
-0.231898
-0.166594
-0.0975912
-0.0254139
0.0500005
0.129762
0.211771
0.283294
0.336901
0.376388
0.405175
0.42615
0.441512
0.452818
0.460806
0.464502
-0.421289
-0.407109
-0.362776
-0.306492
-0.244763
-0.178737
-0.109109
-0.0364521
0.0394509
0.120358
0.205415
0.281857
0.340336
0.383681
0.415146
0.437797
0.454133
0.465937
0.474115
0.477837
-0.435309
-0.420932
-0.375882
-0.318965
-0.256643
-0.190102
-0.120177
-0.0475152
0.0282217
0.109517
0.197222
0.279055
0.343384
0.391563
0.426453
0.451293
0.468902
0.481383
0.48983
0.493575
-0.448219
-0.433603
-0.388042
-0.330433
-0.267595
-0.200694
-0.130756
-0.0585421
0.0163414
0.097156
0.186901
0.274535
0.345805
0.399981
0.43922
0.46686
0.486114
0.499472
0.508289
0.512118
-0.460207
-0.445265
-0.399183
-0.340955
-0.277649
-0.21052
-0.140787
-0.0694377
0.00390852
0.0832389
0.174186
0.267896
0.34729
0.408803
0.453487
0.484694
0.506036
0.520516
0.529809
0.533758
-0.471239
-0.456093
-0.409326
-0.350556
-0.286822
-0.219561
-0.150209
-0.0800713
-0.00895492
0.0678028
0.158832
0.258699
0.347478
0.417832
0.469241
0.504871
0.528816
0.544661
0.554554
0.558562
-0.481477
-0.466051
-0.418599
-0.359276
-0.295139
-0.2278
-0.158959
-0.0903122
-0.0220455
0.0509395
0.140641
0.246497
0.345936
0.426853
0.486279
0.527232
0.55444
0.572008
0.582623
0.586622
-0.490837
-0.475138
-0.427026
-0.367148
-0.302623
-0.235224
-0.166976
-0.100034
-0.0351666
0.032834
0.119479
0.230834
0.342286
0.435436
0.504088
0.551501
0.582773
0.602437
0.613786
0.61762
-0.499514
-0.483512
-0.434694
-0.374243
-0.30932
-0.241862
-0.174217
-0.109112
-0.0481025
0.0137146
0.0952965
0.211195
0.336112
0.443138
0.522275
0.577152
0.613515
0.635896
0.647271
0.650146
-0.507528
-0.491155
-0.441662
-0.380599
-0.31526
-0.247727
-0.180655
-0.117432
-0.0606281
-0.00615972
0.0681016
0.187187
0.326961
0.449727
0.540103
0.603147
0.646202
0.673152
0.684088
0.68277
-0.515008
-0.498282
-0.447958
-0.386257
-0.320505
-0.252855
-0.186287
-0.124923
-0.0725357
-0.0264792
0.0380353
0.158201
0.314342
0.455097
0.55736
0.627456
0.677448
0.712698
0.728427
0.716488
-0.522002
-0.504906
-0.453635
-0.391307
-0.325182
-0.257377
-0.191249
-0.131743
-0.0840856
-0.0479607
0.00313696
0.12128
0.296248
0.459559
0.573857
0.648368
0.702426
0.746689
0.771173
0.77187
-0.528539
-0.51105
-0.458648
-0.395787
-0.329362
-0.261346
-0.195542
-0.137825
-0.0950766
-0.0703768
-0.0373074
0.0741169
0.27031
0.463208
0.590615
0.659649
0.704007
0.738039
0.733804
0.669987
-0.534328
-0.516401
-0.46284
-0.399869
-0.333144
-0.264912
-0.19924
-0.143057
-0.105284
-0.0933782
-0.0835775
0.0130653
0.234195
0.467882
0.605905
0.649093
0.671488
0.674453
0.615463
0.535076
-0.541669
-0.521142
-0.46555
-0.40361
-0.336451
-0.267909
-0.2026
-0.147404
-0.11469
-0.11696
-0.135656
-0.0614303
0.187158
0.467304
0.617814
0.649859
0.610758
0.561278
0.469271
0.374497
-0.508133
-0.49184
-0.440295
-0.375082
-0.30639
-0.238214
-0.175949
-0.132327
-0.124006
-0.16684
-0.194495
-0.0470983
0.290333
0.566973
0.683328
0.568306
0.469138
0.368479
0.260331
0.190923
-0.52228
-0.508033
-0.471103
-0.409582
-0.342006
-0.272675
-0.206566
-0.152433
-0.124998
-0.147559
-0.220004
-0.221889
0.025834
0.42381
0.636202
0.613449
0.432036
0.286175
0.186653
0.0645467
-0.532092
-0.514595
-0.47316
-0.410471
-0.34279
-0.27312
-0.207245
-0.154141
-0.130793
-0.168114
-0.286671
-0.369915
-0.123297
0.332629
0.547667
0.419462
0.161786
-0.00543587
-0.127447
-0.253744
-0.54427
-0.527541
-0.478905
-0.414974
-0.346145
-0.275309
-0.208416
-0.155037
-0.134653
-0.188186
-0.365544
-0.60258
-0.379312
0.159105
0.337019
0.121367
-0.144525
-0.330796
-0.493167
-0.666677
-0.557376
-0.53958
-0.486491
-0.420487
-0.350072
-0.277832
-0.209541
-0.155236
-0.136272
-0.202401
-0.444975
-0.903947
-0.807701
-0.173502
-0.0209641
-0.255652
-0.525689
-0.740894
-0.944471
-1.24855
-0.568167
-0.549795
-0.493823
-0.425718
-0.353475
-0.279651
-0.209754
-0.154044
-0.135322
-0.211199
-0.531891
-1.26314
-1.35427
-0.620937
-0.457048
-0.667238
-0.945355
-1.22127
-1.50312
-2.10026
-0.577599
-0.559049
-0.50098
-0.431015
-0.356885
-0.281199
-0.20926
-0.15138
-0.131056
-0.212236
-0.608197
-1.59589
-1.85095
-1.09382
-0.907624
-1.04223
-1.31358
-1.6582
-1.99369
-2.82517
-0.586449
-0.567885
-0.508282
-0.436617
-0.360555
-0.282749
-0.208338
-0.147462
-0.123511
-0.204664
-0.652292
-1.84924
-2.20771
-1.47881
-1.2844
-1.36444
-1.5499
-1.82553
-2.04255
-2.1242
-0.595595
-0.576988
-0.516001
-0.442685
-0.36464
-0.284476
-0.207161
-0.142298
-0.112539
-0.186284
-0.645168
-1.93205
-2.32828
-1.69883
-1.56317
-1.65607
-1.70202
-1.73435
-1.89568
-1.96963
-0.605583
-0.586707
-0.524343
-0.44934
-0.369206
-0.28649
-0.205821
-0.136101
-0.098258
-0.155468
-0.578068
-1.77066
-2.14211
-1.70008
-1.73048
-1.92196
-1.9867
-1.62899
-1.60803
-1.82115
-0.61672
-0.597477
-0.533627
-0.456822
-0.37448
-0.289005
-0.204576
-0.129276
-0.0810016
-0.11382
-0.449643
-1.36634
-1.66268
-1.48317
-1.74956
-2.25505
-2.7045
-2.46505
-2.31506
-2.3045
-0.629584
-0.609772
-0.544246
-0.465466
-0.380758
-0.29232
-0.203861
-0.122316
-0.0623577
-0.0644527
-0.278574
-0.836555
-1.04082
-1.09217
-1.60093
-2.57292
-3.971
-4.323
-3.91106
-3.4466
-0.644384
-0.623926
-0.556571
-0.475618
-0.388387
-0.296824
-0.204153
-0.11609
-0.0433148
-0.0124538
-0.100677
-0.330364
-0.445693
-0.626245
-1.2231
-2.33023
-3.81742
-4.25218
-3.82588
-3.35558
-0.661772
-0.640354
-0.570957
-0.487605
-0.397687
-0.302862
-0.205807
-0.110962
-0.0258434
0.0362197
0.0509529
0.0385792
0.0288512
-0.130903
-0.502261
-1.08726
-1.69019
-1.94506
-1.80777
-1.64602
-0.681678
-0.659358
-0.587677
-0.501681
-0.408877
-0.310653
-0.20932
-0.107979
-0.0109105
0.0782774
0.16104
0.259439
0.321804
0.281746
0.168437
0.0121331
-0.102813
-0.113514
-0.076776
-0.0598789
-0.704494
-0.681043
-0.606811
-0.517932
-0.422136
-0.320493
-0.214793
-0.106993
0.0010019
0.111133
0.233878
0.379104
0.487926
0.535587
0.556156
0.572263
0.612727
0.665951
0.701131
0.70815
-0.729276
-0.70545
-0.628122
-0.536208
-0.437167
-0.331977
-0.222028
-0.10838
0.00909272
0.134837
0.281202
0.445557
0.580112
0.677205
0.757798
0.829428
0.897696
0.956021
0.992783
1.00427
-0.755464
-0.731673
-0.650883
-0.55583
-0.453534
-0.344917
-0.230867
-0.111854
0.0132439
0.150391
0.310547
0.48212
0.627385
0.741872
0.836697
0.917064
0.986114
1.04148
1.07789
1.09228
-0.781774
-0.757304
-0.673888
-0.575835
-0.470312
-0.358302
-0.240454
-0.116984
0.0140394
0.158982
0.326663
0.49793
0.643323
0.760315
0.854401
0.930724
0.992828
1.04222
1.07722
1.09291
-0.806074
-0.781236
-0.696016
-0.59448
-0.485924
-0.37091
-0.249906
-0.122848
0.0127454
0.162786
0.332882
0.500393
0.640188
0.752578
0.841576
0.912251
0.968688
1.01365
1.04684
1.0621
-0.82481
-0.80077
-0.713006
-0.609358
-0.49835
-0.381015
-0.257702
-0.128096
0.0103642
0.163549
0.331473
0.493129
0.625581
0.731495
0.81526
0.881555
0.934281
0.976325
1.00837
1.02452
-0.834563
-0.811799
-0.722701
-0.61731
-0.504859
-0.386331
-0.261949
-0.131276
0.00795933
0.160138
0.325355
0.479054
0.603548
0.702899
0.781774
0.844504
0.894599
0.934519
0.96588
0.981581
-0.830038
-0.809203
-0.720633
-0.6148
-0.502505
-0.384279
-0.26076
-0.13114
0.00630751
0.155308
0.313585
0.458913
0.574966
0.667798
0.741979
0.801491
0.849431
0.887929
0.91887
0.934212
-0.804612
-0.787223
-0.700365
-0.596894
-0.487122
-0.372243
-0.252401
-0.126867
0.00571511
0.148213
0.297385
0.432496
0.539618
0.625374
0.694512
0.750636
0.796505
0.834075
0.864747
0.879664
-0.751075
-0.736395
-0.655728
-0.557879
-0.45503
-0.34731
-0.234941
-0.117383
0.0066222
0.139221
0.276516
0.399183
0.495962
0.573485
0.636426
0.688081
0.731235
0.7678
0.798419
0.813703
-0.658765
-0.644202
-0.578233
-0.493795
-0.403105
-0.307548
-0.207309
-0.101755
0.00993829
0.129123
0.251482
0.359126
0.443169
0.510015
0.56414
0.608521
0.645807
0.678693
0.707409
0.724788
-0.520879
-0.511479
-0.467041
-0.401506
-0.329472
-0.252154
-0.168902
-0.0795189
0.0165254
0.119793
0.225707
0.317662
0.38802
0.442573
0.48543
0.519501
0.546415
0.567359
0.584393
0.595923
-0.341892
-0.339611
-0.31836
-0.281757
-0.236789
-0.183353
-0.121798
-0.051794
0.0267548
0.113814
0.204561
0.28351
0.343399
0.388899
0.423303
0.448844
0.467806
0.482185
0.492408
0.497159
-0.191278
-0.190772
-0.182935
-0.16701
-0.143776
-0.112219
-0.0713302
-0.0204827
0.0404497
0.111134
0.186758
0.252873
0.302386
0.338896
0.365411
0.384469
0.397578
0.405763
0.410371
0.412319
-0.0874549
-0.0881119
-0.086188
-0.0803016
-0.0689128
-0.0510957
-0.0252008
0.0101285
0.0556485
0.111245
0.172637
0.226905
0.267225
0.29642
0.316847
0.330396
0.33891
0.34407
0.346778
0.347602
-0.0233459
-0.023903
-0.0248537
-0.0235787
-0.0182638
-0.00751887
0.00976262
0.0348013
0.0686733
0.111785
0.160731
0.204419
0.236679
0.25954
0.275123
0.28539
0.291759
0.295223
0.296672
0.296969
0.0136421
0.0133278
0.0128024
0.0133328
0.0162589
0.0228297
0.0344679
0.0525069
0.0779593
0.111313
0.149977
0.184788
0.210457
0.228573
0.240813
0.248615
0.253225
0.255688
0.25676
0.257029
0.0372214
0.0370723
0.036897
0.0374358
0.0396196
0.0443061
0.0525498
0.065595
0.0846133
0.11027
0.140614
0.168165
0.188451
0.202615
0.212031
0.217994
0.221541
0.22344
0.224262
0.224479
0.0526863
0.0526157
0.0525855
0.0530693
0.0547046
0.058166
0.0643016
0.0740875
0.0885035
0.108241
0.131913
0.153561
0.169498
0.180602
0.187981
0.192632
0.195372
0.19683
0.197462
0.197633
0.062565
0.0625336
0.062604
0.063085
0.0644084
0.067059
0.0716832
0.0790792
0.0900785
0.1053
0.123745
0.140707
0.153206
0.1619
0.16765
0.171264
0.173396
0.174535
0.175033
0.17517
0.0685454
0.06853
0.06863
0.0690623
0.0701315
0.0722025
0.0757634
0.0814266
0.0898646
0.101619
0.115964
0.129214
0.138988
0.14578
0.150269
0.153089
0.15475
0.155635
0.15602
0.156124
0.0716316
0.0716235
0.0717242
0.0720924
0.0729493
0.0745678
0.0773214
0.0816868
0.0881947
0.09729
0.108443
0.118778
0.126407
0.131709
0.13521
0.137406
0.138698
0.139385
0.139682
0.139761
0.072524
0.0725196
0.0726077
0.0729092
0.0735889
0.0748557
0.0769939
0.0803711
0.0854036
0.0924483
0.101116
0.109168
0.115117
0.11925
0.121979
0.123687
0.124689
0.12522
0.125448
0.125507
0.0717217
0.0717191
0.0717922
0.0720337
0.0725688
0.0735573
0.0752191
0.0778367
0.0817348
0.0871994
0.0939342
0.100201
0.104833
0.10805
0.110171
0.111498
0.112276
0.112687
0.112861
0.112906
0.0696058
0.0696041
0.0696625
0.0698529
0.0702713
0.0710411
0.0723316
0.074363
0.0773865
0.081625
0.0868568
0.0917301
0.0953329
0.0978354
0.0994858
0.100518
0.101119
0.101435
0.101568
0.101601
0.0664692
0.066468
0.0665145
0.0666637
0.0669902
0.0675892
0.0685917
0.0701671
0.0725106
0.0757982
0.0798597
0.0836459
0.0864477
0.0883928
0.0896724
0.090471
0.0909369
0.0911807
0.0912824
0.0913073
0.0625413
0.0625404
0.0625764
0.0626923
0.0629456
0.0634105
0.0641881
0.0654098
0.0672274
0.0697773
0.0729295
0.0758686
0.078042
0.0795503
0.0805427
0.0811606
0.0815198
0.0817076
0.0817853
0.0818038
0.0579982
0.0579975
0.0580254
0.0581153
0.0583117
0.0586719
0.059274
0.0602195
0.0616269
0.0636014
0.0660428
0.0683199
0.0700034
0.0711706
0.0719386
0.0724179
0.0726967
0.0728415
0.072901
0.0729148
0.0529787
0.0529781
0.0529995
0.0530688
0.0532203
0.0534981
0.0539636
0.0546951
0.0557832
0.057309
0.0591968
0.0609583
0.0622598
0.0631627
0.0637558
0.0641237
0.0643363
0.0644458
0.0644899
0.0644999
0.0475912
0.0475905
0.0476066
0.0476597
0.0477764
0.0479909
0.0483491
0.0489108
0.0497477
0.0509242
0.0523792
0.0537362
0.0547396
0.0554358
0.0558915
0.0561731
0.0563352
0.0564185
0.0564515
0.0564589
0.0419185
0.0419179
0.0419299
0.0419701
0.0420585
0.0422213
0.0424951
0.0429264
0.0435679
0.0444691
0.0455837
0.0466226
0.0473893
0.0479193
0.0482667
0.0484834
0.0486082
0.0486708
0.0486949
0.0487002
0.0360287
0.0360283
0.0360363
0.0360659
0.0361323
0.0362555
0.0364621
0.0367884
0.0372755
0.0379595
0.0388056
0.039594
0.0401744
0.0405759
0.0408396
0.0410017
0.0410937
0.0411396
0.0411578
0.0411622
0.0299728
0.0299723
0.0299781
0.029999
0.030048
0.0301396
0.0302927
0.0305351
0.0308971
0.031406
0.0320368
0.0326262
0.0330622
0.0333628
0.0335582
0.0336766
0.0337431
0.0337758
0.0337876
0.0337906
0.0237921
0.0237915
0.0237958
0.0238107
0.0238452
0.0239102
0.0240219
0.0241983
0.0244613
0.0248306
0.0252881
0.0257138
0.0260269
0.0262416
0.0263794
0.0264643
0.0265128
0.0265368
0.0265462
0.0265479
0.0175192
0.0175186
0.0175208
0.0175307
0.0175544
0.0175992
0.0176755
0.0177959
0.0179756
0.0182289
0.0185417
0.0188321
0.0190452
0.0191914
0.0192868
0.0193447
0.0193762
0.0193901
0.0193933
0.0193928
0.0111829
0.0111826
0.0111839
0.0111895
0.0112032
0.01123
0.0112754
0.011347
0.0114548
0.0116064
0.011797
0.0119742
0.0121045
0.0121949
0.0122525
0.0122852
0.0123006
0.0123043
0.0123025
0.0123011
0.00160194
0.00159891
0.00159525
0.00159409
0.00159641
0.00160163
0.0016102
0.00162342
0.0016433
0.00167086
0.00169904
0.00172266
0.00173838
0.00174937
0.00175616
0.00175922
0.00176045
0.00176076
0.00175933
0.00526294
-2.43936
-1.29953
-0.682667
-0.291996
-0.000400153
0.222668
0.397324
0.549982
0.702048
0.808474
-0.864736
-0.508572
-0.226056
0.00755853
0.196931
0.352283
0.481927
0.590087
0.660439
0.673365
-0.281098
-0.094496
0.0695652
0.217404
0.342756
0.44871
0.536085
0.60259
0.643808
0.662366
0.0471041
0.159814
0.264794
0.361703
0.446047
0.518508
0.577817
0.622241
0.651939
0.668981
0.257404
0.330401
0.400602
0.467674
0.527883
0.579613
0.62162
0.653553
0.676922
0.690924
0.404224
0.454031
0.506675
0.556571
0.601091
0.639165
0.670735
0.696263
0.716409
0.727955
0.516815
0.553124
0.595444
0.63405
0.669711
0.702024
0.730109
0.753431
0.771222
0.780686
0.609366
0.641889
0.678993
0.714861
0.748417
0.778662
0.80472
0.826068
0.841944
0.850254
0.700133
0.734078
0.771758
0.808336
0.841483
0.870655
0.895782
0.916142
0.930569
0.938264
0.802013
0.841207
0.881289
0.919214
0.952135
0.980769
1.00436
1.02298
1.0365
1.04562
0.930461
0.974105
1.01369
1.05029
1.08121
1.10704
1.12882
1.1464
1.15973
1.17078
1.0925
1.13464
1.16893
1.19819
1.22303
1.24485
1.26459
1.28205
1.29702
1.31071
1.2838
1.31347
1.33551
1.35495
1.37327
1.39072
1.40708
1.4229
1.43969
1.45697
1.48106
1.49184
1.50418
1.5188
1.53344
1.54644
1.5578
1.5687
1.58143
1.59677
1.66795
1.67752
1.68728
1.68952
1.69037
1.6947
1.70549
1.72187
1.73913
1.74373
1.97266
1.91371
1.86201
1.82221
1.80001
1.79584
1.80953
1.84333
1.89924
1.97851
0.495023
0.438037
0.39596
0.362883
0.339127
0.322358
0.310507
0.302169
0.29653
0.293309
0.292791
0.295076
0.299791
0.306902
0.31701
0.331205
0.351282
0.379426
0.41747
0.465284
0.29875
0.308307
0.315259
0.316671
0.313599
0.308023
0.302137
0.297059
0.293364
0.291535
0.292464
0.295636
0.300305
0.306042
0.312087
0.316822
0.317926
0.313734
0.304626
0.297139
0.273033
0.275303
0.280944
0.285655
0.289386
0.291836
0.2924
0.291379
0.289725
0.288422
0.288277
0.289478
0.29136
0.293057
0.293556
0.292115
0.289003
0.284848
0.27961
0.274481
0.269894
0.270773
0.27438
0.27831
0.281071
0.282772
0.283834
0.284306
0.284266
0.28407
0.284195
0.284737
0.285263
0.285324
0.284728
0.283493
0.281392
0.278069
0.274042
0.27157
0.271044
0.271272
0.272451
0.274238
0.276065
0.277884
0.279316
0.280204
0.280657
0.280871
0.281128
0.281473
0.281582
0.281199
0.280234
0.27873
0.27698
0.275229
0.273681
0.272994
0.269402
0.269479
0.26995
0.270737
0.271554
0.272415
0.273275
0.274084
0.274738
0.275226
0.275605
0.275822
0.275759
0.275415
0.274833
0.274125
0.273395
0.272658
0.272026
0.271783
0.266855
0.266891
0.267155
0.26765
0.268263
0.268964
0.269699
0.270413
0.271077
0.271681
0.272173
0.272454
0.272447
0.272191
0.271776
0.271255
0.270728
0.270239
0.269889
0.269765
0.263512
0.263527
0.263633
0.263857
0.264178
0.264598
0.265116
0.26572
0.266372
0.267037
0.267637
0.268007
0.268123
0.268058
0.267888
0.267674
0.267461
0.26727
0.267138
0.267091
0.259655
0.259669
0.25975
0.259911
0.260153
0.260485
0.260921
0.261466
0.262114
0.262849
0.263584
0.264134
0.264428
0.264532
0.264525
0.264461
0.264375
0.264291
0.26423
0.264205
0.255497
0.255502
0.255563
0.25569
0.255887
0.256175
0.256579
0.257122
0.257818
0.258665
0.259576
0.260315
0.260791
0.261065
0.261207
0.261268
0.261284
0.261279
0.261268
0.26126
0.251076
0.251084
0.251136
0.251248
0.251433
0.251716
0.252131
0.252716
0.253503
0.254509
0.255648
0.256631
0.257312
0.257761
0.258037
0.258201
0.258293
0.258339
0.258358
0.258361
0.246375
0.24638
0.246435
0.246551
0.246748
0.247057
0.247523
0.248197
0.249131
0.25036
0.251792
0.253073
0.253994
0.254622
0.255034
0.255294
0.255451
0.255541
0.255585
0.255595
0.241365
0.241371
0.24143
0.241561
0.241787
0.242149
0.242703
0.243516
0.244658
0.246185
0.247996
0.249642
0.250848
0.251685
0.252246
0.252607
0.25283
0.252959
0.253025
0.253042
0.235978
0.235984
0.236055
0.236213
0.236487
0.23693
0.237611
0.238618
0.240044
0.241962
0.244254
0.246354
0.247905
0.248993
0.249725
0.250201
0.250498
0.250672
0.250762
0.250786
0.230125
0.230133
0.230222
0.230419
0.230762
0.231317
0.232173
0.23344
0.235239
0.237664
0.240571
0.243241
0.245219
0.246609
0.247548
0.24816
0.248542
0.248768
0.248886
0.248917
0.223689
0.2237
0.223812
0.224063
0.224499
0.225205
0.226294
0.227904
0.230189
0.233269
0.236956
0.240341
0.242848
0.244612
0.245805
0.246582
0.247069
0.247357
0.247506
0.247546
0.216505
0.216518
0.216663
0.216986
0.217548
0.218455
0.21985
0.221911
0.224827
0.228746
0.233423
0.237707
0.240874
0.243101
0.244606
0.245588
0.246202
0.246566
0.246754
0.246805
0.208354
0.208372
0.208561
0.208981
0.20971
0.210884
0.212685
0.215337
0.219073
0.224068
0.229999
0.235408
0.239396
0.242197
0.244089
0.245322
0.246094
0.246552
0.246789
0.246853
0.198942
0.198965
0.199215
0.199768
0.200724
0.202256
0.204598
0.208027
0.21283
0.219207
0.226722
0.233535
0.238542
0.242054
0.244424
0.24597
0.246937
0.24751
0.247807
0.247885
0.187863
0.187896
0.188231
0.188966
0.190234
0.192257
0.195328
0.199793
0.205989
0.214135
0.22364
0.232195
0.238461
0.24285
0.245814
0.247747
0.248958
0.249675
0.250045
0.250143
0.174564
0.17461
0.175065
0.176059
0.177768
0.180476
0.18455
0.190407
0.198434
0.208842
0.220829
0.231524
0.23933
0.244798
0.248497
0.250915
0.252431
0.253329
0.253793
0.253915
0.158242
0.158311
0.15894
0.160316
0.162678
0.166378
0.171864
0.179622
0.190063
0.203347
0.218391
0.231678
0.241352
0.248144
0.252758
0.255786
0.257692
0.25882
0.259399
0.259551
0.137683
0.137783
0.138681
0.140675
0.144066
0.149269
0.1568
0.167194
0.180822
0.19772
0.216463
0.232831
0.244734
0.253136
0.258897
0.262714
0.265133
0.266564
0.267293
0.267485
0.110913
0.111062
0.112429
0.115546
0.12068
0.128261
0.138846
0.15293
0.170732
0.192096
0.215205
0.23514
0.249645
0.259989
0.267195
0.272064
0.275209
0.277093
0.278045
0.278292
0.0745122
0.0747722
0.0771938
0.0826291
0.090919
0.102423
0.117634
0.136831
0.159969
0.186677
0.214777
0.238708
0.256163
0.268795
0.277819
0.284131
0.288386
0.291061
0.292454
0.292818
0.0218228
0.0226568
0.0284108
0.0391435
0.0534233
0.071447
0.0934494
0.119389
0.149003
0.181806
0.215356
0.243573
0.264228
0.279443
0.290665
0.298902
0.304851
0.308973
0.311399
0.312137
-0.0564315
-0.0518649
-0.0357193
-0.0142785
0.0098785
0.0371501
0.0677325
0.101545
0.138367
0.17778
0.217187
0.250085
0.274378
0.292694
0.306748
0.317707
0.326388
0.333239
0.338348
0.341082
-0.139132
-0.129174
-0.0998915
-0.0676131
-0.0333551
0.00317293
0.0421838
0.0837773
0.127869
0.174231
0.220214
0.258739
0.287582
0.309826
0.327438
0.341744
0.353638
0.363627
0.373203
0.378103
-0.202105
-0.191794
-0.155677
-0.11535
-0.07283
-0.0282389
0.0184553
0.0672403
0.118101
0.170922
0.222919
0.266327
0.298788
0.323816
0.343578
0.359484
0.37249
0.383174
0.392209
0.396332
-0.249847
-0.238885
-0.199349
-0.154146
-0.106093
-0.0555914
-0.00286815
0.0518996
0.108582
0.167033
0.224239
0.271739
0.307002
0.333868
0.354745
0.371235
0.384473
0.3952
0.404064
0.40848
-0.286273
-0.275217
-0.233883
-0.185363
-0.133539
-0.0788309
-0.0215604
0.0379676
0.099508
0.162873
0.224741
0.275865
0.313482
0.341802
0.363513
0.380415
0.393775
0.404446
0.41303
0.417357
-0.315396
-0.304323
-0.262066
-0.211344
-0.156686
-0.0987553
-0.0379287
0.0254108
0.0909541
0.158493
0.224484
0.278938
0.318771
0.34847
0.37096
0.388245
0.401729
0.412387
0.420795
0.425085
-0.339673
-0.328577
-0.285747
-0.233471
-0.176782
-0.116387
-0.0527743
0.0135889
0.0824047
0.153548
0.223382
0.281169
0.323323
0.354518
0.377897
0.395648
0.409332
0.420026
0.428297
0.432558
-0.360848
-0.349684
-0.306236
-0.252739
-0.194507
-0.132248
-0.0665012
0.0022322
0.0736995
0.147945
0.22143
0.282699
0.327463
0.360423
0.384893
0.403262
0.417243
0.428046
0.436237
0.440495
-0.379614
-0.368336
-0.324479
-0.269951
-0.210467
-0.146741
-0.0793731
-0.00886325
0.0646311
0.141481
0.218482
0.283542
0.331371
0.366503
0.392375
0.411569
0.425979
0.436961
0.445146
0.449375
-0.396734
-0.385293
-0.340905
-0.285532
-0.22504
-0.160193
-0.0916394
-0.0198865
0.0550411
0.133975
0.21436
0.283614
0.335112
0.372975
0.400662
0.420961
0.43597
0.44721
0.455475
0.459699
-0.412341
-0.400737
-0.355876
-0.299784
-0.238431
-0.172748
-0.103397
-0.0309154
0.0448245
0.125241
0.208811
0.282736
0.33867
0.379977
0.410018
0.431776
0.447614
0.45925
0.467643
0.471905
-0.426765
-0.414981
-0.369537
-0.312834
-0.250799
-0.184494
-0.11469
-0.0419779
0.0339296
0.115133
0.201574
0.280659
0.341934
0.387564
0.420638
0.444316
0.461263
0.473473
0.481985
0.486314
-0.44005
-0.428109
-0.381997
-0.324788
-0.262214
-0.195475
-0.125515
-0.0530336
0.0223602
0.103538
0.192351
0.277044
0.344702
0.395723
0.432664
0.458828
0.477219
0.490161
0.498975
0.503277
-0.45234
-0.44017
-0.393756
-0.335789
-0.272714
-0.205691
-0.13583
-0.0640014
0.0101884
0.090393
0.18087
0.271516
0.346694
0.404368
0.446188
0.475524
0.495771
0.509667
0.518861
0.523167
-0.4638
-0.451212
-0.404365
-0.34585
-0.282326
-0.215125
-0.145568
-0.0747803
-0.00247562
0.0756957
0.166854
0.263651
0.347583
0.413328
0.461214
0.494501
0.517106
0.53226
0.541982
0.546258
-0.474298
-0.461524
-0.414074
-0.355009
-0.291072
-0.223765
-0.154662
-0.0852419
-0.0154752
0.0595387
0.150092
0.253001
0.346959
0.422393
0.477607
0.51579
0.541309
0.55805
0.568453
0.572672
-0.483955
-0.470954
-0.422914
-0.3633
-0.29897
-0.231602
-0.163048
-0.0952389
-0.02861
0.042036
0.130418
0.239106
0.34446
0.431242
0.495124
0.539158
0.568224
0.586829
0.597902
0.602057
-0.492838
-0.479632
-0.430951
-0.370779
-0.306054
-0.238633
-0.170682
-0.10465
-0.041666
0.0233899
0.107741
0.221532
0.339557
0.43947
0.513207
0.564202
0.597931
0.618772
0.630267
0.633829
-0.501075
-0.487622
-0.438269
-0.377499
-0.312369
-0.244874
-0.177523
-0.11336
-0.0544223
0.0038466
0.0820444
0.199799
0.331953
0.446594
0.531382
0.590232
0.629897
0.654136
0.665282
0.666652
-0.508682
-0.49493
-0.444906
-0.383502
-0.317955
-0.250364
-0.183559
-0.121274
-0.0666684
-0.0162912
0.0533778
0.173358
0.321064
0.452581
0.549194
0.616017
0.662467
0.692968
0.705127
0.698869
-0.515777
-0.501776
-0.450892
-0.388834
-0.322888
-0.255159
-0.18882
-0.128388
-0.0783353
-0.0370443
0.0212833
0.140989
0.305978
0.457712
0.566158
0.638815
0.69149
0.731974
0.755778
0.7413
-0.522524
-0.50815
-0.456267
-0.393606
-0.327317
-0.259408
-0.193456
-0.134862
-0.0896678
-0.0591034
-0.0163708
0.0990425
0.283923
0.46152
0.58206
0.655646
0.708119
0.747134
0.771525
0.729939
-0.529476
-0.513931
-0.460918
-0.397842
-0.331257
-0.263138
-0.197419
-0.140523
-0.100276
-0.0818393
-0.0598419
0.045398
0.254096
0.46612
0.597851
0.656357
0.691686
0.715529
0.677765
0.603303
-0.538261
-0.518624
-0.464595
-0.401874
-0.334928
-0.266547
-0.20093
-0.145325
-0.110053
-0.10511
-0.108898
-0.0215297
0.212967
0.467548
0.612669
0.635581
0.64466
0.624484
0.546507
0.458677
-0.547552
-0.534782
-0.465363
-0.403868
-0.336576
-0.267964
-0.203881
-0.149122
-0.118691
-0.128641
-0.164322
-0.107051
0.155596
0.474757
0.628381
0.593179
0.566988
0.48657
0.383414
0.281895
-0.494349
-0.49555
-0.441431
-0.375975
-0.307156
-0.238767
-0.177889
-0.135009
-0.129993
-0.186433
-0.245941
-0.118424
0.256425
0.556625
0.657115
0.496661
0.347035
0.237167
0.128193
-0.0856887
-0.530509
-0.498505
-0.442285
-0.376441
-0.307174
-0.238412
-0.17785
-0.137295
-0.140741
-0.227099
-0.365234
-0.3034
0.130464
0.503955
0.504957
0.277484
0.0682114
-0.0686332
-0.193479
-0.430188
-0.546747
-0.507332
-0.447897
-0.381261
-0.310901
-0.241124
-0.179347
-0.139231
-0.148673
-0.264413
-0.500482
-0.577354
-0.112029
0.314248
0.261404
-0.0216418
-0.246538
-0.40878
-0.590207
-0.912225
-0.560317
-0.516551
-0.454279
-0.385911
-0.314071
-0.242946
-0.179883
-0.13965
-0.153751
-0.30275
-0.684113
-0.988105
-0.447801
-0.0282345
-0.104696
-0.395638
-0.640605
-0.836333
-1.08969
-1.65924
-0.571706
-0.525039
-0.460527
-0.390171
-0.31666
-0.243911
-0.179315
-0.138097
-0.155176
-0.330683
-0.884495
-1.52054
-0.941467
-0.457417
-0.547565
-0.798694
-1.08744
-1.35661
-1.72202
-2.98803
-0.581205
-0.533052
-0.466764
-0.394513
-0.319145
-0.244455
-0.17775
-0.134349
-0.151711
-0.346284
-1.0608
-2.015
-1.45453
-0.919345
-0.962167
-1.16156
-1.48052
-1.81932
-2.24379
-3.87141
-0.590301
-0.541024
-0.473256
-0.399179
-0.321789
-0.244846
-0.175396
-0.128658
-0.143007
-0.349263
-1.1885
-2.32529
-1.81537
-1.32358
-1.30963
-1.44981
-1.67526
-1.95767
-2.09117
-2.17062
-0.599634
-0.549369
-0.480198
-0.404291
-0.324753
-0.245214
-0.172387
-0.120938
-0.128289
-0.335601
-1.22114
-2.41407
-1.97377
-1.58287
-1.58997
-1.69821
-1.69604
-1.81608
-1.95806
-1.95902
-0.609656
-0.558375
-0.48774
-0.409954
-0.328135
-0.245665
-0.168934
-0.111261
-0.107454
-0.290059
-1.1166
-2.19727
-1.86565
-1.67169
-1.78493
-2.02231
-1.82027
-1.5443
-1.75162
-1.84982
-0.621022
-0.568416
-0.496161
-0.416387
-0.332106
-0.246472
-0.165251
-0.100131
-0.0810872
-0.218431
-0.871347
-1.68087
-1.50771
-1.58256
-1.97325
-2.54866
-2.62309
-2.37312
-2.29395
-2.32612
-0.634054
-0.579896
-0.505824
-0.423911
-0.337007
-0.247956
-0.161816
-0.0884266
-0.0512328
-0.12906
-0.54262
-1.02625
-1.01784
-1.2923
-2.01159
-3.28825
-4.32186
-4.16145
-3.63233
-3.35951
-0.649036
-0.593187
-0.517095
-0.432859
-0.343168
-0.250546
-0.159288
-0.076997
-0.0200679
-0.0348165
-0.21526
-0.401281
-0.495337
-0.860606
-1.70973
-3.0466
-4.22511
-4.09372
-3.55445
-3.25421
-0.666397
-0.608667
-0.530314
-0.443551
-0.350932
-0.254614
-0.157945
-0.0668174
0.00908111
0.0508128
0.041491
0.0433738
-0.0294573
-0.283964
-0.773486
-1.40088
-1.88549
-1.90037
-1.71383
-1.60826
-0.686418
-0.626631
-0.545736
-0.456224
-0.360505
-0.260428
-0.158623
-0.0588689
0.0346647
0.119823
0.208197
0.303343
0.310851
0.235935
0.0911195
-0.0545627
-0.125093
-0.0946889
-0.0636355
-0.0575866
-0.709413
-0.647187
-0.56343
-0.471008
-0.372143
-0.268255
-0.161241
-0.0531666
0.0551555
0.170565
0.306254
0.442593
0.51635
0.549295
0.562182
0.588461
0.639854
0.687373
0.707572
0.708381
-0.73454
-0.670036
-0.583228
-0.487701
-0.385472
-0.277724
-0.165867
-0.050389
0.0700031
0.205904
0.364209
0.518666
0.631626
0.719451
0.794373
0.863998
0.928697
0.977758
1.00136
1.00479
-0.761155
-0.693955
-0.604485
-0.505702
-0.400184
-0.288729
-0.172232
-0.0504256
0.0792304
0.228714
0.398058
0.559071
0.687677
0.791442
0.878334
0.953044
1.01573
1.06234
1.08787
1.09322
-0.787467
-0.719616
-0.626045
-0.524129
-0.415281
-0.300291
-0.179705
-0.0529016
0.0838195
0.241609
0.414717
0.574268
0.705003
0.809802
0.894404
0.963376
1.01913
1.06172
1.08782
1.09392
-0.811421
-0.741964
-0.646243
-0.541264
-0.429398
-0.311358
-0.187467
-0.0567007
0.0851744
0.247041
0.419701
0.573656
0.699473
0.799579
0.878872
0.941992
0.992515
1.03181
1.0572
1.06323
-0.829923
-0.760546
-0.662415
-0.55489
-0.440647
-0.320332
-0.194028
-0.0604982
0.08409
0.247603
0.416191
0.562686
0.68148
0.77576
0.850276
0.909368
0.956594
0.993589
1.01935
1.02543
-0.839553
-0.771355
-0.671177
-0.562056
-0.446531
-0.325125
-0.197701
-0.0631972
0.0817081
0.243357
0.406092
0.544706
0.655994
0.744535
0.81487
0.870909
0.915685
0.95121
0.976541
0.982612
-0.834707
-0.769566
-0.668726
-0.559615
-0.444292
-0.323442
-0.196971
-0.063844
0.0787165
0.23562
0.390051
0.520276
0.623931
0.706885
0.773309
0.826714
0.869715
0.904303
0.929274
0.93537
-0.808751
-0.748777
-0.649569
-0.542879
-0.430524
-0.313224
-0.190613
-0.0618641
0.0751905
0.224222
0.368506
0.489148
0.584776
0.661728
0.72396
0.774674
0.816182
0.850305
0.874883
0.881016
-0.754348
-0.701397
-0.607618
-0.507282
-0.401958
-0.291957
-0.177087
-0.0565515
0.0714227
0.20937
0.34132
0.45034
0.536731
0.606516
0.663427
0.710538
0.750181
0.784008
0.808732
0.815236
-0.662414
-0.615279
-0.537251
-0.449238
-0.356088
-0.258247
-0.155442
-0.0469721
0.0682612
0.191806
0.308653
0.403614
0.47837
0.538411
0.587352
0.627827
0.662634
0.693738
0.718454
0.727049
-0.519352
-0.493414
-0.435658
-0.366126
-0.29166
-0.211415
-0.125158
-0.0325224
0.0670502
0.174144
0.274773
0.355091
0.416943
0.465224
0.503402
0.533778
0.557504
0.576279
0.591326
0.597944
-0.34224
-0.331531
-0.301318
-0.260254
-0.211184
-0.153685
-0.0879597
-0.0137049
0.0691033
0.160281
0.246738
0.315476
0.367685
0.407322
0.437042
0.458985
0.475498
0.487861
0.495597
0.497436
-0.191712
-0.187949
-0.17585
-0.156361
-0.129084
-0.093039
-0.0472105
0.0086597
0.074523
0.14971
0.222125
0.279438
0.322065
0.353218
0.375748
0.39171
0.402227
0.408427
0.411683
0.412425
-0.0879343
-0.0875856
-0.0838439
-0.0753163
-0.0609035
-0.0392484
-0.00880335
0.0315656
0.0821748
0.142389
0.201665
0.248617
0.283045
0.307607
0.324375
0.335174
0.341837
0.345701
0.347386
0.347518
-0.023582
-0.0244507
-0.0245992
-0.0215307
-0.013632
0.000237697
0.0212328
0.0505673
0.0890572
0.136497
0.184096
0.221848
0.249151
0.268114
0.280822
0.289002
0.293803
0.296152
0.296908
0.296923
0.0135099
0.0130498
0.0128517
0.0144284
0.0190122
0.0279347
0.0426195
0.0642515
0.0936271
0.130762
0.168585
0.198671
0.22035
0.235336
0.245194
0.251253
0.254675
0.256363
0.256963
0.257005
0.0371487
0.0369713
0.0370159
0.0382761
0.0415971
0.0479145
0.0583973
0.0742962
0.0965868
0.125479
0.155332
0.179153
0.196214
0.207835
0.215376
0.22002
0.222661
0.223956
0.224423
0.224462
0.0526438
0.0525864
0.0527222
0.0537091
0.0561637
0.0608455
0.0686778
0.0806604
0.0976774
0.120074
0.143471
0.162199
0.175586
0.184693
0.190595
0.194201
0.196232
0.197225
0.197588
0.197619
0.0625369
0.0625495
0.0627663
0.0636173
0.0655351
0.0690808
0.0749839
0.0840802
0.0971334
0.1145
0.132795
0.147483
0.157977
0.165092
0.169682
0.172484
0.174067
0.174846
0.175134
0.175158
0.0685254
0.0685598
0.0687865
0.0694993
0.0710169
0.0737635
0.0782918
0.0852586
0.0953022
0.108764
0.12303
0.134512
0.142716
0.148272
0.151855
0.15404
0.155272
0.155876
0.156097
0.156113
0.0716168
0.0716552
0.0718622
0.0724465
0.0736443
0.0757769
0.0792713
0.0846406
0.0923974
0.102839
0.113952
0.122914
0.129318
0.133654
0.136445
0.138146
0.139103
0.139571
0.139741
0.139753
0.0725129
0.0725478
0.0727225
0.0731915
0.0741345
0.0757961
0.0785029
0.082655
0.0886566
0.0967574
0.105406
0.112392
0.117386
0.120766
0.12294
0.124261
0.125003
0.125364
0.125493
0.1255
0.0717132
0.0717427
0.0718849
0.0722568
0.0729951
0.0742888
0.0763895
0.0796056
0.0842572
0.0905461
0.0972719
0.102712
0.1066
0.109228
0.110918
0.111944
0.112519
0.112797
0.112895
0.112899
0.0695993
0.0696231
0.0697359
0.0700276
0.0706037
0.0716095
0.0732398
0.0757351
0.0793425
0.0842236
0.0894525
0.0936829
0.0967068
0.0987523
0.100067
0.100863
0.101306
0.101519
0.101593
0.101596
0.0664641
0.0664831
0.0665721
0.0668001
0.067249
0.0680309
0.0692964
0.0712306
0.0740272
0.0778153
0.0818754
0.0851639
0.0875162
0.0891042
0.0901222
0.0907384
0.0910815
0.0912452
0.0913014
0.0913032
0.0625374
0.0625521
0.0626212
0.0627982
0.0631464
0.0637531
0.0647346
0.0662347
0.0684038
0.0713427
0.0744949
0.0770469
0.0788706
0.080102
0.0808909
0.0813669
0.0816311
0.081757
0.0817997
0.0818005
0.0579952
0.0580065
0.0580601
0.0581974
0.0584673
0.0589373
0.0596969
0.0608579
0.0625377
0.0648135
0.0672552
0.0692322
0.0706445
0.0715976
0.0722087
0.0725781
0.0727827
0.0728794
0.0729118
0.072912
0.0529763
0.052985
0.0530263
0.0531322
0.0533403
0.0537031
0.0542908
0.055189
0.0564871
0.0582459
0.0601349
0.061664
0.0627559
0.0634926
0.0639633
0.064246
0.0644014
0.064474
0.0644977
0.0644978
0.0475893
0.0475957
0.0476271
0.0477084
0.047869
0.0481489
0.0486003
0.0492904
0.0502904
0.0516467
0.0531019
0.0542799
0.055122
0.0556897
0.0560506
0.0562664
0.0563849
0.0564397
0.0564573
0.0564572
0.041917
0.0419217
0.0419454
0.042007
0.0421288
0.0423418
0.042688
0.0432174
0.0439834
0.0450225
0.0461371
0.0470386
0.047681
0.0481124
0.0483889
0.0485555
0.0486457
0.0486863
0.048699
0.048699
0.0360277
0.0360306
0.0360476
0.0360935
0.0361855
0.0363464
0.0366079
0.0370094
0.0375911
0.0383796
0.0392257
0.0399088
0.0403948
0.0407227
0.0409313
0.0410549
0.0411215
0.0411506
0.0411617
0.0411611
0.029972
0.0299741
0.0299859
0.0300192
0.0300876
0.030207
0.030401
0.0306992
0.0311316
0.0317192
0.0323505
0.0328628
0.0332277
0.033472
0.0336255
0.0337151
0.033763
0.0337832
0.0337903
0.0337897
0.0237914
0.0237928
0.0238014
0.023825
0.0238731
0.0239592
0.0241008
0.0243177
0.0246316
0.0250577
0.025515
0.0258837
0.0261453
0.0263185
0.0264272
0.0264924
0.0265272
0.0265429
0.0265476
0.0265472
0.0175187
0.0175191
0.0175244
0.0175406
0.0175736
0.0176327
0.0177294
0.0178772
0.0180924
0.0183843
0.0186968
0.0189477
0.0191258
0.0192446
0.0193198
0.0193632
0.0193849
0.0193927
0.0193931
0.0193926
0.0111826
0.011183
0.0111859
0.0111951
0.0112146
0.01125
0.0113072
0.011396
0.0115246
0.0117005
0.0118912
0.0120452
0.012154
0.0122275
0.0122715
0.0122947
0.0123036
0.0123037
0.0123009
0.0123017
0.00480291
0.00480223
0.00480188
0.00480283
0.0048082
0.00481887
0.00483747
0.00486792
0.0049133
0.0049774
0.00505602
0.0051307
0.00518373
0.00521868
0.00524203
0.00525664
0.00526384
0.00526581
0.00526415
0.00526355
-1.69629
-0.948261
-0.471734
-0.137357
0.117947
0.313056
0.47626
0.623418
0.773974
0.760393
-0.632875
-0.360745
-0.103166
0.107386
0.278425
0.419794
0.539029
0.63205
0.67354
0.66922
-0.170091
-0.0114195
0.146487
0.282638
0.398071
0.494734
0.572322
0.62616
0.656231
0.664002
0.113038
0.2126
0.314914
0.405346
0.483834
0.549899
0.601998
0.638602
0.662639
0.673835
0.300047
0.365576
0.434916
0.498785
0.554881
0.601909
0.638779
0.666187
0.685797
0.698327
0.433966
0.48106
0.53202
0.579674
0.620952
0.655774
0.684179
0.70702
0.723936
0.737662
0.539221
0.574613
0.615185
0.652225
0.686366
0.716625
0.74241
0.763068
0.777335
0.792252
0.62802
0.660278
0.697186
0.731973
0.764029
0.792253
0.816012
0.834751
0.847188
0.863204
0.718595
0.752557
0.790438
0.825368
0.856587
0.883734
0.906631
0.924152
0.935186
0.951864
0.822569
0.861058
0.900865
0.936219
0.96704
0.993205
1.0143
1.03036
1.04136
1.05914
0.953473
0.994088
1.0326
1.06649
1.09465
1.11844
1.13816
1.15352
1.16521
1.18347
1.1147
1.15245
1.18423
1.21105
1.23425
1.25496
1.27366
1.28978
1.30385
1.32184
1.2995
1.32513
1.34541
1.36423
1.38211
1.39907
1.41497
1.43112
1.4484
1.46744
1.48593
1.49776
1.5113
1.52628
1.54017
1.5523
1.56319
1.57469
1.58894
1.60749
1.66899
1.68363
1.68896
1.68978
1.69185
1.69922
1.71311
1.73108
1.74356
1.75706
1.94156
1.88714
1.84007
1.80882
1.79575
1.80033
1.82376
1.86847
1.93573
2.03121
0.358567
0.354162
0.347303
0.336027
0.323712
0.312982
0.304557
0.298342
0.2942
0.292314
0.293209
0.296591
0.301987
0.309438
0.31914
0.330919
0.343293
0.352522
0.358051
0.361272
0.279436
0.287205
0.294165
0.299294
0.301562
0.300811
0.298025
0.294624
0.29176
0.290281
0.291098
0.293723
0.297222
0.300659
0.302707
0.302124
0.298376
0.292235
0.28442
0.278352
0.270403
0.274026
0.278615
0.282092
0.284524
0.286104
0.286742
0.286548
0.285975
0.285708
0.286084
0.286954
0.287709
0.287747
0.286813
0.284864
0.282013
0.277914
0.273376
0.271217
0.2706
0.272064
0.274982
0.277849
0.280129
0.281603
0.282528
0.282913
0.282943
0.282957
0.283321
0.283796
0.28393
0.283487
0.28243
0.280713
0.278209
0.275218
0.272896
0.272317
0.270497
0.270834
0.271676
0.272702
0.27388
0.275191
0.276312
0.27712
0.277634
0.277997
0.278308
0.278408
0.278156
0.277481
0.276399
0.275277
0.274268
0.273313
0.272737
0.272585
0.268198
0.268406
0.268983
0.269731
0.270508
0.271278
0.272008
0.272676
0.273255
0.273749
0.274105
0.274231
0.274081
0.273704
0.273204
0.27257
0.271909
0.271277
0.270904
0.270827
0.265278
0.265352
0.265589
0.265967
0.266448
0.267037
0.267697
0.268378
0.269046
0.269668
0.270106
0.270267
0.270188
0.269933
0.269581
0.269221
0.268899
0.268639
0.268505
0.268472
0.261627
0.261676
0.261815
0.262047
0.262365
0.262779
0.26329
0.263891
0.26456
0.265257
0.265832
0.266162
0.266272
0.26624
0.266132
0.265994
0.265854
0.265735
0.265671
0.265651
0.257606
0.257644
0.257751
0.257927
0.258184
0.258542
0.259018
0.259624
0.260355
0.261185
0.261935
0.262435
0.262709
0.262831
0.262859
0.26284
0.262802
0.262763
0.26274
0.262728
0.253318
0.253346
0.253433
0.253582
0.253813
0.254152
0.254629
0.255273
0.2561
0.257101
0.258067
0.258779
0.259233
0.259512
0.259669
0.259751
0.259787
0.259799
0.259801
0.259794
0.248762
0.248789
0.24887
0.249017
0.249253
0.249612
0.250136
0.250869
0.251849
0.253081
0.25432
0.255268
0.255929
0.25636
0.256632
0.256796
0.256889
0.256937
0.256956
0.256951
0.243912
0.243938
0.244026
0.244188
0.244453
0.244865
0.245479
0.246355
0.247549
0.249085
0.250665
0.251916
0.252798
0.253395
0.253783
0.254026
0.254172
0.254252
0.254285
0.254281
0.238724
0.238753
0.238854
0.239045
0.239361
0.239858
0.240605
0.241683
0.243169
0.2451
0.247111
0.24872
0.249871
0.25066
0.25118
0.25151
0.251709
0.251821
0.251868
0.251865
0.233116
0.233152
0.233277
0.233512
0.233904
0.234521
0.235453
0.236803
0.238672
0.241113
0.243668
0.245723
0.2472
0.248216
0.248889
0.249319
0.249581
0.249728
0.249792
0.249788
0.22699
0.227034
0.227192
0.227489
0.227984
0.228764
0.229943
0.231652
0.234021
0.237116
0.240357
0.242966
0.244846
0.246141
0.247
0.247549
0.247884
0.248073
0.248155
0.248151
0.220203
0.220261
0.220463
0.220843
0.221476
0.222473
0.223977
0.226156
0.22917
0.2331
0.237209
0.240512
0.24289
0.244528
0.245616
0.246311
0.246736
0.246976
0.247079
0.247074
0.212568
0.212643
0.212904
0.213397
0.214213
0.215498
0.21743
0.220222
0.224068
0.229064
0.234265
0.238435
0.241432
0.243495
0.244865
0.24574
0.246275
0.246578
0.246709
0.246702
0.20383
0.20393
0.204273
0.204916
0.205979
0.207645
0.210144
0.213736
0.218658
0.225009
0.231585
0.236834
0.240598
0.243188
0.244906
0.246005
0.246677
0.247057
0.24722
0.247211
0.193646
0.19378
0.194237
0.195088
0.196486
0.198666
0.201918
0.20656
0.212872
0.220947
0.229241
0.235829
0.240545
0.243786
0.245936
0.247311
0.248151
0.248626
0.248829
0.248817
0.181538
0.181723
0.182342
0.183486
0.185348
0.188231
0.192498
0.198533
0.206645
0.216901
0.227329
0.235565
0.241449
0.245494
0.24818
0.2499
0.250953
0.251549
0.251804
0.251788
0.166819
0.167084
0.167952
0.169521
0.172043
0.175911
0.181574
0.189471
0.199919
0.212916
0.225966
0.23621
0.243523
0.248559
0.251913
0.254068
0.255393
0.256149
0.256471
0.25645
0.148485
0.148891
0.150155
0.152364
0.155856
0.16115
0.168774
0.179188
0.192659
0.209066
0.225287
0.237942
0.246987
0.25325
0.257447
0.260163
0.261848
0.262822
0.263242
0.263213
0.125007
0.125688
0.127615
0.130836
0.135844
0.143297
0.153743
0.167569
0.184911
0.205477
0.225448
0.240938
0.252056
0.259833
0.265113
0.268576
0.27076
0.272054
0.272626
0.272594
0.0938481
0.0951068
0.0982485
0.103268
0.110869
0.121749
0.136288
0.154684
0.176869
0.20236
0.226625
0.245347
0.258887
0.26852
0.275213
0.27972
0.282639
0.28442
0.285238
0.285217
0.0502538
0.0528954
0.0587961
0.0675072
0.0798588
0.0961907
0.11654
0.140867
0.168886
0.199984
0.228973
0.251241
0.26751
0.279353
0.287877
0.293885
0.29799
0.300657
0.301908
0.301886
-0.0142041
-0.00704977
0.00553958
0.0220126
0.0426117
0.0670175
0.0951014
0.126675
0.161359
0.198542
0.232495
0.258466
0.277655
0.291983
0.302738
0.310808
0.316808
0.321196
0.323293
0.323055
-0.0916145
-0.0788214
-0.0547065
-0.0270212
0.00343965
0.0367887
0.0730786
0.11223
0.154009
0.197984
0.237871
0.268633
0.291874
0.309843
0.324007
0.335348
0.344626
0.351714
0.354866
0.356066
-0.168274
-0.145101
-0.111008
-0.073549
-0.033775
0.0081483
0.0523045
0.098739
0.147377
0.198002
0.243777
0.279192
0.306158
0.327281
0.344208
0.357974
0.369252
0.378295
0.383871
0.385491
-0.223623
-0.197405
-0.157676
-0.11352
-0.0668284
-0.0179422
0.0330171
0.0859679
0.140815
0.197395
0.248222
0.287356
0.31698
0.339951
0.358066
0.372499
0.38406
0.393138
0.398598
0.4002
-0.266156
-0.237942
-0.194458
-0.146
-0.0945349
-0.04054
0.0156872
0.073946
0.134072
0.195874
0.251168
0.293451
0.325107
0.349315
0.368131
0.382917
0.394605
0.403692
0.409241
0.410823
-0.298906
-0.270184
-0.22433
-0.172794
-0.117876
-0.060048
0.000344331
0.0629695
0.127584
0.193954
0.25322
0.298292
0.331727
0.356992
0.376372
0.39141
0.403158
0.412226
0.417819
0.419388
-0.325779
-0.296678
-0.249253
-0.195564
-0.138008
-0.0771636
-0.0135021
0.0526192
0.120963
0.191344
0.254336
0.302157
0.337395
0.363752
0.383734
0.399066
0.41092
0.420018
0.42568
0.427235
-0.348674
-0.319197
-0.270586
-0.215317
-0.15582
-0.092689
-0.0264505
0.0424912
0.113972
0.187976
0.254632
0.30537
0.342613
0.370236
0.390959
0.406676
0.418703
0.427868
0.433589
0.435124
-0.368785
-0.338962
-0.289341
-0.232812
-0.171789
-0.106902
-0.0387068
0.0324173
0.106449
0.183716
0.254099
0.308084
0.3477
0.376894
0.398567
0.414816
0.427107
0.436372
0.442177
0.443708
-0.386925
-0.356694
-0.306215
-0.248633
-0.186391
-0.12016
-0.0505192
0.0221904
0.0982023
0.17837
0.252623
0.310338
0.352853
0.384042
0.406965
0.423932
0.436594
0.446013
0.451902
0.453422
-0.403436
-0.372774
-0.321514
-0.263075
-0.199869
-0.13265
-0.0620298
0.0116962
0.089072
0.171732
0.250013
0.312083
0.358181
0.391918
0.41648
0.434418
0.447595
0.457249
0.4633
0.464723
-0.418579
-0.387421
-0.335507
-0.276317
-0.212374
-0.144464
-0.0732933
0.000875991
0.0789422
0.163582
0.246009
0.313163
0.363696
0.400692
0.427399
0.446625
0.460515
0.47048
0.476664
0.477953
-0.432567
-0.400938
-0.348313
-0.288475
-0.223977
-0.155647
-0.0843239
-0.0102715
0.0677591
0.153693
0.240299
0.313341
0.369327
0.410462
0.439938
0.460851
0.475683
0.486113
0.492411
0.493639
-0.445504
-0.413284
-0.360148
-0.299684
-0.234713
-0.166187
-0.0950679
-0.0216957
0.0555041
0.141888
0.232525
0.312306
0.374933
0.421265
0.454279
0.477363
0.493411
0.504441
0.510952
0.512114
-0.457499
-0.424738
-0.370934
-0.309965
-0.244615
-0.176046
-0.105437
-0.0332936
0.0422219
0.128016
0.222313
0.309673
0.380283
0.433058
0.470544
0.496396
0.513991
0.525792
0.532554
0.533708
-0.468539
-0.435245
-0.380792
-0.319329
-0.253677
-0.1852
-0.115348
-0.0449226
0.028012
0.111993
0.209295
0.305027
0.385101
0.445754
0.488762
0.518073
0.537576
0.550314
0.557361
0.558478
-0.478698
-0.444884
-0.389779
-0.327819
-0.261902
-0.193602
-0.1247
-0.0564133
0.0130546
0.0937783
0.193118
0.2979
0.389032
0.459166
0.508766
0.542286
0.564218
0.578132
0.585492
0.586364
-0.488004
-0.453651
-0.397917
-0.335474
-0.26931
-0.201219
-0.133394
-0.0676032
-0.00244162
0.0734284
0.173418
0.287785
0.391838
0.472739
0.530173
0.568858
0.593815
0.609058
0.616677
0.61708
-0.496655
-0.461658
-0.405288
-0.342338
-0.275916
-0.208051
-0.141354
-0.0783105
-0.0182422
0.0510825
0.149875
0.274234
0.392917
0.486139
0.552412
0.597339
0.626288
0.642816
0.649668
0.649233
-0.504548
-0.46897
-0.411931
-0.348459
-0.281766
-0.214093
-0.148527
-0.0883785
-0.0340747
0.0269431
0.122284
0.25674
0.392111
0.498886
0.574425
0.626849
0.661658
0.680696
0.684424
0.681105
-0.511983
-0.475674
-0.417878
-0.353883
-0.286901
-0.219361
-0.154856
-0.0976641
-0.0496606
0.0012644
0.0903933
0.234693
0.389026
0.511015
0.595529
0.654462
0.696924
0.723845
0.725888
0.700249
-0.518904
-0.481805
-0.423209
-0.358734
-0.291478
-0.224002
-0.16051
-0.106375
-0.0654369
-0.0271469
0.0518556
0.205292
0.382745
0.522936
0.615002
0.67682
0.725638
0.762949
0.770163
0.776547
-0.525644
-0.487297
-0.42791
-0.363091
-0.295531
-0.228029
-0.165467
-0.114374
-0.0811213
-0.058294
0.0057115
0.165908
0.372199
0.536537
0.630108
0.683109
0.722204
0.749384
0.699994
0.664734
-0.53321
-0.491931
-0.431734
-0.366792
-0.298833
-0.231251
-0.169651
-0.121409
-0.096252
-0.0919635
-0.0490912
0.113756
0.358918
0.553065
0.634814
0.660574
0.679439
0.653098
0.573245
0.519165
-0.542948
-0.494926
-0.434421
-0.36935
-0.301111
-0.233571
-0.172922
-0.127262
-0.110427
-0.128073
-0.116459
0.0448363
0.334151
0.565114
0.641056
0.622359
0.592666
0.517296
0.418458
0.358523
-0.204192
-0.150088
-0.121995
-0.139888
-0.194226
-0.159252
0.10862
0.167455
-0.527643
-0.509598
-0.472017
-0.409809
-0.342332
-0.272942
-0.207055
-0.153524
-0.128007
-0.157061
-0.249369
-0.286069
-0.0445739
0.387702
0.60205
0.532494
0.295331
0.142326
0.0321658
-0.537357
-0.520875
-0.475523
-0.412363
-0.344185
-0.273987
-0.207721
-0.154634
-0.133039
-0.178954
-0.32631
-0.477269
-0.230789
0.260366
0.461667
0.28181
0.0181306
-0.162871
-0.304567
-0.550817
-0.533734
-0.482665
-0.417762
-0.348175
-0.276661
-0.209078
-0.155275
-0.135731
-0.195885
-0.403843
-0.744321
-0.572044
0.0131286
0.174129
-0.0597892
-0.324847
-0.523885
-0.71433
-0.562835
-0.544739
-0.490181
-0.423123
-0.351809
-0.278808
-0.209759
-0.154834
-0.136188
-0.207643
-0.488763
-1.0807
-1.07369
-0.387994
-0.233964
-0.461434
-0.735446
-0.975275
-1.22958
-0.572725
-0.554349
-0.497374
-0.42833
-0.355157
-0.280428
-0.209571
-0.152879
-0.133616
-0.212789
-0.572538
-1.44123
-1.61727
-0.862152
-0.686971
-0.863207
-1.14242
-1.46287
-1.775
-0.581609
-0.563258
-0.504559
-0.433761
-0.358675
-0.281957
-0.208846
-0.149589
-0.127722
-0.209649
-0.635056
-1.7378
-2.05102
-1.30278
-1.10551
-1.20633
-1.44999
-1.78293
-2.06508
-2.31226
-0.590525
-0.572137
-0.512035
-0.439585
-0.362547
-0.283584
-0.207779
-0.145034
-0.118452
-0.196961
-0.656432
-1.91684
-2.30203
-1.6079
-1.43941
-1.51321
-1.62624
-1.79612
-1.99334
-2.10336
-0.599966
-0.581436
-0.520022
-0.445927
-0.366851
-0.285442
-0.206502
-0.139308
-0.10582
-0.172437
-0.618926
-1.88367
-2.27554
-1.73121
-1.65455
-1.79204
-1.81405
-1.67122
-1.74699
-1.85679
-0.610442
-0.591571
-0.52877
-0.452955
-0.371737
-0.287674
-0.205159
-0.132756
-0.0899317
-0.135809
-0.52094
-1.59376
-1.93279
-1.61664
-1.76448
-2.07642
-2.26009
-1.80499
-1.77342
-1.95347
-0.622281
-0.60299
-0.538651
-0.460968
-0.377474
-0.290533
-0.204134
-0.125755
-0.0717769
-0.0898977
-0.367376
-1.10697
-1.35382
-1.3015
-1.69318
-2.4406
-3.36291
-3.45257
-3.15556
-2.87263
-0.635971
-0.616118
-0.550038
-0.47032
-0.38438
-0.294401
-0.203843
-0.119097
-0.0528182
-0.038365
-0.188273
-0.574364
-0.738059
-0.866649
-1.45205
-2.57892
-4.1986
-4.66291
-4.18246
-3.67208
-0.651658
-0.631269
-0.563295
-0.481347
-0.392803
-0.299636
-0.204801
-0.113313
-0.0342562
0.0124875
-0.0202967
-0.126144
-0.180825
-0.377056
-0.891161
-1.78535
-2.83221
-3.19872
-2.92428
-2.60193
-0.669893
-0.64888
-0.578764
-0.494354
-0.403035
-0.306504
-0.207278
-0.109196
-0.0180762
0.0582532
0.111136
0.164855
0.193824
0.0936309
-0.133087
-0.454906
-0.746025
-0.88023
-0.814939
-0.751865
-0.690778
-0.669091
-0.596633
-0.5095
-0.415236
-0.315329
-0.211844
-0.107213
-0.00449855
0.0958785
0.201271
0.328311
0.416977
0.425895
0.390522
0.336837
0.325588
0.361674
0.396676
0.407295
-0.714217
-0.692078
-0.61684
-0.526826
-0.429462
-0.326027
-0.218156
-0.107376
0.00553959
0.124057
0.260105
0.416902
0.540631
0.617632
0.676198
0.730406
0.790728
0.847295
0.883065
0.893625
-0.739431
-0.716934
-0.638837
-0.545864
-0.445193
-0.338294
-0.226293
-0.109871
0.0116655
0.14356
0.297772
0.466933
0.608402
0.716857
0.807629
0.886052
0.956255
1.01338
1.05008
1.06372
-0.765441
-0.742227
-0.662059
-0.565822
-0.461959
-0.35161
-0.235595
-0.11424
0.0140001
0.155468
0.320063
0.492064
0.63839
0.755382
0.850804
0.929794
0.995336
1.04722
1.08266
1.09775
-0.790797
-0.766405
-0.684955
-0.585389
-0.478334
-0.364762
-0.245263
-0.119894
0.0136056
0.161275
0.330848
0.500635
0.643617
0.758733
0.850388
0.923654
0.982221
1.02874
1.0628
1.07815
-0.81162
-0.787098
-0.704503
-0.602526
-0.492655
-0.376374
-0.254097
-0.125621
0.0116176
0.163621
0.333036
0.497782
0.633996
0.743216
0.829512
0.897747
0.951887
0.994578
1.0256
1.04027
-0.82545
-0.801777
-0.718293
-0.614247
-0.502459
-0.384392
-0.260334
-0.12998
0.00912966
0.162057
0.329223
0.486909
0.615475
0.718074
0.799288
0.86358
0.914621
0.955159
0.984397
0.999108
-0.828199
-0.805515
-0.722532
-0.617627
-0.504959
-0.386271
-0.262024
-0.131639
0.00704791
0.158052
0.319988
0.469743
0.590077
0.68623
0.762722
0.8236
0.872136
0.91092
0.938774
0.953771
-0.813618
-0.791669
-0.712146
-0.607933
-0.496614
-0.379713
-0.257555
-0.129475
0.00596592
0.152094
0.306101
0.446512
0.558229
0.647649
0.719406
0.777021
0.823315
0.860516
0.887311
0.902896
-0.773223
-0.752442
-0.679613
-0.580368
-0.47334
-0.361435
-0.244811
-0.12279
0.0060098
0.144053
0.287659
0.416797
0.518923
0.600739
0.667106
0.72104
0.764756
0.800269
0.826303
0.842242
-0.702799
-0.68698
-0.620049
-0.529217
-0.431561
-0.329265
-0.22239
-0.110346
0.00794586
0.134275
0.264537
0.380059
0.470792
0.543293
0.602293
0.650888
0.690843
0.722988
0.748274
0.763258
-0.594352
-0.584008
-0.528212
-0.451615
-0.368999
-0.281655
-0.189207
-0.0912409
0.0128663
0.124046
0.237835
0.337112
0.413842
0.474121
0.522178
0.561276
0.593727
0.620136
0.639731
0.650411
-0.430519
-0.425311
-0.393409
-0.342692
-0.284192
-0.218725
-0.146149
-0.0662923
0.0211959
0.116533
0.214986
0.300491
0.365629
0.415713
0.454521
0.484393
0.506989
0.524514
0.538882
0.546954
-0.260667
-0.259588
-0.246892
-0.222139
-0.189175
-0.147366
-0.0965946
-0.0364186
0.033161
0.111938
0.195064
0.267543
0.322197
0.363065
0.393179
0.415131
0.431137
0.442244
0.448931
0.451791
-0.133707
-0.133912
-0.129548
-0.119388
-0.103159
-0.0796439
-0.0471476
-0.00468626
0.0481464
0.111037
0.179356
0.239368
0.284089
0.316778
0.340212
0.35642
0.366822
0.373081
0.376642
0.377929
-0.0510186
-0.0516634
-0.0518059
-0.0488572
-0.0409935
-0.0271704
-0.00617691
0.0234001
0.0625935
0.111579
0.166502
0.215321
0.25148
0.277332
0.295035
0.306652
0.314005
0.318291
0.320245
0.320705
-0.00252285
-0.00295839
-0.00376919
-0.00316647
0.000548437
0.00885196
0.023062
0.0443585
0.0737319
0.111665
0.15519
0.194198
0.222964
0.243305
0.257172
0.266194
0.271596
0.274446
0.275648
0.275919
0.0266338
0.0264154
0.026112
0.0266777
0.0291966
0.0346607
0.0443337
0.0595996
0.0815929
0.110868
0.145159
0.17617
0.199028
0.21507
0.225785
0.232559
0.236583
0.238754
0.239703
0.239951
0.0457979
0.0456952
0.045597
0.0460934
0.0479676
0.051995
0.0591072
0.0703823
0.0869067
0.109397
0.136206
0.160636
0.178615
0.191146
0.199479
0.204753
0.207871
0.209528
0.210242
0.210433
0.0581947
0.0581474
0.0581774
0.0586645
0.0601283
0.0631385
0.0684446
0.0769416
0.0895318
0.106864
0.127764
0.146935
0.161056
0.170887
0.177403
0.1815
0.183916
0.185208
0.185766
0.185921
0.0659711
0.0659494
0.0660405
0.0665007
0.067693
0.0700369
0.0740909
0.0805536
0.0901776
0.10355
0.119819
0.134814
0.145869
0.153554
0.158634
0.161826
0.163708
0.164712
0.16515
0.165269
0.0704003
0.0703891
0.0704917
0.0708932
0.071851
0.0736806
0.0768103
0.0817801
0.0891884
0.0995263
0.112175
0.123879
0.132516
0.138517
0.142482
0.144971
0.146437
0.147217
0.147557
0.147647
0.0723177
0.0723117
0.0724069
0.0727411
0.0735055
0.0749379
0.0773635
0.0812017
0.0869222
0.0949257
0.104759
0.113882
0.12062
0.125303
0.128394
0.130331
0.131468
0.132072
0.132333
0.132401
0.0723084
0.072305
0.0723859
0.0726566
0.0732602
0.0743794
0.0762646
0.0792374
0.0836661
0.08987
0.0975099
0.104614
0.109863
0.11351
0.115916
0.117423
0.118307
0.118774
0.118974
0.119024
0.0708083
0.0708062
0.0708715
0.0710858
0.0715592
0.072432
0.0738964
0.0762022
0.0796349
0.0844477
0.0903845
0.0959119
0.0999983
0.102836
0.104706
0.105875
0.106559
0.106919
0.107072
0.107111
0.0681491
0.0681477
0.0682002
0.0683691
0.068739
0.069418
0.0705555
0.0723446
0.0750068
0.0787396
0.083349
0.0876442
0.0908209
0.093028
0.0944827
0.0953917
0.0959215
0.0961982
0.0963134
0.0963417
0.0645924
0.0645913
0.0646321
0.0647635
0.0650512
0.0655796
0.0664629
0.0678502
0.0699138
0.0728093
0.076388
0.0797249
0.0821936
0.0839066
0.0850332
0.0857355
0.0861446
0.0863584
0.0864477
0.0864695
0.0603366
0.0603357
0.0603677
0.0604701
0.0606935
0.0611028
0.061787
0.0628621
0.0644619
0.0667068
0.0694817
0.0720688
0.0739817
0.075309
0.0761823
0.0767263
0.0770425
0.0772076
0.0772744
0.0772903
0.0555408
0.05554
0.0555644
0.0556432
0.0558156
0.056132
0.0566615
0.0574932
0.0587311
0.0604671
0.0626144
0.0646181
0.0660983
0.0671251
0.0678013
0.0682224
0.0684658
0.068591
0.0686418
0.0686535
0.0503252
0.0503245
0.0503431
0.0504034
0.0505362
0.0507805
0.0511886
0.05183
0.0527851
0.0541258
0.0557846
0.0573326
0.0584767
0.0592698
0.0597897
0.060111
0.0602965
0.0603921
0.0604307
0.0604393
0.0447868
0.0447863
0.0448002
0.0448459
0.0449468
0.0451332
0.0454462
0.0459387
0.046672
0.0477027
0.0489771
0.0501655
0.0510447
0.0516532
0.0520511
0.052298
0.0524406
0.0525134
0.0525424
0.0525486
0.038998
0.0389974
0.0390079
0.039042
0.0391182
0.0392596
0.0394984
0.0398751
0.0404354
0.0412216
0.0421941
0.0431003
0.0437684
0.0442292
0.0445314
0.0447188
0.044827
0.0448829
0.0449052
0.0449101
0.0330184
0.0330178
0.0330252
0.0330512
0.0331091
0.0332152
0.0333941
0.0336763
0.0340973
0.034689
0.0354209
0.0361028
0.0366065
0.0369549
0.037183
0.037324
0.0374038
0.0374435
0.037458
0.0374595
0.0268955
0.026895
0.0268999
0.0269179
0.0269591
0.0270371
0.027169
0.0273765
0.0276858
0.0281215
0.0286619
0.029166
0.0295378
0.0297937
0.0299589
0.0300595
0.030117
0.0301451
0.0301543
0.0301551
0.0206656
0.0206651
0.0206673
0.0206787
0.0207072
0.0207624
0.0208553
0.0210023
0.0212219
0.021531
0.0219133
0.0222685
0.0225288
0.0227079
0.0228242
0.0228943
0.0229325
0.02295
0.0229553
0.0229564
0.014358
0.0143578
0.0143593
0.0143669
0.014386
0.0144217
0.0144815
0.014576
0.0147188
0.0149197
0.0151687
0.0154008
0.0155711
0.0156896
0.0157653
0.0158091
0.0158317
0.0158413
0.0158423
0.0158422
0.00799635
0.00799587
0.00799689
0.00800162
0.00801138
0.00802936
0.00806105
0.00811222
0.00818754
0.00829364
0.00842663
0.00855148
0.00864236
0.00870294
0.00874215
0.00876663
0.00877906
0.00878172
0.00877929
0.00877732
0.00480239
0.0048022
0.00480191
0.0048049
0.00481279
0.00482691
0.00485112
0.0048884
0.00494285
0.00501648
0.00509654
0.00515949
0.0052032
0.00523146
0.0052504
0.00526104
0.00526541
0.00526532
0.00526309
0.00175892
-1.3634
-0.814678
-0.428441
-0.129925
0.104461
0.291261
0.443908
0.578249
0.679513
0.687379
-0.537022
-0.272146
-0.0603026
0.122199
0.276218
0.404894
0.51219
0.596788
0.648774
0.665307
-0.101243
0.0473354
0.17835
0.296192
0.398826
0.485924
0.557465
0.610971
0.645556
0.663436
0.160945
0.25221
0.338165
0.41758
0.48837
0.549281
0.599228
0.636571
0.662794
0.67806
0.336579
0.396253
0.456067
0.514188
0.565783
0.609708
0.645634
0.673461
0.695048
0.707447
0.463795
0.504408
0.552695
0.595939
0.635098
0.669362
0.698627
0.722957
0.741973
0.752217
0.564814
0.597571
0.636452
0.673199
0.707293
0.738544
0.765444
0.78768
0.804535
0.813145
0.654191
0.687109
0.723611
0.759739
0.793149
0.822664
0.848129
0.868896
0.884075
0.891786
0.748617
0.784806
0.82405
0.861464
0.894529
0.923618
0.948151
0.967624
0.981455
0.989518
0.862026
0.90391
0.9442
0.982356
1.01475
1.04218
1.06488
1.08288
1.09609
1.10592
1.00708
1.05076
1.08885
1.12262
1.15108
1.17504
1.19582
1.21322
1.22705
1.23916
1.18554
1.22296
1.25155
1.27584
1.29711
1.31665
1.33493
1.35211
1.36843
1.38383
1.38365
1.40327
1.41936
1.4356
1.45221
1.46771
1.48143
1.49462
1.51021
1.52828
1.57326
1.58093
1.59281
1.60465
1.61469
1.62396
1.63414
1.64547
1.65682
1.66419
1.79175
1.79005
1.78198
1.76519
1.75407
1.7535
1.76571
1.79061
1.82422
1.85174
2.20088
2.01416
1.91264
1.85492
1.82546
1.81898
1.83427
1.87481
1.95075
2.09723
-0.508431
-0.511451
-0.467469
-0.406429
-0.338912
-0.269892
0.455918
0.648444
0.638963
0.513202
0.395411
0.286276
-0.0683284
-0.427861
-0.914673
-1.5598
-2.48493
)
;

boundaryField
{
    wall-4
    {
        type            zeroGradient;
    }
    pressure-outlet-7
    {
        type            fixedValue;
        value           uniform 0;
    }
    velocity-inlet-6
    {
        type            zeroGradient;
    }
    velocity-inlet-5
    {
        type            zeroGradient;
    }
    frontAndBackPlanes
    {
        type            empty;
    }
}


// ************************************************************************* //
