/*--------------------------------*- C++ -*----------------------------------*\
  =========                 |
  \\      /  F ield         | OpenFOAM: The Open Source CFD Toolbox
   \\    /   O peration     | Website:  https://openfoam.org
    \\  /    A nd           | Version:  9
     \\/     M anipulation  |
\*---------------------------------------------------------------------------*/
FoamFile
{
    format      ascii;
    class       volVectorField;
    location    "45";
    object      U;
}
// * * * * * * * * * * * * * * * * * * * * * * * * * * * * * * * * * * * * * //

dimensions      [0 1 -1 0 0 0 0];

internalField   nonuniform List<vector> 
2200
(
(0.878844 -0.0304136 0)
(1.00579 -0.0512804 0)
(1.00329 -0.0353993 0)
(1.00026 -0.0244329 0)
(0.999866 -0.0166607 0)
(1.00004 -0.0107319 0)
(1.00004 -0.00686163 0)
(1.00004 -0.00423322 0)
(1.00003 -0.0022674 0)
(1.00017 -0.000727971 0)
(1.00005 0.000890313 0)
(0.999994 0.00244541 0)
(1.00001 0.00441938 0)
(1.00013 0.00702992 0)
(1.00014 0.0108298 0)
(0.999923 0.0166579 0)
(1.00028 0.0244026 0)
(1.00349 0.0349821 0)
(1.00595 0.0513607 0)
(0.879008 0.030325 0)
(0.712007 -0.0327669 0)
(0.996636 -0.0630277 0)
(1.03332 -0.0561658 0)
(1.02493 -0.0464489 0)
(1.01589 -0.0361407 0)
(1.00963 -0.0264333 0)
(1.00591 -0.0181717 0)
(1.00373 -0.0114415 0)
(1.00254 -0.00604978 0)
(1.00198 -0.00150731 0)
(1.002 0.00270291 0)
(1.00254 0.00719886 0)
(1.00371 0.0124541 0)
(1.0057 0.019039 0)
(1.00937 0.0271515 0)
(1.01562 0.0368933 0)
(1.0247 0.0473005 0)
(1.0331 0.0576697 0)
(0.996665 0.0631568 0)
(0.711793 0.0329947 0)
(0.53547 -0.0239015 0)
(0.969869 -0.0569563 0)
(1.05641 -0.0547785 0)
(1.05219 -0.0488019 0)
(1.03617 -0.0404786 0)
(1.02438 -0.0322965 0)
(1.01585 -0.0240818 0)
(1.01038 -0.0162206 0)
(1.0072 -0.00898611 0)
(1.00568 -0.00237507 0)
(1.00559 0.00395686 0)
(1.00703 0.0104784 0)
(1.01011 0.0175462 0)
(1.0155 0.0252009 0)
(1.0241 0.0333747 0)
(1.03605 0.0413185 0)
(1.0521 0.0493797 0)
(1.05633 0.0536258 0)
(0.96922 0.057581 0)
(0.534409 0.0239352 0)
(0.392212 -0.0136512 0)
(0.911748 -0.0464075 0)
(1.05743 -0.046914 0)
(1.06958 -0.04435 0)
(1.05492 -0.0382224 0)
(1.03934 -0.0315315 0)
(1.02751 -0.0247176 0)
(1.01905 -0.0175299 0)
(1.0137 -0.0100611 0)
(1.01107 -0.00248557 0)
(1.01099 0.00506332 0)
(1.01346 0.0124348 0)
(1.01856 0.0195874 0)
(1.02693 0.02652 0)
(1.03851 0.0328933 0)
(1.05397 0.0393713 0)
(1.06832 0.0454497 0)
(1.0557 0.0481224 0)
(0.9101 0.0469123 0)
(0.390132 0.0137549 0)
(0.307517 -0.00452297 0)
(0.846519 -0.0324215 0)
(1.04924 -0.0400155 0)
(1.07934 -0.0383145 0)
(1.0681 -0.0336766 0)
(1.05165 -0.0280868 0)
(1.03825 -0.0226962 0)
(1.02805 -0.0166332 0)
(1.02103 -0.00977779 0)
(1.01716 -0.00225409 0)
(1.01686 0.00557932 0)
(1.02031 0.0129145 0)
(1.02718 0.0194496 0)
(1.03717 0.0251474 0)
(1.05046 0.0302354 0)
(1.0669 0.0355881 0)
(1.07792 0.0399604 0)
(1.04734 0.0415756 0)
(0.84318 0.0329312 0)
(0.304086 0.00470975 0)
(0.264021 9.1165e-05 0)
(0.78869 -0.0201204 0)
(1.03316 -0.0315503 0)
(1.08342 -0.0321144 0)
(1.07723 -0.0288694 0)
(1.06076 -0.0240693 0)
(1.04714 -0.0195993 0)
(1.03624 -0.0144967 0)
(1.02839 -0.00841968 0)
(1.024 -0.00142796 0)
(1.0238 0.00596745 0)
(1.02765 0.0125976 0)
(1.03493 0.0182842 0)
(1.04548 0.0229516 0)
(1.05877 0.026915 0)
(1.07496 0.0312482 0)
(1.08052 0.0340071 0)
(1.02948 0.0331305 0)
(0.783193 0.0206869 0)
(0.259285 9.86983e-05 0)
(0.239986 0.00105829 0)
(0.737907 -0.0123202 0)
(1.0135 -0.0251023 0)
(1.08387 -0.0269565 0)
(1.08275 -0.0246822 0)
(1.06764 -0.0205585 0)
(1.05423 -0.0166118 0)
(1.0434 -0.0121275 0)
(1.03526 -0.00680634 0)
(1.03034 -0.000532016 0)
(1.0297 0.00614978 0)
(1.03375 0.0121579 0)
(1.04138 0.0169242 0)
(1.05181 0.0208097 0)
(1.06494 0.024204 0)
(1.07977 0.0277517 0)
(1.08034 0.0294157 0)
(1.00812 0.026982 0)
(0.729765 0.0130559 0)
(0.233765 -0.000862899 0)
(0.225583 0.000951979 0)
(0.694827 -0.00807754 0)
(0.992408 -0.0208065 0)
(1.08181 -0.0231787 0)
(1.08668 -0.0213898 0)
(1.07317 -0.0178649 0)
(1.05971 -0.0140856 0)
(1.04917 -0.00986917 0)
(1.04123 -0.00496764 0)
(1.03645 0.000683798 0)
(1.03602 0.00658612 0)
(1.0397 0.0117767 0)
(1.04653 0.0160044 0)
(1.05635 0.0195279 0)
(1.06949 0.0225622 0)
(1.08216 0.0253537 0)
(1.07601 0.0264065 0)
(0.984036 0.0231767 0)
(0.683117 0.00903232 0)
(0.217543 -0.000732 0)
(0.215937 0.000615794 0)
(0.659404 -0.00572749 0)
(0.97234 -0.0177866 0)
(1.07925 -0.0204433 0)
(1.0898 -0.0188853 0)
(1.07787 -0.015768 0)
(1.06452 -0.012184 0)
(1.05409 -0.0081292 0)
(1.04628 -0.00341499 0)
(1.04125 0.00178395 0)
(1.04021 0.00713317 0)
(1.04357 0.0118028 0)
(1.05052 0.0156848 0)
(1.06013 0.0188276 0)
(1.07294 0.0216367 0)
(1.08412 0.023938 0)
(1.07195 0.0245427 0)
(0.960689 0.0206645 0)
(0.643574 0.00692554 0)
(0.205675 -0.00036302 0)
(0.208534 0.000271811 0)
(0.630191 -0.00429038 0)
(0.952351 -0.0152319 0)
(1.07566 -0.0182741 0)
(1.09303 -0.0170338 0)
(1.08258 -0.0141242 0)
(1.06902 -0.0105515 0)
(1.05853 -0.00649587 0)
(1.05077 -0.00193594 0)
(1.04595 0.00304934 0)
(1.04499 0.00804473 0)
(1.04788 0.0124348 0)
(1.05375 0.0159742 0)
(1.06313 0.0189535 0)
(1.07603 0.0213851 0)
(1.08498 0.0231764 0)
(1.06466 0.0231962 0)
(0.936013 0.0186618 0)
(0.609192 0.0057368 0)
(0.195544 9.17295e-06 0)
(0.202694 8.05115e-05 0)
(0.607168 -0.00318517 0)
(0.935087 -0.0126059 0)
(1.07273 -0.015754 0)
(1.09603 -0.0147408 0)
(1.08702 -0.0122279 0)
(1.07353 -0.00884159 0)
(1.06288 -0.00496931 0)
(1.05494 -0.000334956 0)
(1.04978 0.00463787 0)
(1.04818 0.00937102 0)
(1.05076 0.0134396 0)
(1.05711 0.0167679 0)
(1.06626 0.0193524 0)
(1.07866 0.0215422 0)
(1.08571 0.0227019 0)
(1.05893 0.0222323 0)
(0.91348 0.0169866 0)
(0.580003 0.0049998 0)
(0.18639 0.000282455 0)
(0.197924 8.83539e-06 0)
(0.588358 -0.00232115 0)
(0.918482 -0.0104256 0)
(1.06894 -0.0137062 0)
(1.09906 -0.0128001 0)
(1.09165 -0.010183 0)
(1.07807 -0.00687964 0)
(1.06713 -0.00301767 0)
(1.05885 0.00128942 0)
(1.05332 0.00604439 0)
(1.05144 0.0106388 0)
(1.05356 0.0146846 0)
(1.05899 0.0176538 0)
(1.06825 0.0198403 0)
(1.08059 0.0214375 0)
(1.08553 0.0223653 0)
(1.04939 0.0213004 0)
(0.889142 0.0154931 0)
(0.553345 0.00452785 0)
(0.177494 0.000439916 0)
(0.194378 1.03645e-05 0)
(0.573735 -0.00157217 0)
(0.904448 -0.00812156 0)
(1.06631 -0.0112125 0)
(1.10227 -0.0102298 0)
(1.09613 -0.00774768 0)
(1.08253 -0.00428878 0)
(1.07127 -0.000629726 0)
(1.06245 0.00371836 0)
(1.05625 0.00847249 0)
(1.05398 0.0129088 0)
(1.05615 0.0162182 0)
(1.06201 0.0185978 0)
(1.07087 0.0204259 0)
(1.08243 0.0218061 0)
(1.08487 0.0222755 0)
(1.04204 0.0207489 0)
(0.867563 0.014448 0)
(0.53023 0.00426478 0)
(0.169187 0.000526103 0)
(0.192133 2.9986e-05 0)
(0.563164 -0.000808186 0)
(0.892465 -0.00604498 0)
(1.06349 -0.00887386 0)
(1.10575 -0.00772729 0)
(1.10124 -0.00489519 0)
(1.0875 -0.00149941 0)
(1.07586 0.00227368 0)
(1.06671 0.00631673 0)
(1.06005 0.010601 0)
(1.05681 0.0146168 0)
(1.05803 0.0177652 0)
(1.06315 0.0197636 0)
(1.07221 0.021092 0)
(1.08347 0.0222304 0)
(1.08337 0.0224991 0)
(1.0303 0.0204602 0)
(0.843081 0.0136381 0)
(0.507485 0.00411595 0)
(0.160727 0.000579009 0)
(0.19122 9.20919e-05 0)
(0.555626 -0.000182709 0)
(0.882504 -0.0037545 0)
(1.06199 -0.00606661 0)
(1.10968 -0.00475934 0)
(1.1064 -0.00199182 0)
(1.09263 0.00173223 0)
(1.08047 0.0053977 0)
(1.07055 0.00955251 0)
(1.06317 0.0140673 0)
(1.05979 0.0181532 0)
(1.06081 0.0205813 0)
(1.06577 0.0219129 0)
(1.07456 0.0228516 0)
(1.0843 0.0234162 0)
(1.08147 0.023033 0)
(1.02083 0.0204356 0)
(0.821794 0.0131016 0)
(0.487589 0.00405448 0)
(0.152827 0.000599657 0)
(0.191799 3.00032e-05 0)
(0.551702 0.000864972 0)
(0.875791 -0.0015687 0)
(1.06053 -0.00347289 0)
(1.11343 -0.00191159 0)
(1.11179 0.00125494 0)
(1.09787 0.00502094 0)
(1.08526 0.00911221 0)
(1.07491 0.0134141 0)
(1.06682 0.0175255 0)
(1.06173 0.0207873 0)
(1.06135 0.0230895 0)
(1.06575 0.0241764 0)
(1.07451 0.0245986 0)
(1.08364 0.0249221 0)
(1.07741 0.0241442 0)
(1.00615 0.0207851 0)
(0.796523 0.0128051 0)
(0.466412 0.00409652 0)
(0.144386 0.00061916 0)
(0.193848 0.000228655 0)
(0.552087 0.00150298 0)
(0.871165 0.00070329 0)
(1.06117 3.83257e-06 0)
(1.11808 0.00189616 0)
(1.11737 0.00497891 0)
(1.10345 0.00908805 0)
(1.09031 0.0134 0)
(1.07918 0.0179761 0)
(1.07004 0.0223789 0)
(1.06489 0.0256883 0)
(1.06437 0.0272885 0)
(1.06798 0.0278606 0)
(1.07572 0.0278519 0)
(1.08278 0.0269131 0)
(1.07316 0.025522 0)
(0.993678 0.0214088 0)
(0.774652 0.0129979 0)
(0.447475 0.00432104 0)
(0.136304 0.000670043 0)
(0.197816 0.000649532 0)
(0.5549 0.00229428 0)
(0.871645 0.00350667 0)
(1.06297 0.00331925 0)
(1.12322 0.00581244 0)
(1.12365 0.00948906 0)
(1.10942 0.013809 0)
(1.09587 0.0185274 0)
(1.08411 0.0233836 0)
(1.074 0.0276037 0)
(1.06656 0.0300505 0)
(1.0634 0.0310962 0)
(1.06588 0.0311819 0)
(1.07351 0.0303421 0)
(1.08025 0.0297458 0)
(1.06645 0.027423 0)
(0.976234 0.0223615 0)
(0.748008 0.0133964 0)
(0.425786 0.00455568 0)
(0.127067 0.000717219 0)
(0.204384 0.000863179 0)
(0.562229 0.0035332 0)
(0.875759 0.00600773 0)
(1.06758 0.00772961 0)
(1.12931 0.0110744 0)
(1.13038 0.0148922 0)
(1.11588 0.0196716 0)
(1.1013 0.0247269 0)
(1.08801 0.0298793 0)
(1.07594 0.0344525 0)
(1.0677 0.037286 0)
(1.06524 0.0380351 0)
(1.06707 0.0372834 0)
(1.07345 0.0356873 0)
(1.077 0.0330577 0)
(1.0586 0.0299039 0)
(0.960103 0.0239908 0)
(0.724143 0.0141632 0)
(0.405643 0.00495361 0)
(0.117956 0.000789651 0)
(0.21268 0.00101184 0)
(0.573491 0.00483035 0)
(0.88382 0.00919101 0)
(1.07418 0.012178 0)
(1.13656 0.0162999 0)
(1.1381 0.0213488 0)
(1.12256 0.0269955 0)
(1.10678 0.0326435 0)
(1.09192 0.0380554 0)
(1.07818 0.0424254 0)
(1.06761 0.0441835 0)
(1.06184 0.043302 0)
(1.06197 0.0416561 0)
(1.0682 0.0389816 0)
(1.07224 0.0371785 0)
(1.04883 0.032949 0)
(0.938477 0.0257662 0)
(0.694294 0.0150236 0)
(0.381557 0.00535847 0)
(0.107257 0.000833626 0)
(0.225317 0.00137963 0)
(0.592718 0.00690014 0)
(0.899576 0.0139624 0)
(1.08489 0.0190492 0)
(1.14576 0.0242077 0)
(1.14715 0.0296027 0)
(1.13064 0.0361011 0)
(1.11319 0.0424641 0)
(1.09618 0.0483207 0)
(1.07964 0.0525594 0)
(1.06696 0.0540033 0)
(1.06189 0.0529121 0)
(1.06257 0.0502033 0)
(1.06694 0.0468561 0)
(1.0655 0.042316 0)
(1.03608 0.0366555 0)
(0.917082 0.0282231 0)
(0.666782 0.0163572 0)
(0.35856 0.0059581 0)
(0.0965883 0.000873999 0)
(0.241309 0.00196963 0)
(0.617458 0.00873067 0)
(0.92116 0.0185976 0)
(1.09943 0.025913 0)
(1.15698 0.0324071 0)
(1.15822 0.0395024 0)
(1.13992 0.047117 0)
(1.12078 0.0541843 0)
(1.10184 0.0603225 0)
(1.08335 0.0642777 0)
(1.06793 0.0644481 0)
(1.05837 0.0615628 0)
(1.05469 0.0568883 0)
(1.05792 0.052164 0)
(1.05785 0.0479597 0)
(1.02189 0.0413199 0)
(0.889625 0.0311186 0)
(0.631924 0.0181414 0)
(0.329931 0.00660437 0)
(0.0838665 0.000879231 0)
(0.263686 0.00282969 0)
(0.651632 0.0124957 0)
(0.950042 0.0252583 0)
(1.11848 0.035281 0)
(1.17115 0.0433805 0)
(1.17085 0.0518495 0)
(1.15037 0.0605616 0)
(1.1285 0.0686752 0)
(1.10634 0.0754226 0)
(1.08401 0.0792684 0)
(1.0653 0.0785829 0)
(1.05524 0.0746049 0)
(1.05329 0.0692048 0)
(1.05533 0.0635111 0)
(1.04741 0.0560984 0)
(1.00311 0.0472743 0)
(0.861336 0.0352932 0)
(0.598308 0.020607 0)
(0.301251 0.00740779 0)
(0.0710814 0.000867973 0)
(0.295322 0.00372075 0)
(0.697897 0.0156503 0)
(0.98907 0.0332786 0)
(1.14363 0.0466503 0)
(1.18808 0.0569486 0)
(1.18547 0.06791 0)
(1.16131 0.0781945 0)
(1.13605 0.0869165 0)
(1.11045 0.0933429 0)
(1.08502 0.095998 0)
(1.06353 0.0937233 0)
(1.04962 0.0879611 0)
(1.04253 0.0804068 0)
(1.04112 0.0722506 0)
(1.03463 0.0649147 0)
(0.982019 0.0547493 0)
(0.82476 0.0401545 0)
(0.553849 0.023499 0)
(0.264221 0.00812873 0)
(0.0557216 0.000838714 0)
(0.331882 0.00713673 0)
(0.756274 0.0247755 0)
(1.03699 0.0464131 0)
(1.17439 0.063808 0)
(1.20946 0.0763662 0)
(1.20178 0.0899243 0)
(1.17287 0.101063 0)
(1.14319 0.110097 0)
(1.11292 0.116002 0)
(1.08261 0.117466 0)
(1.05698 0.112782 0)
(1.0417 0.104663 0)
(1.03627 0.0953485 0)
(1.03563 0.086474 0)
(1.01864 0.0761098 0)
(0.954553 0.0626727 0)
(0.785923 0.0458485 0)
(0.509485 0.0265582 0)
(0.227724 0.00877648 0)
(0.0410062 0.000706802 0)
(0.412331 0.0108256 0)
(0.843636 0.0358812 0)
(1.10186 0.0672163 0)
(1.21291 0.0892612 0)
(1.23444 0.104296 6.58548e-34)
(1.22001 0.119933 -2.95558e-34)
(1.18507 0.131175 0)
(1.1508 0.138995 0)
(1.11631 0.142713 0)
(1.08199 0.140653 0)
(1.05321 0.133017 0)
(1.0343 0.122463 0)
(1.02354 0.11102 0)
(1.0165 0.0987796 0)
(0.999288 0.08725 0)
(0.923881 0.0720742 0)
(0.736341 0.0516609 0)
(0.450021 0.0291389 0)
(0.179271 0.00857091 0)
(0.023516 0.000704557 0)
(0.483909 0.0260459 4.93927e-20)
(0.945051 0.0596778 -3.73691e-20)
(1.1704 0.100932 0)
(1.25246 0.1268 2.86803e-20)
(1.26172 0.142239 -2.32546e-20)
(1.23751 0.159784 3.11837e-34)
(1.19571 0.169133 0)
(1.15584 0.174859 1.64789e-20)
(1.11522 0.176234 -5.40508e-20)
(1.07518 0.172064 1.10115e-20)
(1.04171 0.161386 0)
(1.02039 0.146791 -2.78201e-20)
(1.01054 0.132862 -3.32955e-20)
(1.00498 0.12011 5.82219e-20)
(0.971203 0.104941 -4.59908e-20)
(0.874595 0.0843555 0)
(0.667087 0.0593663 -1.66246e-20)
(0.374557 0.0306325 0)
(0.126689 0.00877451 -9.15751e-20)
(0.00600166 0.000730346 1.07942e-19)
(0.519754 0.0537614 -6.46596e-21)
(1.00879 0.102539 1.13594e-19)
(1.22 0.151349 -6.84205e-21)
(1.28548 0.17468 -7.19965e-20)
(1.2855 0.191681 -4.92932e-20)
(1.25222 0.207074 8.0158e-20)
(1.20435 0.21375 0)
(1.15914 0.217057 0)
(1.11394 0.215696 8.61533e-20)
(1.06969 0.207653 0)
(1.03127 0.192197 1.00787e-19)
(1.00515 0.176781 2.98499e-20)
(0.988162 0.160939 3.69388e-22)
(0.969529 0.144502 -6.36117e-20)
(0.935407 0.12805 0)
(0.828961 0.105135 0)
(0.607779 0.071313 -2.72074e-19)
(0.322508 0.0360313 6.82634e-19)
(0.102755 0.00993544 -4.0457e-19)
(-0.00242087 0.000263723 -4.76693e-19)
(0.527102 0.0763305 -6.71844e-20)
(1.04537 0.159456 2.5401e-20)
(1.25615 0.211267 1.35462e-20)
(1.31176 0.233213 1.25871e-19)
(1.3042 0.248784 1.43098e-20)
(1.26341 0.260164 -2.09383e-19)
(1.20985 0.263124 7.11581e-20)
(1.15869 0.263166 0)
(1.1066 0.258593 -1.82522e-19)
(1.05424 0.247137 1.6153e-19)
(1.01061 0.23135 -2.72121e-19)
(0.981323 0.21101 1.27507e-19)
(0.964738 0.193588 -8.25762e-20)
(0.952574 0.177558 1.85961e-19)
(0.905775 0.157671 0)
(0.790624 0.126316 -6.81146e-20)
(0.57563 0.0853991 0)
(0.312394 0.0424327 3.763e-19)
(0.102511 0.0138585 -8.91898e-19)
(-0.00124765 -0.000450947 5.58666e-19)
(0.5221 0.108159 1.93838e-19)
(1.0654 0.21635 -8.43799e-20)
(1.27791 0.276737 -1.77198e-20)
(1.32895 0.297997 0)
(1.31614 0.311294 -9.28482e-20)
(1.26991 0.317345 1.14398e-19)
(1.21164 0.315514 -7.62021e-20)
(1.15564 0.31165 0)
(1.09917 0.302768 1.29767e-19)
(1.04486 0.287577 -1.13553e-19)
(0.997816 0.266155 2.36058e-19)
(0.963672 0.245126 0)
(0.940315 0.226634 -1.75557e-19)
(0.914201 0.206237 9.89023e-20)
(0.87272 0.184275 2.49819e-19)
(0.764092 0.153089 -2.1982e-19)
(0.560478 0.106392 3.5042e-19)
(0.313995 0.0567134 -7.75993e-19)
(0.114757 0.020249 4.89979e-19)
(0.00592744 0.000811673 -6.1295e-19)
(0.510233 0.132561 -7.14098e-20)
(1.07304 0.270364 5.13046e-20)
(1.28918 0.342508 -5.8761e-20)
(1.33832 0.363455 1.14981e-19)
(1.32188 0.374534 -1.07349e-19)
(1.27185 0.375811 3.63933e-20)
(1.21001 0.369553 3.6451e-21)
(1.14992 0.361482 -1.47975e-19)
(1.089 0.348664 -1.36228e-19)
(1.02793 0.330157 -2.44099e-19)
(0.97376 0.305787 -5.07545e-19)
(0.937148 0.282577 -1.56202e-19)
(0.915135 0.260992 2.38703e-21)
(0.896259 0.241814 -3.39096e-19)
(0.846436 0.218513 -6.15722e-21)
(0.736477 0.178514 3.20029e-19)
(0.545612 0.126528 -9.66851e-20)
(0.317527 0.071712 -5.60936e-20)
(0.127768 0.0285766 0)
(0.0138401 0.00308987 1.30396e-18)
(0.49351 0.153329 0)
(1.06732 0.320142 -6.06116e-21)
(1.29158 0.405808 -1.10355e-20)
(1.34095 0.427398 -1.27446e-20)
(1.32187 0.4373 1.04572e-19)
(1.2692 0.434166 -8.44612e-20)
(1.20454 0.423533 8.3334e-20)
(1.14097 0.411475 2.42757e-19)
(1.0761 0.394575 -7.57425e-20)
(1.01137 0.371262 1.21092e-19)
(0.956593 0.343829 2.72809e-19)
(0.917201 0.318602 3.40395e-19)
(0.887224 0.297289 -2.04855e-19)
(0.857875 0.271903 3.66893e-19)
(0.814995 0.246231 -2.90682e-19)
(0.716561 0.208253 0)
(0.541313 0.150836 -7.3377e-19)
(0.327557 0.090304 9.87602e-19)
(0.142934 0.039373 7.37114e-20)
(0.0224309 0.0063761 -1.37753e-18)
(0.479287 0.173676 -5.13066e-21)
(1.05992 0.368717 1.74341e-20)
(1.28949 0.467037 8.0705e-20)
(1.33895 0.489348 -1.01555e-19)
(1.31763 0.497927 8.56162e-20)
(1.26286 0.490953 -8.22547e-20)
(1.19607 0.476789 1.65605e-19)
(1.13006 0.460999 -7.32944e-20)
(1.06296 0.440427 -3.05703e-19)
(0.996324 0.414114 4.8961e-23)
(0.937103 0.384673 -2.96203e-19)
(0.892673 0.355756 -3.657e-19)
(0.863114 0.3281 2.25917e-19)
(0.839205 0.306581 -1.3191e-19)
(0.790474 0.279047 3.15499e-19)
(0.692103 0.232679 0)
(0.528682 0.173782 -4.54804e-19)
(0.330606 0.10759 6.71666e-19)
(0.153011 0.0501779 1.27245e-18)
(0.028879 0.00972542 -1.49687e-18)
(0.464875 0.191234 -3.318e-20)
(1.04696 0.412929 1.02304e-20)
(1.28282 0.524414 -5.75556e-20)
(1.33299 0.548369 1.05303e-19)
(1.30982 0.556436 1.18254e-20)
(1.2536 0.545991 -1.61785e-19)
(1.18524 0.528284 -9.55728e-20)
(1.11726 0.508903 -9.28632e-20)
(1.04726 0.484471 -1.71965e-19)
(0.976026 0.454224 2.77024e-19)
(0.911803 0.41936 2.99789e-19)
(0.867769 0.386809 5.80359e-19)
(0.837018 0.361453 0)
(0.803789 0.333819 6.19591e-21)
(0.761293 0.303006 -8.65316e-19)
(0.674285 0.261987 2.01776e-19)
(0.523059 0.197372 9.81871e-19)
(0.335319 0.126595 -2.89661e-19)
(0.161301 0.0611715 6.03467e-19)
(0.0338028 0.0131011 -5.03441e-20)
(0.455284 0.209676 5.92032e-21)
(1.03597 0.456293 3.37054e-20)
(1.27422 0.579674 -2.7993e-20)
(1.32441 0.604991 1.22362e-19)
(1.29969 0.611997 -1.78507e-19)
(1.24226 0.598352 1.61121e-19)
(1.17271 0.577851 9.89486e-20)
(1.10318 0.55557 2.78189e-19)
(1.03117 0.528402 3.46226e-19)
(0.958716 0.49565 -3.18696e-19)
(0.896563 0.458117 0)
(0.848259 0.423754 -2.18884e-19)
(0.81151 0.392682 2.51302e-19)
(0.786884 0.364422 3.16652e-19)
(0.738717 0.334353 -1.8303e-19)
(0.651492 0.283463 -4.46904e-19)
(0.508391 0.219304 -1.33476e-19)
(0.331998 0.142418 -1.53933e-21)
(0.163534 0.0703233 0)
(0.0363031 0.0155776 0)
(0.446943 0.225587 -6.03413e-20)
(1.02331 0.496099 0)
(1.26326 0.631129 -1.39005e-20)
(1.31355 0.658468 -7.29547e-21)
(1.28762 0.664935 2.00824e-19)
(1.22935 0.648486 -5.13705e-20)
(1.15872 0.625251 1.00372e-19)
(1.08776 0.600106 -1.88526e-19)
(1.0142 0.569647 2.62202e-19)
(0.939178 0.532461 -1.03762e-19)
(0.87032 0.490345 1.71242e-19)
(0.818733 0.452649 6.93517e-19)
(0.787966 0.420842 1.40666e-20)
(0.750907 0.389243 -3.30007e-19)
(0.710628 0.353493 6.11013e-19)
(0.631763 0.310313 4.21365e-21)
(0.497228 0.239038 1.428e-19)
(0.325915 0.15683 -6.81351e-19)
(0.160061 0.0774301 7.00879e-19)
(0.0362761 0.0169566 -8.27182e-19)
(0.440212 0.243378 3.44331e-23)
(1.01185 0.534718 0)
(1.25157 0.680304 0)
(1.30145 0.709406 -7.27788e-21)
(1.27446 0.714815 -6.0758e-20)
(1.21538 0.695772 7.61014e-20)
(1.1441 0.670369 -1.88485e-19)
(1.07238 0.642862 0)
(0.99746 0.610329 -3.86394e-19)
(0.919927 0.571532 4.60834e-19)
(0.851369 0.528232 4.86643e-19)
(0.802359 0.485414 -2.54561e-19)
(0.760485 0.448368 -3.07306e-19)
(0.734433 0.415687 7.20217e-19)
(0.688483 0.38195 -2.16972e-19)
(0.608667 0.326003 -2.59197e-19)
(0.47944 0.256143 -1.55216e-19)
(0.317107 0.168009 -7.3441e-19)
(0.154877 0.081883 1.06884e-19)
(0.0346796 0.0178825 8.92e-19)
(0.435835 0.261704 -3.17918e-20)
(1.0005 0.570751 -4.0133e-20)
(1.23877 0.72594 2.36513e-20)
(1.2882 0.75715 -1.49002e-22)
(1.26038 0.762041 -5.82298e-20)
(1.20084 0.740737 1.25714e-19)
(1.12906 0.713197 0)
(1.0564 0.68348 1.132e-19)
(0.979862 0.648495 -8.9259e-20)
(0.900948 0.606167 7.67381e-19)
(0.828563 0.557284 -1.11202e-19)
(0.772651 0.51107 1.26084e-19)
(0.737298 0.473414 0)
(0.699485 0.437112 -3.89783e-19)
(0.660322 0.396077 4.71672e-19)
(0.588407 0.348625 0)
(0.465526 0.26982 -3.34746e-19)
(0.304852 0.177464 9.84113e-19)
(0.147091 0.0842777 1.16031e-19)
(0.0317249 0.0181 -1.09763e-18)
(0.433367 0.278644 -8.30106e-20)
(0.990614 0.605553 1.06553e-19)
(1.22599 0.769427 0)
(1.27464 0.802432 3.62586e-21)
(1.24607 0.806375 0)
(1.18602 0.782932 -1.5989e-19)
(1.11383 0.753679 0)
(1.04053 0.722173 0)
(0.962838 0.685456 -1.17237e-19)
(0.881446 0.641837 -7.29251e-19)
(0.806512 0.591789 -8.98557e-19)
(0.751461 0.541791 1.4714e-19)
(0.709749 0.497206 5.30171e-19)
(0.682565 0.458734 4.28764e-19)
(0.639014 0.420813 -1.5131e-18)
(0.565119 0.35847 -6.07787e-19)
(0.444422 0.281568 3.55752e-19)
(0.290673 0.182234 0)
(0.138029 0.0849374 9.97279e-19)
(0.0283661 0.0173949 -1.18214e-18)
(0.43171 0.294338 1.01292e-19)
(0.980748 0.637856 -1.2558e-19)
(1.21283 0.809588 0)
(1.26062 0.844542 -1.09456e-20)
(1.23142 0.848153 4.41887e-21)
(1.1711 0.822972 0)
(1.09861 0.792028 5.75328e-20)
(1.02462 0.758776 7.77846e-20)
(0.9457 0.720396 -2.21039e-19)
(0.862876 0.674173 9.67964e-20)
(0.785349 0.619278 0)
(0.725234 0.565716 6.09137e-19)
(0.686203 0.520746 4.83738e-21)
(0.647093 0.477087 2.31217e-19)
(0.610381 0.428508 2.74632e-19)
(0.543236 0.376364 0)
(0.428245 0.288663 -5.8216e-19)
(0.275305 0.185626 1.14301e-18)
(0.12847 0.0840413 -1.20853e-18)
(0.0249153 0.0163373 2.54516e-18)
(0.430466 0.309244 0)
(0.971805 0.669054 0)
(1.20014 0.847776 -6.02906e-20)
(1.24679 0.884414 0)
(1.21699 0.887264 0)
(1.15634 0.860402 -1.34353e-19)
(1.08367 0.828159 5.88764e-20)
(1.0093 0.793591 1.75385e-20)
(0.9293 0.753941 -5.06912e-20)
(0.843617 0.706478 0)
(0.762512 0.650617 -1.36434e-19)
(0.701495 0.594698 -4.96795e-19)
(0.655854 0.54152 -5.97848e-19)
(0.62918 0.494291 -2.40154e-19)
(0.588134 0.449525 2.97622e-19)
(0.519581 0.378746 -7.01797e-19)
(0.405335 0.294007 1.25257e-18)
(0.259386 0.184648 2.73563e-21)
(0.118855 0.0819626 -1.1594e-18)
(0.0219327 0.0150312 -1.71641e-19)
(0.42931 0.323772 0)
(0.963013 0.698341 -1.03815e-19)
(1.18748 0.882993 7.49866e-20)
(1.23293 0.9213 0)
(1.20263 0.923984 0)
(1.14187 0.895865 2.70282e-19)
(1.06914 0.862357 0)
(0.994237 0.826434 0)
(0.913022 0.785604 -4.83882e-19)
(0.826041 0.736685 1.33068e-19)
(0.742873 0.677697 -1.2098e-18)
(0.676657 0.61738 0)
(0.632898 0.563404 -6.47909e-19)
(0.591318 0.510241 1.06808e-20)
(0.557032 0.450138 -9.55617e-19)
(0.496113 0.390223 3.77717e-19)
(0.389609 0.292602 1.78828e-21)
(0.245921 0.182103 -1.31939e-18)
(0.111079 0.0786958 6.25338e-19)
(0.0188871 0.0134322 1.83634e-19)
(0.428288 0.33795 0)
(0.955093 0.72665 -1.47231e-19)
(1.17545 0.91659 7.93538e-20)
(1.21956 0.956298 9.56068e-20)
(1.18876 0.958316 -1.56472e-20)
(1.12783 0.928892 2.71895e-20)
(1.05508 0.894459 -3.62362e-20)
(0.979831 0.857612 4.6778e-19)
(0.897427 0.815824 5.17617e-19)
(0.80763 0.76592 1.01448e-18)
(0.720671 0.706194 1.00524e-18)
(0.651812 0.644142 1.76393e-19)
(0.599608 0.583086 9.32158e-19)
(0.571033 0.524165 5.75031e-19)
(0.532032 0.467262 6.8606e-19)
(0.471345 0.382189 -4.13652e-19)
(0.366707 0.287916 -4.81943e-19)
(0.234262 0.17155 5.64894e-19)
(0.107433 0.0782068 -3.35211e-19)
(0.0212934 0.0186048 5.94255e-19)
(0.427335 0.351717 2.09416e-19)
(0.947451 0.75321 2.30248e-19)
(1.1636 0.947579 4.6754e-20)
(1.20638 0.98855 1.62889e-20)
(1.17517 0.990453 1.70673e-20)
(1.11424 0.960133 -7.51314e-20)
(1.04152 0.924802 3.5037e-20)
(0.965806 0.886959 -2.04054e-20)
(0.882477 0.844416 -6.01659e-19)
(0.791871 0.793865 -1.10063e-18)
(0.703018 0.733078 6.9812e-20)
(0.628459 0.667631 0)
(0.577201 0.605245 0)
(0.529422 0.540141 -2.99643e-19)
(0.495008 0.460621 -1.12167e-18)
(0.442884 0.384164 8.91029e-19)
(0.356214 0.266891 5.27562e-19)
(0.240613 0.153522 0)
(0.120179 0.0530511 1.06916e-18)
(0.014845 -0.00668594 -6.351e-19)
(0.426508 0.364883 -1.10996e-19)
(0.940438 0.778614 9.83842e-20)
(1.15238 0.977178 -1.13534e-19)
(1.19381 1.01924 -8.88799e-20)
(1.16218 1.02049 -9.98191e-21)
(1.10118 0.989126 -2.3943e-20)
(1.02856 0.953166 0)
(0.952697 0.914789 -5.87489e-19)
(0.868507 0.871686 7.40927e-20)
(0.775175 0.820499 0)
(0.681598 0.759029 0)
(0.604072 0.693269 1.12145e-19)
(0.541857 0.625447 1.5052e-19)
(0.505385 0.552609 -3.23333e-19)
(0.463558 0.47677 8.05296e-19)
(0.408547 0.36144 -9.70903e-19)
(0.325043 0.245204 -1.12847e-18)
(0.243774 0.132203 9.98765e-19)
(0.173114 0.0921561 -3.81009e-19)
(0.113143 0.0804747 2.21804e-19)
(0.425594 0.377284 1.40661e-19)
(0.933595 0.802331 0)
(1.14134 1.00437 0)
(1.18149 1.04736 -2.39073e-20)
(1.14958 1.04852 1.9354e-20)
(1.08868 1.01652 -2.08715e-20)
(1.01623 0.979972 1.53988e-19)
(0.940106 0.940927 6.01791e-19)
(0.855193 0.897423 1.09078e-18)
(0.761113 0.84615 -8.25815e-20)
(0.666108 0.785016 1.70394e-19)
(0.58312 0.718068 -1.00256e-18)
(0.520101 0.649617 -9.97168e-19)
(0.459004 0.572768 -1.73329e-19)
(0.412533 0.466198 0)
(0.365008 0.364063 -7.96664e-21)
(0.298202 0.179263 6.20731e-19)
(0.266853 0.0310406 -1.04591e-18)
(0.22846 -0.0843853 7.95262e-19)
(0.0834322 -0.0968432 6.59907e-19)
(0.424662 0.38922 -3.11287e-19)
(0.927085 0.824869 -1.40912e-19)
(1.13082 1.03047 6.99626e-21)
(1.16972 1.0744 5.37002e-20)
(1.13745 1.075 0)
(1.07656 1.04224 -8.17771e-20)
(1.00429 1.00538 -2.20674e-19)
(0.928142 0.966218 -1.47646e-21)
(0.842464 0.922544 -5.71561e-19)
(0.745714 0.871032 -8.09923e-20)
(0.646195 0.809864 7.52273e-20)
(0.559316 0.744128 8.80583e-19)
(0.482467 0.672961 9.73291e-19)
(0.430557 0.587117 1.68578e-19)
(0.37431 0.493141 8.62351e-19)
(0.29449 0.333495 0)
(0.177514 0.165505 0)
(0.00707703 0.211421 7.2173e-19)
(-0.077362 0.629674 -3.03681e-20)
(0.00628036 1.53439 -8.86184e-19)
(0.423598 0.400517 1.72231e-19)
(0.920799 0.846148 3.9327e-19)
(1.12045 1.05462 -5.35929e-19)
(1.1581 1.09941 2.64853e-19)
(1.12557 1.10016 -5.30569e-21)
(1.06479 1.06719 -3.60358e-20)
(0.992709 1.03022 0)
(0.916265 0.990896 -5.01747e-19)
(0.829823 0.947423 0)
(0.732535 0.896715 1.14214e-18)
(0.631751 0.837511 -9.11927e-20)
(0.538341 0.77299 1.02252e-19)
(0.462454 0.704215 1.11162e-18)
(0.376924 0.623679 -3.65227e-19)
(0.282795 0.491493 -4.3927e-19)
(0.199367 0.390289 0)
(0.0903837 0.512462 0)
(0.0267472 1.32303 0)
(0.0728982 2.45961 -4.10111e-19)
(0.100674 2.90903 -2.5212e-19)
(0.42236 0.41124 0)
(0.914717 0.866169 0)
(1.11059 1.07786 1.95896e-19)
(1.14708 1.12366 -2.14627e-19)
(1.11418 1.1241 9.13287e-20)
(1.0534 1.09074 4.20882e-20)
(0.981475 1.05387 2.82776e-20)
(0.905021 1.01498 -2.20164e-20)
(0.81804 0.972027 8.03709e-20)
(0.718387 0.921934 -1.31073e-18)
(0.612837 0.863188 1.65471e-19)
(0.516639 0.801824 8.77604e-19)
(0.422369 0.735017 -1.10774e-18)
(0.346328 0.641604 -1.21316e-18)
(0.267863 0.553534 4.0869e-19)
(0.192792 0.685721 0)
(0.124346 1.55059 5.67946e-19)
(0.124944 2.69108 6.25466e-19)
(0.133066 3.08719 -6.99428e-19)
(0.124511 3.22183 7.52844e-19)
(0.421003 0.421603 0)
(0.908923 0.885079 3.50401e-19)
(1.10093 1.09926 -4.90478e-20)
(1.13628 1.14587 3.04719e-19)
(1.10312 1.14671 -9.58643e-20)
(1.04247 1.11349 0)
(0.970725 1.0769 0)
(0.894041 1.03827 0)
(0.806481 0.996141 4.54034e-19)
(0.70642 0.947682 6.06085e-20)
(0.599605 0.892167 0)
(0.496247 0.834071 -8.73056e-19)
(0.410633 0.771584 0)
(0.296655 0.692364 8.68504e-19)
(0.206391 0.760188 -5.84304e-19)
(0.156622 1.46086 -4.70515e-19)
(0.158875 2.6791 -1.10473e-18)
(0.180328 3.12674 -5.82992e-19)
(0.171179 3.26772 -7.94224e-19)
(0.157056 3.30804 6.05549e-19)
(0.419574 0.431092 -1.22761e-19)
(0.903239 0.902666 1.54063e-20)
(1.09177 1.1199 -5.47836e-20)
(1.12611 1.16759 -2.34878e-19)
(1.09258 1.16831 0)
(1.03193 1.13497 0)
(0.960319 1.09877 0)
(0.883716 1.06102 3.49245e-20)
(0.795838 1.01993 -5.73803e-19)
(0.693686 0.972763 0)
(0.583412 0.918648 0)
(0.481383 0.86488 0)
(0.368367 0.804282 0)
(0.305576 0.784038 6.33776e-19)
(0.272304 1.1689 1.55839e-18)
(0.251218 2.37986 4.62264e-19)
(0.264136 3.08314 9.33531e-19)
(0.258601 3.28391 -7.15791e-19)
(0.209631 3.34979 2.65147e-19)
(0.176945 3.36245 0)
(0.418066 0.440304 1.26535e-19)
(0.89771 0.919833 -7.8029e-19)
(1.08259 1.13938 -2.09013e-19)
(1.11591 1.18787 -4.56831e-20)
(1.08215 1.18919 2.22419e-20)
(1.02167 1.15626 -6.89553e-20)
(0.950281 1.12062 -3.9401e-21)
(0.873537 1.08338 -3.9268e-19)
(0.785227 1.04352 0)
(0.683175 0.998715 -7.64583e-20)
(0.572401 0.949168 6.95534e-20)
(0.461793 0.89813 0)
(0.374906 0.853077 0)
(0.320184 0.970062 -7.92812e-19)
(0.275477 1.85464 9.74929e-20)
(0.271556 2.94235 -3.4688e-19)
(0.293481 3.28822 7.24338e-19)
(0.266106 3.3869 5.26598e-19)
(0.20025 3.41141 -7.16554e-19)
(0.175374 3.42084 3.55757e-19)
(0.41617 0.449697 2.49486e-19)
(0.891585 0.937024 7.61968e-19)
(1.07307 1.15986 2.50652e-19)
(1.10554 1.20951 0)
(1.07146 1.2107 0)
(1.01106 1.17765 5.4059e-20)
(0.939923 1.14243 7.55278e-20)
(0.863462 1.10622 3.50318e-19)
(0.775164 1.06758 2.26225e-20)
(0.671565 1.02444 9.80358e-19)
(0.558952 0.976519 -1.15319e-18)
(0.449082 0.928341 0)
(0.370001 0.925837 0)
(0.335275 1.33473 -5.39939e-19)
(0.336985 2.48487 -6.4931e-19)
(0.379895 3.19834 0)
(0.404402 3.37071 -7.31956e-19)
(0.334573 3.43354 4.91066e-20)
(0.2647 3.47816 3.44977e-19)
(0.242023 3.5035 -1.14052e-19)
(0.413955 0.459498 -4.75242e-19)
(0.885056 0.955574 -3.66218e-19)
(1.06257 1.18076 0)
(1.09409 1.23099 0)
(1.05994 1.23283 0)
(0.999901 1.20014 0)
(0.929214 1.16542 -8.82933e-20)
(0.852849 1.12957 3.09514e-19)
(0.764484 1.09216 0)
(0.661969 1.05173 -8.92804e-19)
(0.549958 1.00902 2.06893e-18)
(0.440466 0.972291 8.43151e-20)
(0.388412 1.05116 1.11593e-19)
(0.388184 1.75002 8.80479e-19)
(0.402917 2.89959 -4.73309e-19)
(0.440461 3.32111 0)
(0.423588 3.44487 2.04658e-19)
(0.337894 3.53308 9.22656e-20)
(0.261657 3.5971 1.50797e-19)
(0.186351 3.57656 -1.22891e-20)
(0.411124 0.469722 2.26406e-19)
(0.877336 0.974392 -3.75437e-19)
(1.0513 1.20337 0)
(1.08209 1.2547 -6.67079e-20)
(1.0477 1.25612 2.27852e-19)
(0.987927 1.22303 0)
(0.917751 1.18848 0)
(0.842065 1.15357 -5.37908e-19)
(0.754301 1.11727 -5.74518e-20)
(0.65097 1.07835 8.75988e-19)
(0.535858 1.03668 -9.83132e-19)
(0.446126 1.01684 5.72422e-19)
(0.407843 1.23347 0)
(0.424769 2.18373 -4.66941e-19)
(0.467445 3.14526 3.06214e-19)
(0.530562 3.42493 1.91465e-19)
(0.522951 3.52169 0)
(0.459715 3.60367 -3.8608e-20)
(0.389194 3.64503 -4.15501e-19)
(0.308263 3.61637 -9.70318e-20)
(0.407839 0.480235 -4.52635e-19)
(0.86919 0.995142 5.37966e-19)
(1.03883 1.2264 3.709e-19)
(1.06875 1.27791 -9.18394e-20)
(1.03445 1.27992 -3.48637e-19)
(0.975324 1.24707 0)
(0.905939 1.21288 6.0053e-21)
(0.830687 1.17804 1.95351e-19)
(0.743341 1.14278 3.10489e-20)
(0.6422 1.1066 -7.56815e-19)
(0.528069 1.07223 -5.22929e-20)
(0.448347 1.08242 -6.46077e-19)
(0.444562 1.46382 7.02685e-19)
(0.496382 2.55033 1.53344e-19)
(0.562243 3.3081 -2.68785e-19)
(0.614511 3.47704 1.36299e-19)
(0.574826 3.52863 0)
(0.516588 3.53281 0)
(0.422294 3.49772 -6.86144e-19)
(0.192663 3.28898 1.26779e-18)
(0.403568 0.490849 2.17227e-19)
(0.859268 1.01561 5.31286e-19)
(1.02544 1.2513 -3.79789e-19)
(1.05487 1.30383 3.34951e-19)
(1.02046 1.30499 3.66877e-19)
(0.961868 1.27136 0)
(0.893368 1.23701 2.85829e-21)
(0.819332 1.20296 1.61852e-19)
(0.733311 1.16855 0)
(0.632094 1.13335 0)
(0.523944 1.10289 0)
(0.459969 1.15687 0)
(0.486997 1.70027 -7.92857e-19)
(0.555638 2.85508 -2.03795e-19)
(0.630607 3.39636 0)
(0.673981 3.49013 -2.15796e-20)
(0.672374 3.49602 0)
(0.749432 3.33727 1.4479e-19)
(0.845326 2.9687 -1.80243e-18)
(0.449477 2.58999 1.88701e-18)
(0.398893 0.501138 -4.43947e-19)
(0.848939 1.03876 -3.40995e-19)
(1.01057 1.27666 -2.52931e-19)
(1.03931 1.32886 -3.1327e-19)
(1.00524 1.33052 -1.79359e-19)
(0.947698 1.29699 0)
(0.880443 1.26283 5.18903e-21)
(0.807251 1.2285 -4.31904e-20)
(0.72217 1.19474 -2.32823e-19)
(0.624151 1.16198 0)
(0.520405 1.14252 5.13971e-20)
(0.475422 1.25557 -5.84402e-20)
(0.534612 1.95343 0)
(0.629664 3.07975 2.66475e-19)
(0.721081 3.43944 0)
(0.752941 3.47675 -1.04605e-19)
(0.756581 3.3863 2.87255e-19)
(0.749885 3.00584 -1.42897e-19)
(0.505124 1.99585 2.80214e-19)
(-0.344507 0.500138 -6.83006e-19)
(0.392127 0.511375 -1.34268e-20)
(0.835811 1.06061 -1.74796e-19)
(0.994312 1.30412 3.48414e-19)
(1.02292 1.35762 -1.96211e-20)
(0.988869 1.35806 -5.76232e-20)
(0.932196 1.32348 0)
(0.866236 1.28896 6.27085e-20)
(0.794856 1.25543 -8.46783e-20)
(0.711909 1.22254 4.17545e-19)
(0.611747 1.19037 -5.10834e-19)
(0.523092 1.17931 -6.08612e-19)
(0.50196 1.36796 0)
(0.59075 2.25241 4.01703e-19)
(0.694993 3.21677 -5.44158e-20)
(0.768268 3.42052 3.10165e-20)
(0.775456 3.41157 0)
(0.705655 3.18145 -1.50688e-19)
(0.536163 2.40445 1.60503e-19)
(0.104083 0.639025 -1.90499e-19)
(-0.251172 -0.40023 -1.75663e-19)
(0.384446 0.522054 4.16351e-19)
(0.822385 1.08618 -1.71506e-19)
(0.976091 1.33218 2.46619e-19)
(1.00432 1.38503 1.90228e-19)
(0.970934 1.38617 1.16154e-19)
(0.915801 1.35181 2.19227e-19)
(0.851609 1.3176 -1.41261e-19)
(0.781516 1.28372 1.99852e-20)
(0.700005 1.25135 -3.0727e-19)
(0.603524 1.22257 3.28545e-20)
(0.526884 1.22976 9.73832e-20)
(0.529879 1.5176 -3.99298e-19)
(0.642976 2.51654 1.08405e-19)
(0.755129 3.29021 -2.1171e-19)
(0.818956 3.3948 3.07868e-20)
(0.796157 3.31686 8.27333e-20)
(0.669581 2.869 -2.17322e-19)
(0.410783 1.64407 1.40986e-19)
(0.0606332 0.0521329 0)
(-0.0800657 -0.162911 -3.03676e-19)
(0.374443 0.530656 0)
(0.804892 1.10828 -6.51215e-19)
(0.956039 1.362 2.38834e-20)
(0.984815 1.41686 -3.12278e-19)
(0.951601 1.41648 0)
(0.897803 1.38092 -1.62422e-19)
(0.835433 1.3462 1.44454e-19)
(0.767904 1.31323 -1.86957e-20)
(0.68965 1.28194 2.18288e-19)
(0.595969 1.25537 3.66785e-19)
(0.530583 1.2795 4.70569e-19)
(0.566391 1.67037 4.76645e-20)
(0.701263 2.7606 -2.95052e-19)
(0.808775 3.32205 1.4637e-20)
(0.842707 3.35286 2.10488e-21)
(0.767236 3.13765 8.34303e-20)
(0.531092 2.3327 9.26936e-20)
(0.117526 0.449566 -1.0986e-19)
(-0.136654 -0.246284 0)
(-0.115795 -0.208074 0)
(0.363216 0.539455 -4.02031e-19)
(0.787007 1.13488 6.46703e-19)
(0.933633 1.39219 0)
(0.962548 1.4463 0)
(0.930397 1.44689 0)
(0.878892 1.4117 0)
(0.818957 1.37744 -7.71766e-20)
(0.753318 1.34396 -1.59402e-20)
(0.677295 1.31309 -3.45027e-20)
(0.590462 1.29069 3.83889e-20)
(0.539348 1.34545 -3.90657e-19)
(0.600916 1.85266 2.83957e-19)
(0.752942 2.94677 0)
(0.846195 3.32011 3.64137e-20)
(0.867395 3.28918 6.6028e-20)
(0.727982 2.87634 -2.54934e-20)
(0.398078 1.69492 1.08117e-19)
(0.0147591 -0.0366829 6.1548e-20)
(-0.158237 -0.203804 -2.55371e-19)
(-0.0584353 -0.137943 -2.99092e-19)
(0.348072 0.544528 2.03758e-19)
(0.763061 1.15439 3.02428e-19)
(0.909114 1.42323 -9.25273e-21)
(0.939238 1.48073 1.65758e-19)
(0.907401 1.47944 0)
(0.857967 1.44294 3.09983e-19)
(0.800462 1.40795 -6.32853e-20)
(0.738255 1.3754 1.78718e-20)
(0.66525 1.34543 -3.57241e-20)
(0.585416 1.32755 2.78376e-20)
(0.549531 1.41293 2.63587e-19)
(0.645854 2.05362 -1.31279e-19)
(0.803821 3.07154 -1.12021e-19)
(0.885094 3.31283 2.77521e-21)
(0.866353 3.19049 -3.51539e-20)
(0.634674 2.52287 1.51625e-19)
(0.193961 0.752362 -8.53858e-20)
(-0.0839825 -0.276941 1.24927e-19)
(-0.131267 -0.225177 -3.79946e-19)
(-0.0600611 -0.126597 2.65594e-19)
(0.330624 0.548763 -1.90594e-19)
(0.738355 1.17855 0)
(0.881964 1.4541 -2.21943e-19)
(0.912355 1.51132 -3.19842e-19)
(0.88216 1.51141 0)
(0.836178 1.47545 -2.42227e-19)
(0.781789 1.44103 0)
(0.722192 1.40766 -1.1521e-19)
(0.650758 1.378 -2.25851e-20)
(0.582094 1.36611 7.24566e-20)
(0.564159 1.49566 -1.29127e-19)
(0.685428 2.25571 7.27147e-20)
(0.844277 3.14039 1.76031e-19)
(0.909248 3.28308 1.34296e-20)
(0.850251 3.04185 -3.5262e-20)
(0.535229 2.09727 -5.12415e-20)
(0.0787151 0.12798 1.30348e-19)
(-0.182148 -0.270669 -1.45969e-19)
(-0.104908 -0.211146 4.4413e-22)
(-0.045198 -0.0740818 -2.77395e-20)
(0.308637 0.546931 3.79395e-19)
(0.70735 1.19278 -2.90208e-19)
(0.852197 1.48372 2.36629e-19)
(0.884058 1.54719 1.54128e-19)
(0.85473 1.5451 2.80526e-20)
(0.811845 1.50779 1.52914e-19)
(0.760405 1.4724 0)
(0.705248 1.43983 -3.78337e-20)
(0.637717 1.41155 0)
(0.57819 1.40688 -6.77663e-20)
(0.579017 1.58043 1.28051e-19)
(0.730862 2.43147 -3.55224e-21)
(0.884436 3.18679 -6.12306e-20)
(0.934774 3.24918 4.10998e-20)
(0.815987 2.8604 -1.37788e-20)
(0.392504 1.54617 6.45541e-20)
(-0.0509809 -0.126397 -1.96391e-19)
(-0.224822 -0.263026 -1.12418e-19)
(-0.125027 -0.246782 -4.44309e-20)
(-0.0635977 -0.077896 2.07277e-19)
(0.284409 0.542223 4.29005e-21)
(0.675804 1.21205 1.49011e-19)
(0.818714 1.5117 0)
(0.851094 1.57693 2.89837e-19)
(0.824919 1.57747 -4.12699e-19)
(0.786729 1.54083 1.54654e-19)
(0.739012 1.5061 -1.03159e-19)
(0.687593 1.47219 9.63325e-20)
(0.623029 1.44488 -8.51029e-20)
(0.574204 1.44792 -2.30841e-21)
(0.596043 1.67021 2.87898e-20)
(0.769735 2.58783 5.00285e-20)
(0.912149 3.19355 3.63529e-20)
(0.936648 3.19227 -6.24777e-20)
(0.754565 2.6144 -6.36515e-20)
(0.288852 1.05814 1.21933e-19)
(-0.0613581 -0.24421 -1.19237e-19)
(-0.224609 -0.298275 7.97535e-20)
(-0.124059 -0.276436 1.46864e-21)
(-0.0735827 -0.0986789 -1.81784e-19)
(0.255159 0.52682 7.06364e-19)
(0.635809 1.21432 -1.48617e-19)
(0.781895 1.53594 -4.05124e-19)
(0.816743 1.61124 3.28879e-19)
(0.792915 1.61043 -1.80445e-19)
(0.75825 1.57248 2.98857e-19)
(0.714033 1.5367 1.60393e-19)
(0.668322 1.50354 0)
(0.610006 1.47766 9.78332e-20)
(0.569143 1.4904 -1.4144e-20)
(0.611848 1.75709 -1.32866e-20)
(0.810395 2.70746 -5.38914e-21)
(0.936068 3.19746 1.95942e-20)
(0.946054 3.13451 9.13512e-21)
(0.700284 2.42455 -9.77919e-20)
(0.17044 0.494044 -4.0909e-20)
(-0.0570857 -0.269949 1.24981e-19)
(-0.14586 -0.311004 5.55252e-20)
(-0.114128 -0.280089 1.78415e-20)
(-0.0582119 -0.111861 1.55212e-19)
(0.223132 0.504227 0)
(0.594784 1.22097 1.38386e-19)
(0.739973 1.55621 -1.83921e-19)
(0.777049 1.63652 3.1906e-19)
(0.758614 1.64118 -3.94118e-19)
(0.728844 1.60432 1.64151e-19)
(0.689353 1.56926 0)
(0.64833 1.53413 0)
(0.596528 1.50865 0)
(0.561832 1.5309 2.02447e-20)
(0.626115 1.83478 -1.89739e-20)
(0.837697 2.79603 1.98043e-20)
(0.951097 3.19502 5.49716e-20)
(0.933166 3.0616 5.04202e-20)
(0.622678 2.17117 -8.81051e-20)
(0.100326 0.212976 7.00322e-20)
(-0.111068 -0.266869 2.6466e-21)
(-0.116834 -0.322368 -1.27006e-19)
(-0.0928394 -0.246533 1.50561e-20)
(-0.0324197 -0.0873649 0)
(0.185925 0.464272 6.48006e-19)
(0.542987 1.1993 -1.29406e-19)
(0.694781 1.56908 4.6576e-21)
(0.736782 1.66575 0)
(0.721557 1.66953 -1.8926e-19)
(0.695503 1.63289 1.83695e-20)
(0.660246 1.5967 0)
(0.626032 1.56254 4.90817e-20)
(0.582213 1.53743 -3.87299e-20)
(0.555804 1.56874 0)
(0.636991 1.89976 0)
(0.8659 2.85788 -3.59741e-20)
(0.961763 3.19625 -7.89686e-20)
(0.92661 2.9977 -6.81709e-21)
(0.583748 2.00012 -2.1749e-20)
(0.0449752 0.036763 3.19243e-20)
(-0.146001 -0.271683 0)
(-0.117955 -0.34401 -7.4318e-20)
(-0.0860562 -0.250275 -1.15534e-19)
(-0.00758153 -0.0727176 2.74404e-19)
(0.145966 0.410391 5.34887e-19)
(0.490499 1.17997 -1.24014e-19)
(0.642948 1.57253 1.75167e-19)
(0.689974 1.68185 -4.34986e-19)
(0.681747 1.69503 0)
(0.661449 1.66161 0)
(0.631847 1.62574 0)
(0.60323 1.5893 5.16769e-20)
(0.566829 1.56271 -4.07723e-20)
(0.545262 1.59933 0)
(0.645471 1.95219 0)
(0.878869 2.89071 1.14719e-19)
(0.967753 3.20236 -4.94335e-20)
(0.899891 2.96435 6.57861e-20)
(0.520878 1.81098 6.94886e-20)
(-0.0425194 0.087672 0)
(-0.221629 -0.190276 -2.4446e-20)
(-0.202785 -0.315579 -2.19024e-20)
(-0.101464 -0.250555 2.3119e-19)
(0.0378782 0.0552713 -2.76597e-19)
(0.103071 0.332124 -4.97326e-19)
(0.42439 1.11345 1.30503e-19)
(0.588439 1.56301 3.68995e-19)
(0.64351 1.69992 2.49952e-19)
(0.638138 1.71362 -2.02411e-19)
(0.623564 1.68376 -1.33346e-19)
(0.598249 1.64695 9.06364e-20)
(0.577365 1.612 0)
(0.550419 1.58447 0)
(0.535116 1.62135 0)
(0.643912 1.97055 -7.31321e-20)
(0.902471 2.90731 -1.18177e-19)
(0.980333 3.22093 4.95355e-20)
(0.865108 2.97848 -1.96694e-20)
(0.445902 1.8096 6.22233e-20)
(-0.177052 0.310749 0)
(-0.388567 -0.299847 9.58877e-20)
(-0.427326 -0.574246 -3.28733e-19)
(-0.324858 -0.565027 7.66465e-19)
(-0.0399498 -0.0340858 -4.23932e-19)
(0.0555593 0.233027 5.26362e-19)
(0.357288 1.04581 -4.32434e-19)
(0.523382 1.53097 0)
(0.588365 1.69792 1.24043e-19)
(0.592827 1.73024 8.93756e-20)
(0.584592 1.70644 1.87736e-19)
(0.565406 1.66961 -8.47234e-20)
(0.549951 1.63143 0)
(0.531115 1.601 0)
(0.518875 1.63415 -1.43363e-19)
(0.63687 1.96303 -4.38406e-21)
(0.910284 2.8783 8.6391e-20)
(1.01784 3.22155 4.72205e-20)
(0.921107 3.03938 2.57339e-19)
(0.540345 1.8779 -5.08678e-19)
(-0.0229573 0.428283 8.0692e-19)
(-0.402184 -0.327015 -5.58673e-19)
(-0.494537 -0.916822 0)
(-0.486971 -1.12655 -3.64298e-20)
(-0.24171 -0.78106 1.12242e-18)
(0.0167467 0.143119 5.39196e-19)
(0.268638 0.900117 0)
(0.457628 1.47756 0)
(0.534109 1.6931 0)
(0.54363 1.73308 7.44779e-20)
(0.54193 1.71771 -1.86091e-19)
(0.526869 1.68142 -8.19964e-20)
(0.518937 1.645 0)
(0.509643 1.61117 0)
(0.504767 1.63733 8.96271e-20)
(0.620194 1.92309 3.05721e-20)
(0.92904 2.8305 -4.13791e-20)
(1.10323 3.19802 4.08339e-20)
(1.1436 3.08272 1.51798e-19)
(0.955668 2.35152 -3.36668e-19)
(0.529712 1.01085 4.25369e-19)
(0.0361837 0.0544815 -4.66531e-19)
(-0.238556 -0.97287 0)
(-0.410246 -1.38723 3.45922e-20)
(-0.268274 -1.27236 6.8626e-19)
(-0.00286449 0.0780907 -5.02821e-19)
(0.182885 0.750228 1.73231e-19)
(0.37686 1.36991 2.67482e-19)
(0.471448 1.6547 -1.56714e-20)
(0.494174 1.73562 -1.61502e-19)
(0.497119 1.72986 -1.02676e-19)
(0.488061 1.6961 2.29942e-19)
(0.483032 1.65425 -5.9983e-21)
(0.481028 1.61365 0)
(0.480482 1.62621 2.39497e-20)
(0.583557 1.84973 -1.07689e-20)
(0.901612 2.6639 3.26613e-20)
(1.15707 3.09222 0)
(1.21411 2.97052 -5.71568e-20)
(1.15279 2.55349 0)
(0.935808 1.65335 -7.27808e-20)
(0.542438 0.638467 1.33332e-20)
(0.205249 -0.235618 0)
(-0.0367071 -1.08786 0)
(-0.204159 -1.38192 1.19508e-19)
(-0.00234915 0.0159961 4.03093e-19)
(0.0868393 0.431721 -1.51088e-19)
(0.313436 1.22779 1.19592e-19)
(0.411223 1.59849 -1.88129e-19)
(0.440055 1.71284 7.36134e-20)
(0.448751 1.72355 -2.47157e-20)
(0.443985 1.69985 1.51133e-20)
(0.441463 1.65829 -3.08838e-20)
(0.4464 1.60799 -1.94197e-20)
(0.453705 1.60449 -1.43861e-20)
(0.521229 1.74693 5.67424e-21)
(0.784497 2.46164 0)
(1.0735 2.91777 1.20207e-20)
(1.12767 2.86989 0)
(1.08553 2.59522 0)
(0.98361 2.02662 0)
(0.675237 1.14249 4.08083e-19)
(0.408284 0.332351 -9.51265e-19)
(0.154395 -0.468613 1.80667e-21)
(0.019956 -0.724143 7.02231e-19)
(0.00716209 -0.0416709 7.15971e-20)
(0.023454 0.167481 6.71892e-20)
(0.209161 0.937185 -5.47448e-20)
(0.343018 1.48181 -4.11323e-20)
(0.386961 1.68876 3.32512e-20)
(0.397567 1.71969 2.30702e-20)
(0.395637 1.70594 1.59734e-20)
(0.390237 1.65978 0)
(0.39342 1.59906 -7.85076e-21)
(0.402762 1.5727 -3.96224e-21)
(0.42704 1.64378 7.2827e-21)
(0.560824 2.1248 0)
(0.846832 2.77715 1.66751e-20)
(0.879111 2.7734 -3.19165e-20)
(0.863123 2.6393 0)
(0.79643 2.31052 0)
(0.609179 1.70245 -2.95041e-20)
(0.397263 1.02989 0)
(0.199465 0.409236 -2.31604e-20)
(0.0382485 -0.0431591 0)
(0.00516986 -0.0769346 0)
(0.00196907 0.0170732 0)
(0.0945383 0.569478 0)
(0.254276 1.27631 0)
(0.319773 1.60756 -8.19647e-34)
(0.340734 1.69845 6.05938e-34)
(0.341824 1.69674 0)
(0.336958 1.66199 0)
(0.333324 1.59161 0)
(0.339673 1.54587 0)
(0.344047 1.58005 0)
(0.382373 1.91047 0)
(0.632369 2.61048 0)
(0.649922 2.74691 0)
(0.628854 2.70797 0)
(0.590645 2.53693 0)
(0.487768 2.1584 0)
(0.319735 1.57644 0)
(0.162285 1.02316 0)
(0.0387908 0.515671 0)
(-0.00401313 -0.0756216 0)
(0.0027656 -0.0636665 0)
(0.0297564 0.222683 0)
(0.180396 1.04208 0)
(0.25149 1.51343 0)
(0.277262 1.67082 0)
(0.282001 1.68743 0)
(0.279599 1.66242 0)
(0.273575 1.58815 0)
(0.276152 1.53105 0)
(0.2801 1.55242 0)
(0.263309 1.81836 0)
(0.470575 2.50748 0)
(0.493311 2.75606 0)
(0.46085 2.76686 0)
(0.430696 2.68466 0)
(0.366595 2.43096 0)
(0.241809 1.94879 0)
(0.116079 1.44872 0)
(0.0222231 0.866805 0)
(-0.00420237 -0.0747407 0)
(0.0183099 -0.105015 0)
(0.0198238 0.0688647 0)
(0.111788 0.800028 0)
(0.19115 1.40587 0)
(0.215033 1.63678 0)
(0.219322 1.67523 0)
(0.219223 1.65824 0)
(0.212949 1.58863 0)
(0.213599 1.52882 0)
(0.226322 1.54593 0)
(0.177277 1.77224 0)
(0.334786 2.44001 0)
(0.363029 2.77352 0)
(0.325284 2.83191 0)
(0.299149 2.79834 0)
(0.253398 2.62604 0)
(0.165445 2.22625 0)
(0.0711054 1.74185 0)
(0.0106654 1.0792 0)
(0.00306527 -0.1177 0)
(0.0311679 -0.178169 0)
(0.0339926 -0.010884 0)
(0.0658036 0.631351 0)
(0.129886 1.31424 0)
(0.14925 1.60246 0)
(0.154851 1.66434 0)
(0.160095 1.6535 0)
(0.15692 1.59159 0)
(0.157288 1.53368 0)
(0.180348 1.54985 0)
(0.115542 1.7465 0)
(0.229404 2.38969 0)
(0.259178 2.78902 0)
(0.222916 2.89001 0)
(0.195778 2.88288 0)
(0.164723 2.76332 0)
(0.105393 2.43254 0)
(0.0385298 1.97882 0)
(5.23599e-05 1.23029 0)
(0.00821665 -0.193466 0)
(0.0314097 -0.250519 0)
(0.0324414 -0.0233277 0)
(0.0137684 0.595461 0)
(0.0554298 1.27004 0)
(0.0706524 1.57741 0)
(0.0864362 1.65114 0)
(0.0991811 1.64642 0)
(0.105918 1.59085 0)
(0.108168 1.53849 0)
(0.139099 1.55684 0)
(0.0737857 1.73353 0)
(0.150122 2.35892 0)
(0.174544 2.8021 0)
(0.14464 2.93579 0)
(0.11915 2.94854 0)
(0.0958095 2.86067 0)
(0.053087 2.56393 0)
(0.00799654 2.1034 0)
(-0.00940054 1.25103 0)
(0.00735072 -0.254855 0)
(0.0198557 -0.287213 0)
(0.00273162 0.0315328 0)
(-0.0368398 0.627694 0)
(-0.024631 1.25277 0)
(-0.0113142 1.55475 0)
(0.0186342 1.63436 0)
(0.0421326 1.63303 0)
(0.0611643 1.58358 0)
(0.0643894 1.53915 0)
(0.100227 1.56169 0)
(0.0446222 1.72377 0)
(0.0962806 2.33684 0)
(0.111185 2.81511 0)
(0.0852075 2.97311 0)
(0.0638367 3.00198 0)
(0.0497979 2.93017 0)
(0.0207286 2.65927 0)
(-0.00545959 2.19686 0)
(-0.0139836 1.23301 0)
(0.00346824 -0.275197 0)
(-0.0107334 -0.240322 0)
(-0.0445147 0.138625 0)
(-0.0894278 0.713849 0)
(-0.0905424 1.25275 0)
(-0.076251 1.51909 0)
(-0.0407923 1.60119 0)
(-0.00931997 1.61056 0)
(0.0196706 1.5677 0)
(0.0265292 1.53158 0)
(0.0658006 1.56288 0)
(0.0231947 1.72024 0)
(0.0585593 2.3216 0)
(0.0645266 2.82176 0)
(0.0424077 2.9998 0)
(0.0258758 3.03954 0)
(0.0127363 2.97731 0)
(-0.007507 2.70938 0)
(-0.0255673 2.21869 0)
(-0.0155837 1.17992 0)
(-0.00521355 -0.230774 0)
(-0.0321298 -0.142045 0)
(-0.0767228 0.247186 0)
(-0.118407 0.787267 0)
(-0.12497 1.24177 0)
(-0.110317 1.47108 0)
(-0.0763347 1.55568 0)
(-0.0464105 1.57753 0)
(-0.0113242 1.54415 0)
(-0.00256395 1.51676 0)
(0.0368208 1.55917 0)
(0.00674589 1.71816 0)
(0.0304373 2.3151 0)
(0.0289064 2.82956 0)
(0.0111655 3.01917 0)
(-0.00301696 3.06783 0)
(-0.0121611 3.00764 0)
(-0.0257531 2.73763 0)
(-0.0320263 2.21029 0)
(-0.0187573 1.08369 0)
(-0.00875835 -0.151249 0)
(-0.0392154 -0.014812 0)
(-0.0865094 0.363475 0)
(-0.1263 0.851454 0)
(-0.133538 1.2269 0)
(-0.121294 1.4233 0)
(-0.0914375 1.50781 0)
(-0.065618 1.53845 0)
(-0.0297446 1.51701 0)
(-0.0225997 1.49828 0)
(0.0156856 1.55319 0)
(-0.00806809 1.71632 0)
(0.0102252 2.31183 0)
(0.00235067 2.83408 0)
(-0.0102932 3.03399 0)
(-0.0215011 3.08666 0)
(-0.029969 3.02475 0)
(-0.0390289 2.74721 0)
(-0.0375792 2.18584 0)
(-0.0186835 0.979305 0)
(-0.00869963 -0.0646665 0)
(-0.0377674 0.109734 0)
(-0.0819014 0.465036 0)
(-0.117665 0.901256 0)
(-0.125128 1.2172 0)
(-0.115252 1.38693 0)
(-0.0917084 1.46807 0)
(-0.072352 1.50185 0)
(-0.0394923 1.49008 0)
(-0.0355788 1.48039 0)
(0.00180476 1.5473 0)
(-0.0190021 1.7184 0)
(-0.00761569 2.31583 0)
(-0.0166955 2.84104 0)
(-0.0247881 3.04554 0)
(-0.0338382 3.09982 0)
(-0.0384612 3.03524 0)
(-0.0442587 2.7423 0)
(-0.0381006 2.13314 0)
(-0.0153582 0.873238 0)
(-0.00713302 0.0161125 0)
(-0.0319221 0.228164 0)
(-0.0699962 0.562352 0)
(-0.100874 0.95002 0)
(-0.107937 1.21795 0)
(-0.10196 1.36533 0)
(-0.085133 1.43982 0)
(-0.0710164 1.47279 0)
(-0.043449 1.46749 0)
(-0.0422128 1.46444 0)
(-0.00689754 1.53969 0)
(-0.0264476 1.71812 0)
(-0.0190648 2.31813 0)
(-0.0307356 2.85038 0)
(-0.0350621 3.05651 0)
(-0.0409663 3.10964 0)
(-0.043655 3.03836 0)
(-0.0438275 2.73286 0)
(-0.0351376 2.0849 0)
(-0.0105922 0.783505 0)
(-0.00485707 0.0784844 0)
(-0.0237124 0.321596 0)
(-0.0542329 0.638439 0)
(-0.0793929 0.98851 0)
(-0.0865248 1.22423 0)
(-0.0843392 1.35622 0)
(-0.0737269 1.42457 0)
(-0.0655885 1.45442 0)
(-0.0429954 1.45137 0)
(-0.0444699 1.45267 0)
(-0.0121802 1.53342 0)
(-0.0325917 1.72282 0)
(-0.0266432 2.32518 0)
(-0.0370097 2.85852 0)
(-0.0402819 3.06376 0)
(-0.0443993 3.11491 0)
(-0.0442001 3.03689 0)
(-0.0429143 2.71101 0)
(-0.0314455 2.0167 0)
(-0.00667819 0.706133 0)
(-0.00292678 0.123592 0)
(-0.0162176 0.397109 0)
(-0.039816 0.705194 0)
(-0.0602459 1.02591 0)
(-0.0672981 1.23516 0)
(-0.0679789 1.35399 0)
(-0.0618068 1.4168 0)
(-0.0570873 1.44381 0)
(-0.0383291 1.44149 0)
(-0.042515 1.44379 0)
(-0.0147504 1.52887 0)
(-0.0344586 1.72583 0)
(-0.0310047 2.33237 0)
(-0.0405251 2.86583 0)
(-0.0424125 3.06883 0)
(-0.0449478 3.11772 0)
(-0.0434883 3.03312 0)
(-0.0403927 2.69468 0)
(-0.0271192 1.96266 0)
(-0.00369392 0.648103 0)
(-0.00154441 0.151652 0)
(-0.0101052 0.448443 0)
(-0.0272828 0.752338 0)
(-0.0426596 1.05381 0)
(-0.0495441 1.24654 0)
(-0.0526886 1.35542 0)
(-0.0501453 1.41305 0)
(-0.0488654 1.43713 0)
(-0.0341669 1.4348 0)
(-0.0411883 1.43851 0)
(-0.015583 1.52625 0)
(-0.037132 1.73203 0)
(-0.0311111 2.34108 0)
(-0.0414603 2.87249 0)
(-0.0433791 3.07259 0)
(-0.0445934 3.11729 0)
(-0.042777 3.02372 0)
(-0.0379864 2.66067 0)
(-0.0231123 1.89174 0)
(-0.00171983 0.59758 0)
(-0.000699448 0.16896 0)
(-0.00592164 0.486179 0)
(-0.0184264 0.791123 0)
(-0.0304168 1.07825 0)
(-0.0361286 1.25895 0)
(-0.0406192 1.35942 0)
(-0.0403971 1.41176 0)
(-0.0406961 1.4326 0)
(-0.0298904 1.43011 0)
(-0.0400975 1.43412 0)
(-0.0165935 1.5251 0)
(-0.0366489 1.73658 0)
(-0.0332918 2.34846 0)
(-0.0421478 2.87753 0)
(-0.0427723 3.07396 0)
(-0.0438468 3.11572 0)
(-0.0406431 3.01634 0)
(-0.0346452 2.64074 0)
(-0.0192351 1.84067 0)
(-0.000161039 0.56272 0)
(-0.000298786 0.178142 0)
(-0.00349293 0.509718 0)
(-0.0124446 0.817683 0)
(-0.0216393 1.09619 0)
(-0.026803 1.27061 0)
(-0.0316743 1.36516 0)
(-0.0333444 1.41225 0)
(-0.0353342 1.42978 0)
(-0.0277577 1.42823 0)
(-0.0389556 1.43244 0)
(-0.0177883 1.52484 0)
(-0.0368648 1.74155 0)
(-0.0318716 2.35309 0)
(-0.0406235 2.88064 0)
(-0.041895 3.07369 0)
(-0.0420919 3.11165 0)
(-0.0383341 3.00051 0)
(-0.0327868 2.60014 0)
(-0.0157431 1.76949 0)
(0.000515161 0.530673 0)
(-0.0001307 0.184072 0)
(-0.00214949 0.527755 0)
(-0.00888135 0.839692 0)
(-0.0163171 1.11127 0)
(-0.0208057 1.28058 0)
(-0.024941 1.37191 0)
(-0.0268923 1.41601 0)
(-0.0298881 1.43083 0)
(-0.0253104 1.42807 0)
(-0.0361551 1.43047 0)
(-0.0189134 1.525 0)
(-0.037338 1.74604 0)
(-0.0346464 2.35768 0)
(-0.0418424 2.88379 0)
(-0.0412912 3.0731 0)
(-0.0414492 3.10854 0)
(-0.0378293 2.99138 0)
(-0.0299045 2.5783 0)
(-0.0135391 1.72403 0)
(0.00086573 0.511181 0)
(-0.000105868 0.187343 0)
(-0.00156709 0.539288 0)
(-0.00661268 0.855733 0)
(-0.012658 1.124 0)
(-0.0174316 1.28938 0)
(-0.0208026 1.37734 0)
(-0.0232222 1.41861 0)
(-0.025847 1.4325 0)
(-0.0224538 1.42964 0)
(-0.0331814 1.43056 0)
(-0.0197072 1.52561 0)
(-0.0353005 1.751 0)
(-0.0327866 2.36169 0)
(-0.0406708 2.88651 0)
(-0.0403761 3.07163 0)
(-0.0394943 3.10281 0)
(-0.0349028 2.97388 0)
(-0.0289891 2.53613 0)
(-0.0117385 1.65874 0)
(0.00112842 0.489048 0)
(-8.65116e-05 0.190312 0)
(-0.00113058 0.549489 0)
(-0.00533853 0.869463 0)
(-0.00962878 1.13464 0)
(-0.0141965 1.29712 0)
(-0.0171871 1.38252 0)
(-0.01959 1.42222 0)
(-0.0228235 1.43476 0)
(-0.0206667 1.4313 0)
(-0.0298995 1.43083 0)
(-0.0197007 1.52656 0)
(-0.0355483 1.7559 0)
(-0.0353368 2.36621 0)
(-0.0405847 2.88851 0)
(-0.0405617 3.07093 0)
(-0.0402429 3.09918 0)
(-0.0374028 2.96337 0)
(-0.0299525 2.51256 0)
(-0.0112993 1.61438 0)
(0.000681159 0.475411 0)
(-9.55891e-05 0.191995 0)
(-0.000866306 0.556102 0)
(-0.00427608 0.879734 0)
(-0.00792349 1.14321 0)
(-0.0113994 1.30455 0)
(-0.0145232 1.38704 0)
(-0.0172232 1.4243 0)
(-0.0191681 1.43631 0)
(-0.0166702 1.43297 0)
(-0.026698 1.4328 0)
(-0.0196743 1.52887 0)
(-0.0327382 1.76232 0)
(-0.0339584 2.37278 0)
(-0.0410852 2.89219 0)
(-0.0410353 3.0709 0)
(-0.0394656 3.09374 0)
(-0.0361425 2.94567 0)
(-0.0288998 2.46904 0)
(-0.0108976 1.54961 0)
(0.000688387 0.455551 0)
(-9.13113e-05 0.194065 0)
(-0.000855571 0.563003 0)
(-0.0037879 0.889444 0)
(-0.0062495 1.14945 0)
(-0.00878425 1.31107 0)
(-0.0118748 1.3922 0)
(-0.0147401 1.42789 0)
(-0.0173181 1.43772 0)
(-0.0158487 1.4348 0)
(-0.0252777 1.43479 0)
(-0.0180556 1.5311 0)
(-0.0324922 1.76691 0)
(-0.0327657 2.37737 0)
(-0.0407171 2.89504 0)
(-0.0420805 3.07079 0)
(-0.0419908 3.09179 0)
(-0.038407 2.93582 0)
(-0.0305231 2.44413 0)
(-0.0109872 1.50917 0)
(0.000668882 0.442662 0)
(-0.000122299 0.195293 0)
(-0.00076307 0.567578 0)
(-0.0033894 0.895765 0)
(-0.00599497 1.15341 0)
(-0.00743467 1.31613 0)
(-0.0102342 1.39641 0)
(-0.0126364 1.42976 0)
(-0.0141744 1.43948 0)
(-0.0132874 1.43767 0)
(-0.0227555 1.43765 0)
(-0.0173987 1.53354 0)
(-0.0303248 1.77574 0)
(-0.0343981 2.38687 0)
(-0.0413812 2.90192 0)
(-0.0431358 3.07224 0)
(-0.0430079 3.08672 0)
(-0.0383495 2.9159 0)
(-0.0303729 2.39393 0)
(-0.0106064 1.43881 0)
(0.00108826 0.422968 0)
(-0.000138068 0.197549 0)
(-0.00122543 0.573717 0)
(-0.00379103 0.904434 0)
(-0.00654309 1.1577 0)
(-0.00700432 1.32011 0)
(-0.00929793 1.40085 0)
(-0.0117468 1.43283 0)
(-0.0142282 1.44108 0)
(-0.0135291 1.44008 0)
(-0.0229149 1.43998 0)
(-0.0176278 1.53505 0)
(-0.0287197 1.78121 0)
(-0.0363083 2.39303 0)
(-0.0448203 2.90595 0)
(-0.0467602 3.07262 0)
(-0.0477644 3.08565 0)
(-0.043665 2.90398 0)
(-0.0334788 2.36437 0)
(-0.0103688 1.39878 0)
(0.000639572 0.412591 0)
(-0.000182875 0.199744 0)
(-0.00106521 0.579642 0)
(-0.00345331 0.911216 0)
(-0.00593484 1.16086 0)
(-0.00678408 1.3222 0)
(-0.00851905 1.40377 0)
(-0.00952504 1.43535 0)
(-0.0127697 1.44365 0)
(-0.0120366 1.44345 0)
(-0.0207561 1.44421 0)
(-0.0170993 1.53802 0)
(-0.0317805 1.79276 0)
(-0.0391299 2.40659 0)
(-0.0486562 2.91562 0)
(-0.0511721 3.07541 0)
(-0.0499587 3.0805 0)
(-0.044917 2.87889 0)
(-0.0330926 2.30391 0)
(-0.0109864 1.32246 0)
(0.0020512 0.392906 0)
(-0.000260439 0.201784 0)
(-0.00163554 0.583795 0)
(-0.00404581 0.916197 0)
(-0.00737646 1.16439 0)
(-0.00801708 1.32437 0)
(-0.00894957 1.40593 0)
(-0.0104117 1.43731 0)
(-0.0142914 1.44533 0)
(-0.0134727 1.4449 0)
(-0.0224982 1.44636 0)
(-0.0186364 1.54076 0)
(-0.0306679 1.80014 0)
(-0.043889 2.41399 0)
(-0.0533042 2.92053 0)
(-0.0551439 3.07559 0)
(-0.05581 3.0785 0)
(-0.0504395 2.86402 0)
(-0.0362796 2.26907 0)
(-0.0101357 1.28156 0)
(0.00193798 0.387672 0)
(-0.000287533 0.207612 0)
(-0.00170852 0.594894 0)
(-0.00398514 0.928403 0)
(-0.00676603 1.1728 0)
(-0.00793257 1.32644 0)
(-0.00840604 1.408 0)
(-0.00927661 1.44215 0)
(-0.0140789 1.45095 0)
(-0.0144208 1.45039 0)
(-0.0240878 1.454 0)
(-0.0248172 1.54466 0)
(-0.0296497 1.82039 0)
(-0.0475177 2.43602 0)
(-0.0556391 2.93417 0)
(-0.0584365 3.07686 0)
(-0.0578458 3.06899 0)
(-0.0518864 2.82139 0)
(-0.0378597 2.17423 0)
(-0.0118559 1.17056 0)
(-0.00105567 0.354174 0)
(-0.23874 1.57543 1.26678e-22)
(0.396502 3.23661 1.93379e-20)
(0.091494 3.46696 6.3305e-20)
(0.198651 3.43558 0)
(0.158377 3.38962 0)
(0.152733 3.34247 -3.83468e-19)
(0.155107 3.31616 4.01532e-19)
(0.127752 3.27266 -4.1965e-19)
(0.113835 3.17886 7.73093e-21)
(0.0976383 2.56801 5.7444e-19)
(-0.105154 2.32756 1.02602e-23)
(0.131738 3.29173 1.67169e-19)
(0.0103331 3.43867 0)
(0.0972726 3.39154 0)
(0.0731094 3.34541 1.13897e-20)
(0.0783163 3.30787 7.95609e-19)
(0.0744294 3.27643 -4.43808e-19)
(0.0506011 3.2409 -7.46197e-21)
(0.0505923 3.08319 7.11982e-21)
(0.000687874 2.08636 0)
(-0.0277314 2.07511 1.82472e-19)
(0.0859131 3.14208 -1.9276e-19)
(0.0243984 3.34623 0)
(0.0723295 3.32527 3.66201e-19)
(0.0520196 3.30326 -1.3718e-21)
(0.0529457 3.28158 -4.13787e-19)
(0.0459848 3.26653 -5.13688e-19)
(0.0306468 3.24576 -2.1466e-22)
(0.0409208 3.11918 7.34878e-21)
(-0.0167331 2.21147 0)
(-0.0405856 2.01951 -4.65646e-20)
(0.0279392 3.11881 0)
(-0.013716 3.30947 -1.93388e-19)
(0.0212583 3.30765 -1.59114e-19)
(0.0163074 3.28403 1.44403e-20)
(0.0224552 3.26163 -2.67835e-19)
(0.027256 3.24627 2.38823e-19)
(0.0215343 3.23357 -8.56398e-21)
(0.0420445 3.1254 1.13192e-20)
(0.00725244 2.25039 2.9432e-19)
(-0.0527724 2.02508 -1.49849e-19)
(0.0134881 3.09032 0)
(-0.00760113 3.2671 4.17565e-19)
(0.011433 3.26228 -2.30643e-19)
(0.0141049 3.24837 -7.03766e-22)
(0.0170155 3.23769 -1.9486e-21)
(0.0213249 3.23335 -1.55295e-20)
(0.021979 3.2242 -3.0417e-19)
(0.0430044 3.12762 8.35933e-21)
(-0.00312139 2.31214 -6.1634e-19)
(-0.0499992 2.08519 0)
(-0.0102036 3.08619 -2.29687e-19)
(-0.0285723 3.24303 1.89918e-20)
(-0.0149648 3.24708 -1.59789e-20)
(-0.00557227 3.23235 1.63789e-20)
(0.00330956 3.21981 2.72008e-19)
(0.0157812 3.21121 2.84525e-19)
(0.0209812 3.20544 5.98321e-19)
(0.0427077 3.12399 3.31521e-19)
(0.0106016 2.3542 -1.66569e-20)
(-0.0512545 2.14095 0)
(-0.0198287 3.08207 2.37656e-19)
(-0.0191076 3.21396 -2.49448e-19)
(-0.0115675 3.21279 -1.72618e-20)
(-0.000342846 3.20248 3.5695e-20)
(0.00757326 3.19593 3.6734e-22)
(0.016503 3.19544 -1.91988e-20)
(0.0218609 3.191 -3.12766e-19)
(0.042351 3.12152 -3.22618e-19)
(0.0038479 2.41974 -1.72581e-20)
(-0.0477458 2.22873 2.74045e-19)
(-0.0285778 3.08556 -1.2728e-20)
(-0.0321502 3.19399 8.78588e-21)
(-0.023663 3.19543 0)
(-0.0134028 3.18554 0)
(-0.00135518 3.17782 0)
(0.0132785 3.17177 0)
(0.0206419 3.16933 3.48618e-19)
(0.0411713 3.1126 -3.59417e-19)
(0.0153606 2.46389 3.55124e-19)
(-0.0463901 2.30614 2.64645e-20)
(-0.0329569 3.08467 2.91584e-19)
(-0.021124 3.16956 0)
(-0.0146557 3.16535 -1.9657e-20)
(-0.0040552 3.15762 2.01034e-20)
(0.00527198 3.15323 0)
(0.0148444 3.1541 -1.08986e-20)
(0.0207509 3.15277 -3.38355e-19)
(0.0401799 3.1093 3.60644e-19)
(0.0104158 2.53305 0)
(-0.0437805 2.4038 1.60166e-20)
(-0.0358452 3.0862 -4.4725e-19)
(-0.0301043 3.14973 0)
(-0.0225231 3.14683 0)
(-0.013678 3.13909 2.15591e-20)
(-0.00212433 3.13355 -1.81906e-19)
(0.011658 3.12903 -2.27482e-20)
(0.019187 3.12933 1.93873e-19)
(0.0385608 3.09615 0)
(0.0192414 2.58107 0)
(-0.0400119 2.49017 -4.72883e-19)
(-0.0385822 3.08217 1.60283e-19)
(-0.0206462 3.12422 0)
(-0.0128999 3.11621 0)
(-0.00340826 3.10954 0)
(0.00557923 3.10664 3.74617e-19)
(0.0143702 3.10877 0)
(0.0201814 3.11062 -2.06837e-19)
(0.0378748 3.09051 1.27803e-20)
(0.0149414 2.65382 2.16456e-19)
(-0.0377591 2.58978 1.68656e-19)
(-0.0398062 3.07577 -1.63929e-20)
(-0.0296462 3.10131 1.96407e-19)
(-0.0210347 3.09503 1.90904e-19)
(-0.0124038 3.08842 0)
(-0.000772555 3.08417 -1.92484e-19)
(0.0125372 3.08133 0)
(0.0210121 3.0845 0)
(0.0384991 3.07217 0)
(0.022305 2.70643 -2.17461e-19)
(-0.0350951 2.67804 -1.78421e-19)
(-0.04298 3.0623 1.84234e-19)
(-0.0235423 3.07212 -1.85138e-19)
(-0.0130595 3.06216 -2.9186e-19)
(-0.00282047 3.05698 0)
(0.00714171 3.05553 2.61058e-20)
(0.016729 3.05877 -1.33263e-20)
(0.024801 3.06311 9.93417e-20)
(0.0417213 3.06164 1.23347e-19)
(0.0208301 2.78043 -1.26935e-19)
(-0.0343892 2.77326 1.83071e-19)
(-0.0460514 3.04535 -1.76477e-19)
(-0.0329198 3.04592 1.25761e-20)
(-0.0208761 3.04036 7.43232e-20)
(-0.0111402 3.03625 -1.06669e-19)
(0.00030587 3.03375 0)
(0.0138928 3.03198 1.14639e-19)
(0.0256301 3.0356 4.95097e-21)
(0.0446082 3.0366 -2.38753e-19)
(0.0286888 2.83262 -6.55224e-21)
(-0.0295334 2.85491 -5.22596e-20)
(-0.0442677 3.02146 1.27813e-20)
(-0.0231637 3.01774 -6.63334e-20)
(-0.0111946 3.01441 2.71604e-20)
(-0.00222112 3.01409 1.3002e-19)
(0.00627519 3.01344 -5.52592e-20)
(0.0143838 3.01431 -5.50127e-20)
(0.023357 3.01701 -5.71588e-20)
(0.0418272 3.02183 1.22624e-19)
(0.0248181 2.90031 5.99644e-20)
(-0.0176679 2.94076 4.20107e-20)
(-0.0259693 3.00092 1.85725e-20)
(-0.0161406 3.00088 3.65551e-20)
(-0.00935345 3.0016 -7.4941e-20)
(-0.00414573 3.00263 2.53236e-20)
(0.000678897 3.00215 5.14729e-20)
(0.00550872 3.00063 -5.37141e-20)
(0.0107245 2.99899 -5.61261e-20)
(0.0218022 2.99715 7.59726e-21)
(0.0165269 2.94914 5.38904e-20)
)
;

boundaryField
{
    wall-4
    {
        type            noSlip;
    }
    pressure-outlet-7
    {
        type            zeroGradient;
    }
    velocity-inlet-6
    {
        type            fixedValue;
        value           uniform (0 3 0);
    }
    velocity-inlet-5
    {
        type            fixedValue;
        value           uniform (1 0 0);
    }
    frontAndBackPlanes
    {
        type            empty;
    }
}


// ************************************************************************* //
