/*--------------------------------*- C++ -*----------------------------------*\
  =========                 |
  \\      /  F ield         | OpenFOAM: The Open Source CFD Toolbox
   \\    /   O peration     | Website:  https://openfoam.org
    \\  /    A nd           | Version:  9
     \\/     M anipulation  |
\*---------------------------------------------------------------------------*/
FoamFile
{
    format      ascii;
    class       volVectorField;
    location    "19";
    object      U;
}
// * * * * * * * * * * * * * * * * * * * * * * * * * * * * * * * * * * * * * //

dimensions      [0 1 -1 0 0 0 0];

internalField   nonuniform List<vector> 
2200
(
(0.878678 -0.030387 0)
(1.00568 -0.0513069 0)
(1.00289 -0.0353919 0)
(0.99996 -0.0245106 0)
(0.999847 -0.0168299 0)
(1.00012 -0.0109774 0)
(1.00014 -0.00700934 0)
(1.0001 -0.00417975 0)
(1.00009 -0.00215897 0)
(1.00016 -0.000686102 0)
(1.00009 0.00081371 0)
(1.00011 0.00233752 0)
(1.0001 0.004331 0)
(1.00017 0.0071988 0)
(1.00016 0.0111116 0)
(0.999881 0.0169513 0)
(1 0.0245999 0)
(1.00294 0.0354621 0)
(1.00567 0.0513295 0)
(0.878666 0.0304107 0)
(0.712209 -0.0327112 0)
(0.996656 -0.0628491 0)
(1.03357 -0.0560161 0)
(1.02488 -0.046025 0)
(1.01548 -0.0355553 0)
(1.00942 -0.0258905 0)
(1.006 -0.0177983 0)
(1.00399 -0.0113176 0)
(1.00271 -0.00601266 0)
(1.00207 -0.00161978 0)
(1.00204 0.00230597 0)
(1.00265 0.00668763 0)
(1.00398 0.011938 0)
(1.00592 0.0182638 0)
(1.00929 0.0263148 0)
(1.01536 0.0358816 0)
(1.02473 0.0462696 0)
(1.03335 0.0561986 0)
(0.996509 0.0630009 0)
(0.712017 0.0327388 0)
(0.5362 -0.0238705 0)
(0.970211 -0.0567339 0)
(1.05667 -0.054365 0)
(1.05268 -0.0484271 0)
(1.03662 -0.0398723 0)
(1.0245 -0.0314156 0)
(1.01575 -0.0233273 0)
(1.01 -0.0158776 0)
(1.00668 -0.00900663 0)
(1.0053 -0.00262311 0)
(1.00528 0.00375649 0)
(1.00664 0.010032 0)
(1.00982 0.016755 0)
(1.01549 0.0240932 0)
(1.02422 0.0319979 0)
(1.03631 0.0403739 0)
(1.05239 0.0488777 0)
(1.05645 0.0546127 0)
(0.969722 0.0569776 0)
(0.535539 0.0239351 0)
(0.393246 -0.0134557 0)
(0.912255 -0.0460918 0)
(1.05795 -0.0465976 0)
(1.07004 -0.0441079 0)
(1.0554 -0.0380159 0)
(1.03936 -0.0313045 0)
(1.02743 -0.0245352 0)
(1.01907 -0.0172984 0)
(1.01387 -0.0100241 0)
(1.01142 -0.00283299 0)
(1.01133 0.00445036 0)
(1.01362 0.0114749 0)
(1.0187 0.0185342 0)
(1.02698 0.0255739 0)
(1.0389 0.0322815 0)
(1.05498 0.0388545 0)
(1.0695 0.0448098 0)
(1.05706 0.0472137 0)
(0.911096 0.0463822 0)
(0.391865 0.0135449 0)
(0.310549 -0.00428862 0)
(0.848691 -0.0315068 0)
(1.0498 -0.0387399 0)
(1.07912 -0.0370084 0)
(1.06821 -0.0328656 0)
(1.05177 -0.027617 0)
(1.03814 -0.0224545 0)
(1.02769 -0.0165356 0)
(1.02082 -0.0098717 0)
(1.0174 -0.00257162 0)
(1.01719 0.00481651 0)
(1.02032 0.0119875 0)
(1.02707 0.0184388 0)
(1.03745 0.0241838 0)
(1.05101 0.029031 0)
(1.06731 0.0339966 0)
(1.07808 0.0378704 0)
(1.04842 0.0394021 0)
(0.846538 0.0318343 0)
(0.308458 0.00436321 0)
(0.268929 0.000286208 0)
(0.793921 -0.0191029 0)
(1.03484 -0.0294329 0)
(1.08308 -0.0297212 0)
(1.07648 -0.0266653 0)
(1.06064 -0.0223664 0)
(1.04708 -0.0183702 0)
(1.03595 -0.0137743 0)
(1.02792 -0.00841376 0)
(1.02335 -0.0019047 0)
(1.02314 0.00472076 0)
(1.02733 0.0110406 0)
(1.035 0.0161096 0)
(1.04588 0.0202945 0)
(1.05922 0.0239872 0)
(1.07504 0.0280443 0)
(1.08139 0.0308291 0)
(1.03264 0.030254 0)
(0.790713 0.0194924 0)
(0.266128 -0.00021314 0)
(0.246609 0.00134373 0)
(0.746022 -0.0114426 0)
(1.01715 -0.0232821 0)
(1.08385 -0.0245715 0)
(1.08154 -0.0219986 0)
(1.06642 -0.0182176 0)
(1.05352 -0.0146512 0)
(1.04338 -0.010557 0)
(1.03553 -0.00607854 0)
(1.03057 -0.000885952 0)
(1.0303 0.00450012 0)
(1.03472 0.00937664 0)
(1.0421 0.0134438 0)
(1.05185 0.0171859 0)
(1.06473 0.0204226 0)
(1.0796 0.0238206 0)
(1.08149 0.0260953 0)
(1.01366 0.0243953 0)
(0.741013 0.0119229 0)
(0.242852 -0.00123115 0)
(0.23448 0.00116597 0)
(0.705985 -0.00650344 0)
(0.99779 -0.0182526 0)
(1.08262 -0.0201963 0)
(1.08512 -0.0182264 0)
(1.07087 -0.0151856 0)
(1.05762 -0.0117879 0)
(1.04738 -0.00819666 0)
(1.03973 -0.00425057 0)
(1.03521 -3.17995e-05 0)
(1.03471 0.00461705 0)
(1.03838 0.00852509 0)
(1.04537 0.0120322 0)
(1.05551 0.015103 0)
(1.06829 0.0179114 0)
(1.08227 0.0205061 0)
(1.07924 0.0220314 0)
(0.992878 0.0194853 0)
(0.699173 0.00702869 0)
(0.229701 -0.00101995 0)
(0.229297 0.000796348 0)
(0.678364 -0.00250533 0)
(0.980341 -0.0118235 0)
(1.07967 -0.0139561 0)
(1.08706 -0.0132192 0)
(1.07333 -0.0112644 0)
(1.05948 -0.00911237 0)
(1.04884 -0.00633176 0)
(1.04124 -0.00292293 0)
(1.03697 0.000806133 0)
(1.03629 0.00511463 0)
(1.03947 0.00846504 0)
(1.04641 0.0113062 0)
(1.05607 0.0133193 0)
(1.06984 0.0147404 0)
(1.08314 0.0161395 0)
(1.07473 0.0162154 0)
(0.973174 0.0132935 0)
(0.669445 0.00315991 0)
(0.223147 -0.000642677 0)
(0.228633 0.000486329 0)
(0.663976 -9.00158e-05 0)
(0.966655 -0.00588432 0)
(1.07576 -0.00794658 0)
(1.08799 -0.00818895 0)
(1.07554 -0.00720197 0)
(1.06149 -0.00611325 0)
(1.05068 -0.0042673 0)
(1.04288 -0.0015281 0)
(1.03856 0.0018175 0)
(1.03777 0.00557914 0)
(1.04076 0.00830095 0)
(1.04744 0.0102477 0)
(1.05774 0.0110041 0)
(1.07129 0.0115068 0)
(1.08266 0.0115689 0)
(1.06918 0.0105156 0)
(0.957515 0.00761095 0)
(0.65262 0.000873763 0)
(0.220926 -0.00029757 0)
(0.229812 0.000221224 0)
(0.658271 0.00059786 0)
(0.958113 -0.00244367 0)
(1.07268 -0.00422513 0)
(1.08845 -0.00485948 0)
(1.07784 -0.0045242 0)
(1.06467 -0.00367522 0)
(1.05449 -0.00218525 0)
(1.04681 2.50879e-05 0)
(1.04213 0.00291047 0)
(1.04089 0.00598025 0)
(1.04342 0.00819424 0)
(1.04969 0.00948584 0)
(1.05907 0.0104748 0)
(1.07116 0.00988407 0)
(1.08126 0.00916302 0)
(1.06383 0.00761646 0)
(0.946266 0.00470371 0)
(0.64406 0.000410589 0)
(0.22012 7.85778e-06 0)
(0.23119 -7.37321e-06 0)
(0.657003 0.000713475 0)
(0.953721 -0.000845618 0)
(1.07029 -0.00263109 0)
(1.08828 -0.00338677 0)
(1.07882 -0.00330708 0)
(1.06709 -0.00275374 0)
(1.05782 -0.000952801 0)
(1.05087 0.00139593 0)
(1.04641 0.00442267 0)
(1.04482 0.00726727 0)
(1.04658 0.00943429 0)
(1.05159 0.010442 0)
(1.05896 0.0107612 0)
(1.07028 0.00981297 0)
(1.07881 0.00870404 0)
(1.05871 0.00675338 0)
(0.937942 0.00376999 0)
(0.638678 0.000717305 0)
(0.219027 0.000165168 0)
(0.232575 0.000139255 0)
(0.657282 0.000887366 0)
(0.94986 0.000220341 0)
(1.06744 -0.00115342 0)
(1.08673 -0.0021613 0)
(1.07851 -0.00244178 0)
(1.06766 -0.00187346 0)
(1.059 -6.89388e-05 0)
(1.05246 0.00242628 0)
(1.04808 0.00576936 0)
(1.04619 0.00876704 0)
(1.04732 0.0111079 0)
(1.0514 0.0119732 0)
(1.05816 0.0115962 0)
(1.06825 0.0106832 0)
(1.07447 0.00899474 0)
(1.05237 0.00639979 0)
(0.930023 0.00324929 0)
(0.633546 0.000843718 0)
(0.217016 0.000202732 0)
(0.234582 0.00032368 0)
(0.658606 0.00120275 0)
(0.947488 0.00157299 0)
(1.06443 0.000241576 0)
(1.08486 -0.000884883 0)
(1.07826 -0.00130875 0)
(1.06842 -0.00048689 0)
(1.06034 0.00142847 0)
(1.05393 0.0041407 0)
(1.04927 0.00761884 0)
(1.04696 0.0106019 0)
(1.04754 0.0128602 0)
(1.05083 0.0134966 0)
(1.05663 0.0131011 0)
(1.06487 0.0116122 0)
(1.06917 0.00903251 0)
(1.04529 0.00587149 0)
(0.922922 0.00269964 0)
(0.629415 0.000793178 0)
(0.215272 0.000190051 0)
(0.237847 0.000394184 0)
(0.662302 0.0015421 0)
(0.947688 0.00264884 0)
(1.06177 0.00193166 0)
(1.08338 0.00115131 0)
(1.07889 0.000698954 0)
(1.07075 0.00158967 0)
(1.06358 0.00355011 0)
(1.05735 0.00638374 0)
(1.0522 0.00982865 0)
(1.04903 0.0126988 0)
(1.04857 0.0145876 0)
(1.05063 0.0149519 0)
(1.05504 0.0143072 0)
(1.06099 0.0124719 0)
(1.06304 0.00962424 0)
(1.03753 0.00619348 0)
(0.915703 0.00296844 0)
(0.624822 0.00108826 0)
(0.213123 0.000266278 0)
(0.241087 0.000384338 0)
(0.666391 0.00180012 0)
(0.949037 0.00331036 0)
(1.06079 0.00323541 0)
(1.0827 0.00282111 0)
(1.07983 0.00289342 0)
(1.07332 0.00430937 0)
(1.067 0.00658549 0)
(1.061 0.00963681 0)
(1.05545 0.0130066 0)
(1.05138 0.0156518 0)
(1.04984 0.0169167 0)
(1.05049 0.0168332 0)
(1.05344 0.0154894 0)
(1.05715 0.013198 0)
(1.05705 0.0100037 0)
(1.03014 0.00649271 0)
(0.909089 0.00341938 0)
(0.620209 0.00148327 0)
(0.210478 0.000350401 0)
(0.245885 0.000491992 0)
(0.674015 0.00233548 0)
(0.952452 0.00430546 0)
(1.06135 0.00506948 0)
(1.08299 0.00529648 0)
(1.08137 0.00594275 0)
(1.07601 0.00756979 0)
(1.0702 0.0101005 0)
(1.06418 0.0133598 0)
(1.05805 0.0166794 0)
(1.05294 0.0190655 0)
(1.05011 0.0196644 0)
(1.04934 0.0188999 0)
(1.05051 0.0170197 0)
(1.05229 0.014374 0)
(1.05042 0.0110493 0)
(1.02255 0.00759231 0)
(0.901924 0.00439228 0)
(0.613866 0.00196899 0)
(0.206662 0.000446932 0)
(0.250553 0.000633309 0)
(0.680121 0.00273882 0)
(0.956522 0.00532268 0)
(1.06338 0.00674283 0)
(1.08473 0.00806964 0)
(1.08379 0.00964238 0)
(1.07902 0.0120293 0)
(1.07333 0.0150134 0)
(1.06685 0.018385 0)
(1.05974 0.0215294 0)
(1.05328 0.023367 0)
(1.04897 0.0231475 0)
(1.04689 0.0214695 0)
(1.04654 0.0188734 0)
(1.04682 0.0155259 0)
(1.04349 0.0118333 0)
(1.01455 0.00814898 0)
(0.893795 0.00494939 0)
(0.606531 0.00231565 0)
(0.202199 0.000522955 0)
(0.258283 0.000870209 0)
(0.692269 0.00380722 0)
(0.964972 0.00748513 0)
(1.06782 0.0100307 0)
(1.08816 0.0119379 0)
(1.08756 0.0142484 0)
(1.08302 0.0172158 0)
(1.07717 0.0206446 0)
(1.07001 0.0242907 0)
(1.06167 0.0272703 0)
(1.05358 0.0284283 0)
(1.04762 0.0272714 0)
(1.04409 0.0245466 0)
(1.04223 0.02117 0)
(1.04111 0.0173422 0)
(1.03658 0.0135113 0)
(1.00693 0.00984093 0)
(0.885716 0.00628544 0)
(0.597885 0.0029012 0)
(0.196652 0.000630713 0)
(0.2663 0.0011476 0)
(0.703458 0.00452853 0)
(0.973879 0.0089832 0)
(1.07434 0.0124055 0)
(1.09389 0.0158655 0)
(1.09304 0.019522 0)
(1.08821 0.0235465 0)
(1.08161 0.0278593 0)
(1.07324 0.0319389 0)
(1.06313 0.0348325 0)
(1.05295 0.0352217 0)
(1.045 0.0329901 0)
(1.03979 0.0292487 0)
(1.03645 0.0249243 0)
(1.03404 0.0203477 0)
(1.02836 0.0157767 0)
(0.997239 0.0113321 0)
(0.874299 0.00732944 0)
(0.586452 0.00345483 0)
(0.189893 0.000765334 0)
(0.279234 0.00152757 0)
(0.722428 0.00655089 0)
(0.987971 0.0125197 0)
(1.08373 0.0173264 0)
(1.10143 0.0213256 0)
(1.10015 0.0260646 0)
(1.0945 0.0311833 0)
(1.08673 0.0363673 0)
(1.0766 0.0409083 0)
(1.06425 0.043673 0)
(1.05168 0.043185 0)
(1.04165 0.0396645 0)
(1.03482 0.0346434 0)
(1.03018 0.029168 0)
(1.02668 0.0237385 0)
(1.02005 0.0188074 0)
(0.988053 0.014194 0)
(0.863859 0.00945268 0)
(0.574335 0.0043884 0)
(0.181869 0.000923578 0)
(0.293804 0.00212217 0)
(0.743212 0.00767907 0)
(1.00431 0.0152763 0)
(1.09591 0.0214627 0)
(1.11207 0.0276205 0)
(1.10947 0.0342697 0)
(1.10234 0.0408267 0)
(1.09261 0.047169 0)
(1.08006 0.0524087 0)
(1.06489 0.0550072 0)
(1.04939 0.0535536 0)
(1.0369 0.0486764 0)
(1.02809 0.04236 0)
(1.02189 0.0356854 0)
(1.01725 0.0292222 0)
(1.00939 0.0228946 0)
(0.974853 0.0168299 0)
(0.846444 0.0110477 0)
(0.556159 0.00513422 0)
(0.171521 0.00110064 0)
(0.315514 0.00302862 0)
(0.772123 0.0117552 0)
(1.02679 0.0212524 0)
(1.1124 0.0295051 0)
(1.1256 0.0367831 0)
(1.12121 0.0450389 0)
(1.11182 0.0532382 0)
(1.09926 0.0608203 0)
(1.08351 0.0664837 0)
(1.06476 0.0686439 0)
(1.04586 0.065928 0)
(1.0307 0.0593311 0)
(1.01996 0.0512735 0)
(1.01232 0.0428832 0)
(1.00643 0.0349223 0)
(0.997426 0.0278144 0)
(0.961532 0.0210551 0)
(0.83174 0.0141444 0)
(0.539083 0.00651594 0)
(0.160212 0.0012657 0)
(0.345631 0.0041802 0)
(0.81191 0.0143875 0)
(1.05568 0.02794 0)
(1.13306 0.0387017 0)
(1.14316 0.0485019 0)
(1.13558 0.0598638 0)
(1.12286 0.0697565 0)
(1.1066 0.0783674 0)
(1.08687 0.0841599 0)
(1.06406 0.0854942 0)
(1.04144 0.0810394 0)
(1.02331 0.0724111 0)
(1.01025 0.0625148 0)
(1.00087 0.0526954 0)
(0.99363 0.043378 0)
(0.982762 0.0344497 0)
(0.942676 0.0258194 0)
(0.804614 0.0168982 0)
(0.510007 0.0074737 0)
(0.144628 0.00144463 0)
(0.381869 0.00821505 0)
(0.859111 0.0240962 0)
(1.09222 0.0399692 0)
(1.15924 0.0536725 0)
(1.16494 0.0668733 0)
(1.15255 0.0802611 0)
(1.13529 0.0912754 0)
(1.11423 0.10042 0)
(1.08963 0.105676 0)
(1.062 0.105438 0)
(1.03498 0.0988216 0)
(1.01359 0.0879521 0)
(0.998244 0.0759002 0)
(0.987063 0.0638495 0)
(0.978208 0.0525753 0)
(0.965453 0.042062 0)
(0.922311 0.0317014 0)
(0.782849 0.021247 0)
(0.486768 0.00972321 0)
(0.130572 0.00146671 0)
(0.466333 0.0117795 0)
(0.935841 0.0339649 0)
(1.14081 0.0595049 0)
(1.19179 0.0767541 0)
(1.19078 0.0940665 6.91726e-35)
(1.17145 0.108628 -4.74402e-35)
(1.14806 0.120353 0)
(1.12121 0.128824 0)
(1.09117 0.132383 0)
(1.05843 0.129751 0)
(1.02725 0.120139 0)
(1.00264 0.106205 0)
(0.984609 0.0916921 0)
(0.971294 0.0778825 0)
(0.960488 0.0649093 0)
(0.944845 0.0527358 0)
(0.895554 0.0404509 0)
(0.741759 0.0267414 0)
(0.437066 0.0105958 0)
(0.105473 0.00129155 0)
(0.531541 0.026994 -7.83957e-21)
(1.02325 0.0585856 5.27499e-21)
(1.19445 0.0919304 0)
(1.22771 0.112863 7.08786e-22)
(1.21723 0.132878 -5.74382e-22)
(1.18992 0.146998 5.00512e-35)
(1.16 0.157592 0)
(1.12692 0.164157 4.70375e-21)
(1.09076 0.165389 -1.68929e-20)
(1.05197 0.159774 3.73946e-21)
(1.0153 0.146792 0)
(0.986284 0.130229 -1.23393e-20)
(0.965146 0.113579 -1.54632e-20)
(0.949058 0.0975516 2.71983e-20)
(0.93518 0.0826635 -2.18859e-20)
(0.914632 0.0680047 0)
(0.855153 0.0521683 -8.43801e-21)
(0.688209 0.0350641 0)
(0.390719 0.0171558 -4.56198e-20)
(0.0880941 0.00234685 5.4108e-20)
(0.55748 0.0543904 -6.22303e-23)
(1.07294 0.103111 -4.63481e-20)
(1.2374 0.143936 1.21696e-20)
(1.26055 0.162015 1.80053e-20)
(1.24086 0.180939 -4.57124e-22)
(1.20629 0.192905 1.4801e-21)
(1.16982 0.20157 0)
(1.13014 0.206208 0)
(1.08749 0.20525 2.63949e-20)
(1.0426 0.197094 0)
(1.00062 0.181781 4.22697e-20)
(0.967025 0.16292 1.32381e-20)
(0.940806 0.144257 3.67162e-22)
(0.920071 0.127083 -3.05497e-20)
(0.902179 0.111242 0)
(0.878068 0.0968471 0)
(0.817394 0.0794608 -1.42898e-19)
(0.658675 0.0595088 3.59119e-19)
(0.379187 0.0303503 -2.13457e-19)
(0.0890865 0.00868069 -2.5409e-19)
(0.559764 0.0816397 8.04757e-20)
(1.10077 0.161634 -2.3552e-20)
(1.2692 0.2074 -6.23583e-21)
(1.28681 0.222097 -3.44969e-20)
(1.2597 0.237189 1.36444e-20)
(1.219 0.245121 1.38421e-21)
(1.17627 0.250619 3.58467e-21)
(1.13035 0.252305 0)
(1.08171 0.248336 -5.45226e-20)
(1.03072 0.237095 6.12365e-20)
(0.98221 0.218669 -1.15574e-19)
(0.942775 0.19775 5.64463e-20)
(0.913693 0.178804 -4.18712e-20)
(0.890733 0.161646 9.1611e-20)
(0.869928 0.146088 0)
(0.844032 0.13143 -3.61148e-20)
(0.786061 0.115429 0)
(0.640963 0.0881948 2.06499e-19)
(0.381588 0.0520734 -4.90144e-19)
(0.102462 0.014667 3.07729e-19)
(0.546623 0.113241 -3.78815e-19)
(1.11414 0.221364 1.51371e-19)
(1.28842 0.27579 2.43507e-20)
(1.30437 0.287256 0)
(1.27231 0.298183 1.89771e-20)
(1.22694 0.301508 -2.06412e-20)
(1.17892 0.303151 -3.67407e-21)
(1.12774 0.300989 0)
(1.0739 0.293261 3.84309e-20)
(1.01762 0.278407 -4.19947e-20)
(0.965214 0.257298 1.01486e-19)
(0.923492 0.235209 0)
(0.88965 0.214804 -8.80984e-20)
(0.8623 0.197555 4.85117e-20)
(0.839989 0.182387 1.32248e-19)
(0.814244 0.167919 -1.16324e-19)
(0.760556 0.150588 1.93067e-19)
(0.629131 0.120052 -4.29375e-19)
(0.390514 0.0744306 2.72766e-19)
(0.113938 0.0229113 -3.42542e-19)
(0.528096 0.137525 2.33131e-19)
(1.11454 0.276805 -1.71777e-19)
(1.2976 0.343619 7.60816e-20)
(1.31368 0.352788 -1.04785e-19)
(1.27816 0.360485 7.07671e-20)
(1.22959 0.359567 -1.18934e-20)
(1.17766 0.357238 3.7037e-21)
(1.12243 0.350956 -2.40035e-20)
(1.06415 0.339412 -3.8095e-20)
(1.00303 0.321202 -9.01151e-20)
(0.94531 0.297388 -2.18948e-19)
(0.897978 0.272314 -7.39442e-20)
(0.863719 0.251357 2.78826e-21)
(0.837566 0.233363 -1.74774e-19)
(0.814979 0.21838 -6.30842e-21)
(0.790046 0.203138 1.70679e-19)
(0.741126 0.185366 -5.3099e-20)
(0.620805 0.151772 -3.11738e-20)
(0.395253 0.0970445 0)
(0.120453 0.0305832 7.32841e-19)
(0.508353 0.159405 0)
(1.10567 0.328224 5.30778e-20)
(1.29923 0.408003 3.68656e-20)
(1.3168 0.416611 -1.21452e-20)
(1.27868 0.422311 -8.5865e-20)
(1.22782 0.417463 1.88923e-20)
(1.17296 0.411354 2.43225e-22)
(1.11436 0.401139 4.36021e-20)
(1.05218 0.38585 -2.3024e-20)
(0.98698 0.363971 3.93332e-20)
(0.926384 0.335896 1.18083e-19)
(0.879167 0.309608 1.638e-19)
(0.842584 0.286989 -1.02368e-19)
(0.813664 0.267796 1.89393e-19)
(0.791215 0.251565 -1.52216e-19)
(0.768258 0.237568 0)
(0.723528 0.218462 -4.06999e-19)
(0.611818 0.182929 5.47138e-19)
(0.39537 0.117327 4.14675e-20)
(0.122412 0.0375108 -7.75273e-19)
(0.491779 0.180111 -5.66403e-21)
(1.09506 0.377594 -3.6211e-19)
(1.29562 0.469358 -2.7764e-19)
(1.31448 0.477873 2.31622e-19)
(1.27428 0.482174 -5.11013e-20)
(1.22204 0.473925 2.80534e-20)
(1.1651 0.464453 -1.24183e-20)
(1.10399 0.450639 -2.35916e-21)
(1.03892 0.431719 -7.96622e-20)
(0.970954 0.405956 9.29282e-22)
(0.908215 0.375472 -1.28522e-19)
(0.858307 0.345773 -1.74381e-19)
(0.821877 0.321012 1.15482e-19)
(0.794637 0.300777 -6.8101e-20)
(0.77143 0.284562 1.65738e-19)
(0.747573 0.269115 0)
(0.704715 0.248329 -2.52191e-19)
(0.59841 0.209865 3.73085e-19)
(0.388585 0.135635 7.14998e-19)
(0.120642 0.0423615 -8.40083e-19)
(0.476696 0.198475 -6.88425e-19)
(1.08064 0.423334 3.47757e-19)
(1.28821 0.52741 2.70273e-19)
(1.3084 0.536286 -2.51137e-19)
(1.26663 0.539399 1.11841e-20)
(1.21347 0.528143 7.4779e-20)
(1.15494 0.515798 1.8533e-22)
(1.09186 0.498717 -1.59932e-20)
(1.02445 0.476388 -4.95544e-20)
(0.953946 0.447079 8.73586e-20)
(0.88796 0.412342 1.20899e-19)
(0.836108 0.37919 2.73246e-19)
(0.798039 0.352784 0)
(0.768568 0.330761 5.4501e-21)
(0.74674 0.312423 -4.61192e-19)
(0.726419 0.298377 1.05879e-19)
(0.688349 0.277173 5.41622e-19)
(0.585822 0.23343 -1.58774e-19)
(0.377546 0.150323 3.39048e-19)
(0.116515 0.0460892 -2.80929e-20)
(0.466859 0.217117 6.36359e-21)
(1.0676 0.467558 3.21756e-19)
(1.27828 0.58296 2.05052e-19)
(1.29943 0.591899 -4.47292e-19)
(1.25631 0.593574 2.85776e-19)
(1.20262 0.579632 -9.18836e-20)
(1.1429 0.564907 -3.68961e-21)
(1.07832 0.545021 3.21117e-20)
(1.00891 0.51968 8.64637e-20)
(0.935941 0.487255 -1.13302e-19)
(0.868202 0.449232 0)
(0.816607 0.414609 -1.08119e-19)
(0.779229 0.385397 1.2413e-19)
(0.752205 0.362293 1.67841e-19)
(0.728286 0.342591 -9.62528e-20)
(0.704631 0.324393 -2.43613e-19)
(0.664963 0.300113 -7.41002e-20)
(0.565879 0.252538 -1.21934e-21)
(0.364615 0.161451 0)
(0.110846 0.0491688 0)
(0.457864 0.232992 -3.39964e-19)
(1.0537 0.508684 0)
(1.26666 0.635211 2.34855e-19)
(1.28877 0.644929 -1.08111e-19)
(1.24465 0.645034 -2.97402e-19)
(1.19047 0.628439 8.19995e-20)
(1.12967 0.611607 -9.90678e-21)
(1.06379 0.589258 -1.30829e-20)
(0.992749 0.561331 5.27213e-20)
(0.917942 0.525606 -4.74887e-20)
(0.848079 0.484097 6.77105e-20)
(0.792175 0.444171 3.37506e-19)
(0.750849 0.411431 1.33155e-20)
(0.719837 0.384589 -1.71155e-19)
(0.700782 0.363165 3.31592e-19)
(0.68331 0.347339 4.45721e-21)
(0.648902 0.321733 7.92789e-20)
(0.550914 0.270778 -3.86153e-19)
(0.350443 0.170613 3.91654e-19)
(0.104486 0.0510699 -4.67623e-19)
(0.451473 0.252663 3.30266e-23)
(1.04114 0.548211 0)
(1.25419 0.684281 0)
(1.27689 0.69504 1.00986e-19)
(1.23186 0.693683 1.16429e-19)
(1.17731 0.674649 -6.86636e-20)
(1.11555 0.655895 4.58284e-20)
(1.04854 0.631357 0)
(0.975928 0.601173 -8.73309e-20)
(0.898564 0.562841 1.658e-19)
(0.825332 0.518553 2.07769e-19)
(0.769923 0.476388 -1.27492e-19)
(0.732919 0.442007 -1.60252e-19)
(0.70745 0.414633 3.79295e-19)
(0.682976 0.391995 -1.17274e-19)
(0.659698 0.367727 -1.42577e-19)
(0.621718 0.340739 -8.73847e-20)
(0.527062 0.283322 -4.19061e-19)
(0.33478 0.177369 5.86863e-20)
(0.0972426 0.0520014 5.08282e-19)
(0.447863 0.271553 -1.35816e-19)
(1.02942 0.585295 -2.14298e-19)
(1.24116 0.730157 2.37558e-20)
(1.26439 0.742421 1.24174e-22)
(1.21871 0.739881 3.85921e-20)
(1.16377 0.718513 -1.82915e-19)
(1.1011 0.697902 0)
(1.03301 0.671379 1.20317e-20)
(0.958811 0.639233 -9.48723e-21)
(0.879541 0.598506 2.60283e-19)
(0.804585 0.55054 -5.29761e-20)
(0.746986 0.504155 5.80738e-20)
(0.703732 0.464653 0)
(0.671013 0.432356 -2.07243e-19)
(0.652717 0.404596 2.58887e-19)
(0.63701 0.387259 0)
(0.604865 0.354825 -1.91683e-19)
(0.5088 0.296058 5.60401e-19)
(0.31813 0.182058 6.68175e-20)
(0.0895201 0.0517548 -6.30113e-19)
(0.445748 0.288613 -3.01371e-19)
(1.01881 0.620478 3.86371e-19)
(1.22797 0.773015 0)
(1.25126 0.786743 2.51343e-19)
(1.20502 0.783287 0)
(1.14991 0.760038 1.71745e-19)
(1.08652 0.737777 0)
(1.01743 0.709464 0)
(0.94184 0.67558 -3.08995e-20)
(0.860578 0.633008 -2.54287e-19)
(0.783343 0.58318 -3.86238e-19)
(0.722742 0.534565 7.38578e-20)
(0.68173 0.492562 2.76951e-19)
(0.657151 0.458163 2.33555e-19)
(0.635031 0.431972 -8.30797e-19)
(0.612426 0.402331 -3.44185e-19)
(0.575047 0.370358 1.99996e-19)
(0.482777 0.303607 0)
(0.300059 0.184421 5.78607e-19)
(0.0810243 0.0504579 -6.84025e-19)
(0.444131 0.304362 3.3247e-19)
(1.00834 0.653186 -4.24598e-19)
(1.21473 0.812816 0)
(1.2381 0.828214 -1.01523e-20)
(1.1915 0.824134 -1.03413e-19)
(1.13623 0.799301 0)
(1.07224 0.775599 -1.48413e-20)
(1.00239 0.745723 1.89841e-20)
(0.925781 0.710358 -3.67023e-20)
(0.842789 0.666055 2.42801e-20)
(0.76264 0.613175 0)
(0.699282 0.560472 2.94197e-19)
(0.654683 0.515308 3.86685e-21)
(0.619356 0.47593 1.26949e-19)
(0.600692 0.441707 1.53217e-19)
(0.587073 0.416739 0)
(0.556156 0.377738 -3.38675e-19)
(0.46253 0.309933 6.63815e-19)
(0.281368 0.184527 -7.07473e-19)
(0.0726773 0.0479873 1.4862e-18)
(0.442671 0.319354 0)
(0.998766 0.684764 0)
(1.20174 0.850226 -2.32907e-19)
(1.22472 0.866891 0)
(1.17774 0.862182 0)
(1.12255 0.836159 2.46388e-19)
(1.05828 0.811332 -1.87171e-20)
(0.987844 0.78014 1.67884e-20)
(0.909975 0.743483 -1.51946e-21)
(0.8244 0.697928 0)
(0.74107 0.644138 -6.22009e-20)
(0.675791 0.590028 -2.44131e-19)
(0.628613 0.539295 -3.07467e-19)
(0.602829 0.496849 -1.28113e-19)
(0.580898 0.462158 1.68916e-19)
(0.560047 0.426526 -4.01463e-19)
(0.524965 0.389943 7.33593e-19)
(0.433858 0.312144 7.6737e-21)
(0.261774 0.182288 -6.84814e-19)
(0.0642245 0.0447705 -1.01682e-19)
(0.441115 0.333951 0)
(0.989176 0.714125 -3.30516e-19)
(1.18901 0.884964 2.6016e-19)
(1.21173 0.903048 0)
(1.16448 0.897791 0)
(1.10932 0.870718 -5.44392e-19)
(1.04473 0.844951 0)
(0.97375 0.812699 0)
(0.89482 0.775088 -5.83072e-20)
(0.807711 0.728706 4.8509e-20)
(0.722074 0.67305 -4.91641e-19)
(0.652185 0.614319 0)
(0.602704 0.561802 -3.33897e-19)
(0.562631 0.513807 1.16958e-20)
(0.543631 0.469239 -5.39809e-19)
(0.532038 0.43807 2.17722e-19)
(0.50347 0.386408 4.08271e-21)
(0.413787 0.31071 -7.85816e-19)
(0.243824 0.178086 3.72682e-19)
(0.0579731 0.0414552 1.08788e-19)
(0.439634 0.34806 0)
(0.980683 0.742714 -3.89794e-19)
(1.17672 0.917881 2.76586e-19)
(1.19879 0.936887 5.81369e-19)
(1.15125 0.930915 1.18192e-19)
(1.09623 0.902966 -8.24487e-20)
(1.0315 0.876448 5.14689e-20)
(0.960135 0.843373 -1.03029e-19)
(0.880287 0.804969 6.23719e-20)
(0.791448 0.757876 2.90057e-19)
(0.703133 0.701399 4.07665e-19)
(0.629742 0.642719 7.89812e-20)
(0.574136 0.587152 4.8518e-19)
(0.543907 0.534821 3.16229e-19)
(0.52031 0.490667 3.89978e-19)
(0.500242 0.438181 -2.4435e-19)
(0.469016 0.393376 -2.90449e-19)
(0.384279 0.306154 3.42222e-19)
(0.22318 0.169117 -2.02331e-19)
(0.0531815 0.0392471 3.55876e-19)
(0.438079 0.361661 5.13974e-19)
(0.972056 0.768888 6.18946e-19)
(1.16473 0.948376 1.51691e-19)
(1.18643 0.968576 1.59703e-20)
(1.13871 0.961982 -4.10208e-19)
(1.08373 0.93313 1.57664e-19)
(1.0188 0.905915 -5.87586e-20)
(0.947104 0.872188 -2.11351e-20)
(0.866527 0.833184 -5.0592e-20)
(0.775806 0.785772 -3.25096e-19)
(0.683202 0.728983 2.40756e-20)
(0.603838 0.669175 0)
(0.547494 0.611263 0)
(0.499634 0.553486 -1.60443e-19)
(0.474836 0.493932 -6.41555e-19)
(0.464747 0.445731 5.30254e-19)
(0.443872 0.373378 3.25363e-19)
(0.370957 0.285717 0)
(0.22427 0.148121 6.45532e-19)
(0.0479194 0.0216651 -3.86417e-19)
(0.436669 0.374468 -2.74579e-19)
(0.964424 0.794345 2.36951e-19)
(1.15323 0.977291 -3.38602e-19)
(1.17426 0.998218 -3.65044e-19)
(1.12634 0.990914 -1.6171e-19)
(1.07154 0.961316 3.78992e-20)
(1.00655 0.933499 0)
(0.934653 0.89925 1.48639e-19)
(0.853401 0.859911 1.0157e-20)
(0.761306 0.812584 0)
(0.667942 0.75671 0)
(0.587173 0.697685 5.54301e-20)
(0.519018 0.636503 8.57343e-20)
(0.479048 0.575316 -1.72905e-19)
(0.447272 0.517641 4.6407e-19)
(0.422424 0.441232 -5.83714e-19)
(0.397114 0.370136 -7.00719e-19)
(0.34608 0.263272 6.22611e-19)
(0.245737 0.159573 -2.33031e-19)
(0.128391 0.0973339 1.33539e-19)
(0.434985 0.386471 3.16793e-19)
(0.956478 0.817308 0)
(1.14203 1.00392 0)
(1.1627 1.02591 -1.23013e-19)
(1.11477 1.01807 9.95632e-20)
(1.0601 0.987708 -2.05671e-20)
(0.99507 0.959359 -2.23655e-19)
(0.923013 0.924646 -2.27936e-19)
(0.841274 0.88507 3.96546e-20)
(0.74795 0.837777 -2.64148e-20)
(0.650608 0.781786 6.43932e-20)
(0.562901 0.72149 -4.53583e-19)
(0.496087 0.662249 -5.02544e-19)
(0.431799 0.600382 -9.2156e-20)
(0.390782 0.523894 0)
(0.368768 0.455654 -1.32676e-20)
(0.351514 0.324656 3.8493e-19)
(0.313746 0.169892 -6.53692e-19)
(0.278481 0.00296847 4.83747e-19)
(0.0845258 -0.0800936 3.86216e-19)
(0.433424 0.397776 -6.90579e-19)
(0.949361 0.839753 -2.97439e-19)
(1.13126 1.02929 6.09574e-21)
(1.15131 1.05193 1.56421e-19)
(1.10329 1.04358 0)
(1.04888 1.01273 4.67732e-19)
(0.98388 0.984 2.78771e-19)
(0.911773 0.949064 -4.56987e-20)
(0.829405 0.909564 -6.31217e-21)
(0.734598 0.86307 -2.47223e-20)
(0.635115 0.809194 2.29625e-20)
(0.544591 0.752823 4.01118e-19)
(0.463719 0.691327 4.91398e-19)
(0.410426 0.624055 8.85951e-20)
(0.362041 0.561976 4.9155e-19)
(0.305609 0.455813 0)
(0.212903 0.32789 0)
(0.0609731 0.309012 4.84749e-19)
(-0.0599877 0.631788 -3.32971e-20)
(-0.0010525 1.48544 -6.24255e-19)
(0.431387 0.408471 3.75664e-19)
(0.941912 0.859993 8.92007e-19)
(1.12071 1.0528 -1.34099e-18)
(1.14042 1.07656 8.08586e-19)
(1.09243 1.06797 -9.47859e-20)
(1.03816 1.03675 6.09935e-19)
(0.973171 1.00788 0)
(0.90087 0.972951 2.35419e-19)
(0.818116 0.933733 0)
(0.722385 0.887658 2.23371e-19)
(0.62153 0.833713 -3.67983e-20)
(0.528355 0.776876 4.12602e-20)
(0.449296 0.724294 5.42755e-19)
(0.360825 0.667113 -2.01508e-19)
(0.276004 0.585982 -2.58143e-19)
(0.20935 0.521933 0)
(0.111563 0.607461 0)
(0.0455479 1.22391 0)
(0.0819878 2.41361 -2.72895e-19)
(0.114125 2.88657 -1.69186e-19)
(0.429468 0.418837 0)
(0.935285 0.87987 0)
(1.11062 1.0753 4.7974e-19)
(1.12972 1.09974 -6.7403e-19)
(1.08165 1.09093 4.63195e-19)
(1.02766 1.05962 -5.59084e-19)
(0.962734 1.03079 -3.23138e-20)
(0.890509 0.996063 2.51598e-20)
(0.80739 0.95749 4.48705e-21)
(0.710419 0.913176 -2.53601e-19)
(0.604772 0.863992 5.53e-20)
(0.503499 0.814765 3.73875e-19)
(0.409877 0.758657 -5.3451e-19)
(0.339896 0.694971 -6.28277e-19)
(0.276685 0.650977 2.19828e-19)
(0.212362 0.766187 0)
(0.15234 1.47176 3.17916e-19)
(0.151984 2.65982 3.58588e-19)
(0.155714 3.07677 -4.01312e-19)
(0.14669 3.2176 4.46469e-19)
(0.427168 0.428134 0)
(0.928316 0.897532 7.24569e-19)
(1.10078 1.09602 -1.2431e-19)
(1.11958 1.12161 8.47933e-19)
(1.07155 1.1128 -4.86193e-19)
(1.0177 1.08144 0)
(0.952804 1.05276 0)
(0.880493 1.01847 0)
(0.797059 0.980801 -8.62898e-20)
(0.699363 0.937727 1.15559e-21)
(0.59493 0.888331 0)
(0.496255 0.838611 -3.64356e-19)
(0.409414 0.798239 0)
(0.300218 0.754034 4.46614e-19)
(0.21998 0.833585 -2.88892e-19)
(0.177842 1.42986 -2.4308e-19)
(0.187252 2.65071 -5.9999e-19)
(0.206538 3.12471 -2.98195e-19)
(0.195515 3.27391 -3.38976e-19)
(0.180225 3.31558 2.99056e-19)
(0.425083 0.436961 -2.4478e-19)
(0.922156 0.914991 1.47758e-20)
(1.09142 1.11597 -1.3392e-19)
(1.10967 1.14223 -6.78652e-19)
(1.06154 1.13339 0)
(1.00795 1.10222 0)
(0.943159 1.07391 0)
(0.871033 1.04018 -1.63208e-20)
(0.787633 1.00349 9.93863e-20)
(0.689577 0.962597 0)
(0.580742 0.919386 0)
(0.475539 0.8794 0)
(0.368603 0.840526 0)
(0.309719 0.837106 2.901e-19)
(0.293017 1.1777 7.60205e-19)
(0.28559 2.31334 2.38064e-19)
(0.296911 3.07846 4.29442e-19)
(0.288274 3.29457 -2.6822e-19)
(0.236235 3.36445 9.91263e-20)
(0.201539 3.37741 0)
(0.422621 0.445016 2.48025e-19)
(0.915381 0.930679 -1.56221e-18)
(1.08206 1.13474 -4.42233e-19)
(1.1001 1.16224 -1.08027e-19)
(1.05202 1.15358 1.24079e-19)
(0.998595 1.12253 -8.76515e-19)
(0.933882 1.09456 5.95078e-20)
(0.86186 1.06146 4.15065e-19)
(0.778246 1.02609 0)
(0.679561 0.987351 -1.41992e-20)
(0.572844 0.944888 1.29169e-20)
(0.467553 0.904998 0)
(0.38403 0.879934 0)
(0.332865 1.00349 -3.59743e-19)
(0.307749 1.81322 -5.2282e-21)
(0.302978 2.91769 -1.2227e-19)
(0.320767 3.29757 1.93099e-19)
(0.293566 3.40404 5.76284e-20)
(0.224476 3.43141 1.14434e-19)
(0.197694 3.43999 -5.89423e-20)
(0.420076 0.453335 4.77792e-19)
(0.908824 0.947854 1.49401e-18)
(1.07236 1.15455 5.43786e-19)
(1.08993 1.18265 0)
(1.04183 1.17398 0)
(0.98875 1.14312 6.71518e-19)
(0.924254 1.11556 -4.16314e-19)
(0.852532 1.08316 -3.81454e-19)
(0.769415 1.04896 -1.53258e-20)
(0.671488 1.01233 1.67079e-20)
(0.561714 0.975371 -2.47164e-19)
(0.456898 0.94504 0)
(0.378058 0.955961 0)
(0.354968 1.32944 -1.95329e-19)
(0.370823 2.41114 -2.56048e-19)
(0.413011 3.1977 0)
(0.441174 3.39058 9.15438e-20)
(0.370517 3.4584 2.2058e-19)
(0.292637 3.50332 -4.87548e-19)
(0.266251 3.52938 2.8299e-19)
(0.416589 0.461615 -9.05388e-19)
(0.900698 0.964338 -7.1073e-19)
(1.06163 1.17457 0)
(1.07919 1.20393 0)
(1.03131 1.19537 0)
(0.978535 1.16448 0)
(0.914361 1.13712 4.44764e-19)
(0.843268 1.10516 -4.90464e-19)
(0.760431 1.07212 0)
(0.662131 1.03835 -9.43895e-21)
(0.555955 1.00514 4.01602e-19)
(0.45205 0.980617 2.15573e-20)
(0.398702 1.06226 3.73621e-20)
(0.415696 1.70037 2.83324e-19)
(0.446621 2.86262 -7.15216e-20)
(0.48127 3.33264 0)
(0.462874 3.46881 -7.94577e-20)
(0.36956 3.55882 1.04721e-19)
(0.279922 3.63285 3.61425e-19)
(0.202317 3.61459 -3.16997e-19)
(0.412955 0.470442 4.29115e-19)
(0.892587 0.98338 -6.98365e-19)
(1.05013 1.19647 0)
(1.06733 1.22612 -1.73447e-19)
(1.0196 1.21734 6.5863e-19)
(0.967378 1.18638 0)
(0.903713 1.1592 0)
(0.833097 1.12777 9.1675e-19)
(0.751057 1.09597 1.60262e-20)
(0.655014 1.0636 -1.01333e-19)
(0.546262 1.03253 -1.66113e-19)
(0.45946 1.02335 1.34588e-19)
(0.427662 1.22724 0)
(0.464694 2.0981 -1.30278e-19)
(0.513233 3.12597 1.13388e-19)
(0.572638 3.44282 -4.99069e-20)
(0.569078 3.55226 0)
(0.49335 3.65649 -2.07195e-19)
(0.414752 3.70337 -7.88826e-19)
(0.328835 3.67483 -1.99207e-19)
(0.407924 0.478802 -8.32926e-19)
(0.882348 1.00116 9.9376e-19)
(1.03734 1.21835 7.39074e-19)
(1.05478 1.24919 -1.91534e-19)
(1.00745 1.24033 -1.00462e-18)
(0.95577 1.2091 0)
(0.892743 1.1819 3.84941e-19)
(0.823362 1.15071 -3.74696e-19)
(0.742523 1.11948 -3.83307e-20)
(0.646716 1.08984 8.61978e-20)
(0.540399 1.06802 7.23656e-22)
(0.462727 1.08823 -1.49806e-19)
(0.4664 1.41626 1.27839e-19)
(0.541854 2.47433 -2.01833e-20)
(0.614433 3.3013 1.35237e-19)
(0.672483 3.50794 -3.71053e-19)
(0.629379 3.57749 0)
(0.56026 3.59504 0)
(0.451697 3.56768 -9.11994e-19)
(0.199441 3.36853 1.81535e-18)
(0.402585 0.48798 3.94898e-19)
(0.87212 1.0222 9.58468e-19)
(1.02362 1.24253 -7.27883e-19)
(1.04095 1.27321 7.14398e-19)
(0.993977 1.2638 9.93001e-19)
(0.943178 1.23219 0)
(0.881085 1.20481 -4.18651e-19)
(0.812597 1.17372 -5.21327e-19)
(0.732735 1.14368 0)
(0.639749 1.11562 0)
(0.54037 1.09426 0)
(0.48094 1.13911 0)
(0.524702 1.6444 -1.30974e-19)
(0.613873 2.76031 6.6358e-20)
(0.692742 3.40738 0)
(0.738498 3.53308 2.27156e-19)
(0.734442 3.54749 0)
(0.803471 3.40432 3.62735e-19)
(0.896775 3.05106 -2.65583e-18)
(0.472477 2.70085 2.5993e-18)
(0.395383 0.495824 -7.70782e-19)
(0.859093 1.04107 -6.07632e-19)
(1.00825 1.26637 -4.68496e-19)
(1.02624 1.29818 -6.68177e-19)
(0.979903 1.28843 -4.71464e-19)
(0.92998 1.25623 0)
(0.868886 1.22854 -9.36243e-20)
(0.802046 1.19759 3.84377e-20)
(0.724379 1.16792 2.8161e-19)
(0.634033 1.14085 0)
(0.537262 1.13092 5.28136e-22)
(0.496571 1.23917 -6.0005e-22)
(0.574147 1.85557 0)
(0.692682 3.01231 -6.0722e-20)
(0.790657 3.46339 0)
(0.834961 3.52146 -3.78209e-19)
(0.837078 3.44608 9.65083e-19)
(0.825199 3.08886 -3.57066e-19)
(0.578193 2.11199 5.5043e-19)
(-0.36106 0.56997 -1.35637e-18)
(0.387739 0.504655 -1.2583e-20)
(0.845718 1.06379 -2.9872e-19)
(0.99156 1.29312 6.51357e-19)
(1.00976 1.32453 -1.86695e-20)
(0.964036 1.314 -1.24932e-19)
(0.915377 1.2812 0)
(0.855722 1.25317 4.25629e-19)
(0.79068 1.22195 4.3432e-19)
(0.714853 1.19283 -5.43876e-19)
(0.625078 1.16816 3.06035e-19)
(0.541175 1.16398 1.36242e-19)
(0.526014 1.31907 0)
(0.643142 2.11133 -1.07818e-19)
(0.777777 3.1796 1.07816e-19)
(0.860535 3.45374 2.32511e-19)
(0.8651 3.46203 0)
(0.7963 3.26595 -4.76393e-19)
(0.624509 2.50887 5.77348e-19)
(0.161395 0.824353 -6.86712e-19)
(-0.268749 -0.452317 -6.21405e-19)
(0.377548 0.511332 6.97876e-19)
(0.828706 1.08319 -2.86897e-19)
(0.972709 1.3191 4.33802e-19)
(0.992082 1.35199 3.42092e-19)
(0.947218 1.34105 2.41455e-19)
(0.899858 1.30756 6.32779e-19)
(0.841632 1.27897 -8.17846e-19)
(0.778321 1.24779 -5.2778e-19)
(0.704774 1.2201 5.84513e-19)
(0.617881 1.19702 7.36457e-20)
(0.546834 1.20461 4.98793e-20)
(0.558331 1.44861 1.07825e-19)
(0.705591 2.3743 -1.42657e-19)
(0.840181 3.26659 2.20162e-19)
(0.911061 3.42575 -3.44378e-19)
(0.905063 3.37653 3.45777e-19)
(0.777935 2.96846 -8.50015e-19)
(0.504781 1.85906 5.21055e-19)
(0.0801927 0.115639 0)
(-0.0835784 -0.199043 -9.78362e-19)
(0.3662 0.518748 0)
(0.810636 1.10626 -1.07929e-18)
(0.95233 1.34818 2.34368e-20)
(0.972267 1.38085 -5.99316e-19)
(0.928305 1.36895 0)
(0.882725 1.3347 -4.52218e-19)
(0.826457 1.30578 6.94385e-19)
(0.766272 1.27451 4.93723e-19)
(0.696644 1.24634 -6.08393e-19)
(0.615088 1.22544 -3.04558e-19)
(0.554991 1.24795 -1.79129e-19)
(0.601634 1.57353 4.33236e-20)
(0.779774 2.6036 1.54671e-19)
(0.91606 3.32035 1.63568e-19)
(0.970254 3.39135 -3.64894e-19)
(0.891801 3.22788 5.65183e-19)
(0.64697 2.53632 3.92988e-19)
(0.196527 0.717381 -4.65115e-19)
(-0.123995 -0.250081 0)
(-0.122953 -0.217595 0)
(0.351215 0.522841 -6.44716e-19)
(0.787841 1.12419 1.04596e-18)
(0.929328 1.37554 0)
(0.950909 1.41056 0)
(0.907962 1.39813 0)
(0.86441 1.3631 0)
(0.81034 1.33331 -2.96031e-19)
(0.752424 1.30107 -1.45764e-20)
(0.685679 1.2741 -7.63275e-20)
(0.608368 1.25779 -4.01027e-20)
(0.559411 1.29868 3.53488e-19)
(0.642141 1.70879 -1.49234e-19)
(0.839964 2.79823 0)
(0.96105 3.32073 3.97842e-20)
(0.985447 3.33413 6.04531e-19)
(0.868158 3.01878 -2.39766e-19)
(0.531324 1.95846 3.88543e-19)
(0.0368944 0.0717633 2.29468e-19)
(-0.19499 -0.253088 -1.04473e-18)
(-0.0684301 -0.15279 -1.24467e-18)
(0.334919 0.527085 3.15869e-19)
(0.763963 1.14596 4.87467e-19)
(0.904671 1.40584 -9.62397e-21)
(0.926846 1.44145 2.88673e-19)
(0.885105 1.42782 0)
(0.844163 1.39171 7.2153e-19)
(0.792434 1.36144 -1.975e-19)
(0.738186 1.32942 7.1658e-20)
(0.675234 1.30283 -2.95409e-20)
(0.606823 1.28811 -4.45286e-20)
(0.577131 1.34952 -2.24679e-19)
(0.692635 1.85946 1.87595e-19)
(0.915271 2.95242 1.93382e-19)
(1.02408 3.32186 1.33108e-19)
(1.03919 3.26413 -3.75247e-19)
(0.822555 2.74961 8.46051e-19)
(0.335533 1.27018 -4.95499e-19)
(-0.0916303 -0.2156 6.2289e-19)
(-0.23775 -0.267272 -1.8454e-18)
(-0.078018 -0.172006 1.29448e-18)
(0.314739 0.526412 -2.95462e-19)
(0.735368 1.16104 0)
(0.876484 1.43285 -3.62829e-19)
(0.900238 1.47246 -5.4856e-19)
(0.860011 1.45829 0)
(0.822284 1.42131 -5.49346e-19)
(0.773659 1.39018 0)
(0.723341 1.35676 -4.09451e-19)
(0.665171 1.32851 2.22967e-19)
(0.606148 1.31761 -4.44027e-19)
(0.58935 1.40553 3.10321e-19)
(0.744251 2.00338 -7.1208e-20)
(0.968456 3.03795 -5.03391e-19)
(1.05854 3.29529 2.68852e-19)
(1.01839 3.15562 -3.44883e-19)
(0.736441 2.40927 -2.62017e-19)
(0.234252 0.626415 6.53245e-19)
(-0.121581 -0.307977 -7.71541e-19)
(-0.195402 -0.302828 -2.56897e-21)
(-0.0859539 -0.183078 -1.34304e-19)
(0.293174 0.524471 5.73009e-19)
(0.704861 1.17881 -4.49474e-19)
(0.845868 1.46173 3.6649e-19)
(0.870211 1.50396 2.60454e-19)
(0.832325 1.48872 2.58106e-20)
(0.798325 1.45037 2.92266e-19)
(0.752391 1.41817 0)
(0.705752 1.38324 -2.87922e-20)
(0.6508 1.35613 0)
(0.599431 1.35094 4.15295e-19)
(0.605181 1.4643 -2.83999e-19)
(0.796982 2.15285 4.34433e-20)
(1.03045 3.10373 4.8752e-19)
(1.11157 3.28361 2.94476e-19)
(1.06191 3.03303 -1.59654e-19)
(0.70632 2.13215 2.63098e-19)
(0.154624 0.15948 -8.47437e-19)
(-0.135116 -0.276038 -5.24866e-19)
(-0.148145 -0.299819 -2.07998e-19)
(-0.0579123 -0.143254 9.64322e-19)
(0.267152 0.514648 4.12293e-21)
(0.668327 1.18699 2.23076e-19)
(0.810073 1.48526 0)
(0.83664 1.53379 4.85192e-19)
(0.801837 1.51931 -7.32427e-19)
(0.771779 1.47969 2.82831e-19)
(0.729201 1.44631 -2.03485e-19)
(0.68822 1.41113 3.50733e-19)
(0.639658 1.38242 -3.44483e-19)
(0.597763 1.37957 5.29199e-20)
(0.620571 1.51523 -3.39822e-19)
(0.850647 2.23699 -4.53483e-19)
(1.08757 3.12763 4.40131e-20)
(1.14186 3.26314 -5.73284e-19)
(0.992571 2.91195 -3.06897e-19)
(0.553839 1.69561 5.89411e-19)
(-0.0947495 0.0564874 -4.66434e-19)
(-0.219106 -0.164356 2.38576e-19)
(-0.189306 -0.228507 -4.35578e-21)
(-0.0294835 -0.0599144 -8.38872e-19)
(0.239178 0.500971 1.04033e-18)
(0.628256 1.19564 -2.16894e-19)
(0.770997 1.51016 -6.26909e-19)
(0.799512 1.56325 5.08819e-19)
(0.769075 1.54906 -3.29073e-19)
(0.742365 1.50775 5.3267e-19)
(0.703447 1.47277 3.51473e-19)
(0.667402 1.43538 0)
(0.627283 1.40372 4.00439e-19)
(0.595313 1.40259 -6.12653e-20)
(0.634014 1.56337 8.78117e-20)
(0.899833 2.31437 4.51916e-19)
(1.14573 3.14314 8.08173e-20)
(1.17323 3.25637 2.51158e-20)
(0.954369 2.83126 -5.441e-19)
(0.32459 1.40303 -3.0625e-19)
(-0.331366 0.140339 6.53884e-19)
(-0.478171 -0.314308 3.68724e-19)
(-0.442429 -0.441629 8.84785e-20)
(-0.176371 -0.307779 9.20421e-19)
(0.206752 0.476316 0)
(0.581072 1.19023 2.02126e-19)
(0.725279 1.52615 -2.86492e-19)
(0.758327 1.58928 4.85515e-19)
(0.732582 1.57708 -6.62837e-19)
(0.709033 1.53482 2.68572e-19)
(0.674581 1.49789 0)
(0.644767 1.45906 0)
(0.610261 1.42458 0)
(0.587222 1.41927 1.08341e-19)
(0.642986 1.60312 -1.01639e-19)
(0.943271 2.3346 6.77959e-20)
(1.22985 3.12646 3.5473e-19)
(1.25429 3.24278 4.42696e-19)
(1.01461 2.81365 -7.87919e-19)
(0.38436 1.41161 6.33637e-19)
(-0.2971 0.156215 4.11359e-21)
(-0.654561 -0.628593 -1.35291e-18)
(-0.688941 -0.99577 1.83246e-19)
(-0.46356 -0.943899 0)
(0.173066 0.445494 9.37948e-19)
(0.52976 1.18237 -1.89019e-19)
(0.676293 1.54293 4.05518e-21)
(0.7131 1.61457 0)
(0.691902 1.6035 -3.10976e-19)
(0.67139 1.55871 1.75818e-20)
(0.643126 1.52008 0)
(0.61938 1.47995 1.08497e-19)
(0.591324 1.44495 -8.56065e-20)
(0.578851 1.42841 0)
(0.625867 1.61495 0)
(0.986545 2.29595 -1.93531e-19)
(1.31861 3.10379 -3.6535e-19)
(1.42605 3.20563 1.39824e-19)
(1.25836 2.85358 -2.5727e-19)
(0.745387 1.53839 4.47274e-19)
(0.0817923 0.331666 0)
(-0.431475 -0.716358 -1.11218e-18)
(-0.687296 -1.27917 -1.4776e-18)
(-0.566325 -1.3704 3.59078e-18)
(0.136131 0.400275 7.72373e-19)
(0.470604 1.15248 -1.79523e-19)
(0.619052 1.5431 2.62208e-19)
(0.661642 1.63203 -6.46584e-19)
(0.646357 1.62481 0)
(0.630119 1.58154 0)
(0.607008 1.54042 0)
(0.589381 1.49826 1.03499e-19)
(0.568909 1.4598 -8.16596e-20)
(0.569837 1.43336 0)
(0.614697 1.59553 0)
(0.993983 2.22756 2.88179e-19)
(1.42881 2.9937 -1.86425e-19)
(1.63075 3.07345 1.91819e-19)
(1.595 2.74429 5.88532e-19)
(1.31283 1.90238 0)
(0.720942 0.730948 -1.34925e-19)
(0.12508 -0.303267 -3.0506e-19)
(-0.322827 -1.22982 1.99503e-18)
(-0.534303 -1.54657 -2.42105e-18)
(0.0999857 0.349071 -7.1878e-19)
(0.407011 1.11697 1.84951e-19)
(0.557512 1.54337 5.36586e-19)
(0.604556 1.64797 3.78058e-19)
(0.595126 1.64349 -3.05699e-19)
(0.58397 1.59971 -2.11331e-19)
(0.567603 1.55628 1.49992e-19)
(0.556631 1.5083 0)
(0.542344 1.46913 0)
(0.558771 1.42867 0)
(0.599549 1.55822 -1.4942e-19)
(0.948151 2.04451 -2.42779e-19)
(1.41473 2.88145 1.34702e-19)
(1.63549 2.88312 -1.03063e-19)
(1.5797 2.64591 -1.57494e-19)
(1.42335 2.02798 0)
(0.946748 1.0265 8.09834e-20)
(0.445998 0.0595862 -1.10165e-19)
(-0.0158012 -0.823608 8.82688e-20)
(-0.220729 -1.07264 -2.60846e-20)
(0.0654565 0.284844 7.63024e-19)
(0.334603 1.04856 -6.27008e-19)
(0.48653 1.51491 0)
(0.540576 1.64916 1.8481e-19)
(0.538489 1.65229 1.35425e-19)
(0.533099 1.6117 2.95487e-19)
(0.521648 1.56646 -1.40217e-19)
(0.516566 1.51679 0)
(0.504805 1.47252 0)
(0.536719 1.41314 -2.34447e-19)
(0.5427 1.50586 3.91502e-20)
(0.840113 1.83482 1.05349e-19)
(1.25895 2.66745 7.72406e-20)
(1.4613 2.70167 -1.37068e-19)
(1.44833 2.55921 2.79756e-19)
(1.34398 2.15779 -7.20542e-19)
(1.03082 1.44971 5.41087e-19)
(0.617704 0.626959 0)
(0.209325 -0.0823992 6.30008e-20)
(-0.0716025 -0.502637 -1.89349e-18)
(0.0366981 0.220472 7.89952e-19)
(0.26077 0.973037 0)
(0.409916 1.48464 0)
(0.468774 1.64617 0)
(0.47402 1.65617 1.14237e-19)
(0.475673 1.62027 -2.85563e-19)
(0.469264 1.57243 -1.28934e-19)
(0.471948 1.52138 0)
(0.459598 1.47068 0)
(0.481376 1.40724 1.40788e-19)
(0.456459 1.43388 5.17633e-20)
(0.62754 1.67125 -4.08643e-20)
(1.01108 2.4742 -7.82983e-20)
(1.17191 2.63182 -1.91375e-19)
(1.15824 2.5658 2.95844e-19)
(1.09341 2.32234 -5.83768e-19)
(0.910747 1.82931 5.91574e-19)
(0.600372 1.1847 0)
(0.295045 0.587914 -5.88098e-20)
(0.0707576 0.124575 -1.36451e-18)
(0.0152361 0.150051 -7.57346e-19)
(0.182236 0.853345 2.61556e-19)
(0.327431 1.41231 4.00441e-19)
(0.391016 1.61932 -2.32814e-20)
(0.403298 1.64672 -2.42569e-19)
(0.412967 1.61939 -1.59289e-19)
(0.413801 1.56941 3.60574e-19)
(0.421499 1.51847 -7.90796e-21)
(0.407054 1.47396 0)
(0.406351 1.42542 3.959e-20)
(0.384045 1.40866 -4.00177e-21)
(0.382583 1.56881 3.138e-20)
(0.696553 2.34572 0)
(0.860688 2.64211 6.86596e-20)
(0.84236 2.63358 0)
(0.801981 2.51669 1.1695e-19)
(0.701614 2.21691 7.63554e-20)
(0.492229 1.70695 0)
(0.28237 1.16607 0)
(0.111933 0.604678 -1.23741e-18)
(0.00458469 0.0900981 6.24823e-19)
(0.111241 0.727977 -2.34493e-19)
(0.241444 1.32784 1.81239e-19)
(0.306396 1.57891 -2.84179e-19)
(0.331744 1.62241 1.1003e-19)
(0.344351 1.60752 -3.76209e-20)
(0.358549 1.55895 2.42953e-20)
(0.36898 1.51952 -4.75332e-20)
(0.356939 1.47856 -3.00337e-20)
(0.364888 1.44995 -2.23142e-20)
(0.343637 1.43501 5.66823e-21)
(0.265917 1.55367 0)
(0.399592 2.19768 6.06247e-21)
(0.581815 2.65374 0)
(0.551248 2.7386 0)
(0.516062 2.70459 0)
(0.460978 2.52146 4.9613e-19)
(0.334573 2.11508 -1.32983e-18)
(0.204156 1.60394 -9.84917e-23)
(0.0907659 0.902911 9.54053e-19)
(-0.000267583 0.0252258 1.0991e-19)
(0.0508694 0.565423 1.02673e-19)
(0.150893 1.19488 -8.36909e-20)
(0.213188 1.50329 -6.1422e-20)
(0.250342 1.58209 4.96618e-20)
(0.273428 1.57855 3.53445e-20)
(0.299897 1.53758 2.52355e-20)
(0.323418 1.51115 0)
(0.331169 1.46331 -1.24641e-20)
(0.36478 1.45803 -7.85535e-21)
(0.344509 1.47945 1.41171e-20)
(0.26301 1.57945 0)
(0.24139 2.09222 4.37089e-21)
(0.382354 2.65676 -1.17234e-20)
(0.3269 2.83507 0)
(0.286021 2.84684 0)
(0.253033 2.73292 -2.58142e-20)
(0.180343 2.39368 0)
(0.0976004 1.86112 -2.12934e-20)
(0.0358274 1.0607 0)
(0.000590752 -0.0255815 0)
(0.0142778 0.432362 0)
(0.062975 1.04426 0)
(0.115636 1.38635 0)
(0.161387 1.50553 -1.20603e-33)
(0.201535 1.52219 9.21213e-34)
(0.243548 1.49715 0)
(0.293036 1.47591 0)
(0.334286 1.43029 0)
(0.392702 1.44821 0)
(0.403735 1.52787 0)
(0.294429 1.63425 0)
(0.198147 2.0901 0)
(0.258353 2.65947 0)
(0.190926 2.89832 0)
(0.154006 2.93665 0)
(0.142749 2.83905 0)
(0.0815286 2.57003 0)
(0.0319282 2.07297 0)
(-0.00589883 1.16518 0)
(7.25811e-05 -0.03667 0)
(-0.00771777 0.402408 0)
(0.00670297 0.959012 0)
(0.0439648 1.28138 0)
(0.0908919 1.40917 0)
(0.146217 1.439 0)
(0.204849 1.42524 0)
(0.284316 1.40113 0)
(0.35614 1.35563 0)
(0.461631 1.40507 0)
(0.468331 1.56799 0)
(0.3754 1.76053 0)
(0.181623 2.1387 0)
(0.176411 2.70314 0)
(0.118881 2.95201 0)
(0.0947055 2.9807 0)
(0.0748746 2.90634 0)
(0.018027 2.69304 0)
(-0.00300575 2.16955 0)
(-0.0108995 1.16735 0)
(-0.00488002 -0.00735944 0)
(-0.0126034 0.416267 0)
(-0.0163429 0.915002 0)
(0.00730724 1.19817 0)
(0.049619 1.30686 0)
(0.110022 1.33554 0)
(0.179024 1.32201 0)
(0.278406 1.29153 0)
(0.365783 1.25837 0)
(0.505859 1.34394 0)
(0.49834 1.59756 0)
(0.467522 1.93164 0)
(0.202247 2.26065 0)
(0.145046 2.77711 0)
(0.0907376 3.00611 0)
(0.0496591 3.03738 0)
(0.00434096 3.03521 0)
(-0.0422152 2.7579 0)
(-0.0230253 2.17165 0)
(-0.0168264 1.13625 0)
(-0.00378998 0.0210579 0)
(-0.0127602 0.444869 0)
(-0.0227807 0.902258 0)
(-0.00600149 1.13111 0)
(0.0269448 1.21266 0)
(0.0847215 1.22817 0)
(0.151895 1.20913 0)
(0.251126 1.17246 0)
(0.341672 1.15216 0)
(0.49172 1.26852 0)
(0.494736 1.61121 0)
(0.501296 2.08655 0)
(0.246682 2.44017 0)
(0.131457 2.88344 0)
(0.0519061 3.09627 0)
(-0.0232631 3.17776 0)
(-0.090233 3.14903 0)
(-0.0878892 2.74042 0)
(-0.0484311 2.12748 0)
(-0.0299267 1.02281 0)
(-0.00199217 0.0484741 0)
(-0.0126866 0.484938 0)
(-0.0225799 0.902228 0)
(-0.0121038 1.08271 0)
(0.0108881 1.13633 0)
(0.0553023 1.13662 0)
(0.108785 1.1101 0)
(0.188657 1.06625 0)
(0.266422 1.04909 0)
(0.390798 1.18799 0)
(0.419824 1.62365 0)
(0.416877 2.22097 0)
(0.161595 2.63992 0)
(0.0163294 3.06667 0)
(-0.0986298 3.2695 0)
(-0.167614 3.33937 0)
(-0.194509 3.1422 0)
(-0.130194 2.65336 0)
(-0.0760141 1.99857 0)
(-0.026099 0.823657 0)
(-0.00151639 0.0736192 0)
(-0.0137762 0.525562 0)
(-0.0239259 0.906727 0)
(-0.0214421 1.05671 0)
(-0.00941647 1.08632 0)
(0.0141876 1.07428 0)
(0.0433176 1.04147 0)
(0.0874438 0.993631 0)
(0.12413 0.97522 0)
(0.182141 1.14422 0)
(0.143959 1.66569 0)
(0.128394 2.39275 0)
(-0.148234 2.8976 0)
(-0.240522 3.26995 0)
(-0.324373 3.38971 0)
(-0.328802 3.35046 0)
(-0.255819 3.02561 0)
(-0.153637 2.4245 0)
(-0.0758456 1.76223 0)
(-0.0154793 0.651278 0)
(-0.00176675 0.10127 0)
(-0.0157587 0.571894 0)
(-0.0300975 0.925167 0)
(-0.03467 1.05301 0)
(-0.0376025 1.07062 0)
(-0.0359321 1.05098 0)
(-0.0359918 1.01621 0)
(-0.0365606 0.971216 0)
(-0.0588582 0.96449 0)
(-0.0981219 1.17078 0)
(-0.228885 1.74303 0)
(-0.26507 2.55609 0)
(-0.478012 3.05925 0)
(-0.471688 3.32001 0)
(-0.481771 3.36725 0)
(-0.405983 3.21681 0)
(-0.247698 2.70454 0)
(-0.131059 2.17617 0)
(-0.0594329 1.53217 0)
(-0.00915038 0.512534 0)
(-0.00222415 0.132853 0)
(-0.0171546 0.626245 0)
(-0.0372305 0.965333 0)
(-0.0490026 1.07173 0)
(-0.0683668 1.09021 0)
(-0.0881723 1.07119 0)
(-0.116529 1.04029 0)
(-0.159543 1.00373 0)
(-0.236494 1.01751 0)
(-0.353208 1.25327 0)
(-0.529667 1.85633 0)
(-0.578561 2.63889 0)
(-0.665172 3.06883 0)
(-0.589399 3.24801 0)
(-0.511771 3.25599 0)
(-0.35895 2.90101 0)
(-0.177497 2.35111 0)
(-0.0930023 1.96341 0)
(-0.0377494 1.35373 0)
(-0.00433719 0.41583 0)
(-0.00268166 0.168285 0)
(-0.0182274 0.687292 0)
(-0.0420397 1.02215 0)
(-0.0631091 1.12608 0)
(-0.0970168 1.14516 0)
(-0.132062 1.12886 0)
(-0.183082 1.10707 0)
(-0.257192 1.08497 0)
(-0.370963 1.11699 0)
(-0.523078 1.36356 0)
(-0.695419 1.97175 0)
(-0.718548 2.6459 0)
(-0.729546 2.97935 0)
(-0.578424 3.11829 0)
(-0.435711 2.99606 0)
(-0.21154 2.53952 0)
(-0.100171 2.11967 0)
(-0.0521985 1.81339 0)
(-0.0174829 1.24202 0)
(-0.000577015 0.362356 0)
(-0.0028514 0.206242 0)
(-0.0182443 0.752645 0)
(-0.0440992 1.09193 0)
(-0.0709335 1.19956 0)
(-0.113002 1.22107 0)
(-0.15906 1.21184 0)
(-0.223889 1.20234 0)
(-0.314817 1.19725 0)
(-0.445523 1.24297 0)
(-0.605441 1.47759 0)
(-0.732373 2.06015 0)
(-0.730214 2.62484 0)
(-0.683077 2.85712 0)
(-0.454903 2.8591 0)
(-0.281301 2.61553 0)
(-0.0889185 2.2887 0)
(-0.0416224 1.99465 0)
(-0.0198046 1.73394 0)
(-0.00383534 1.18687 0)
(0.00162476 0.344917 0)
(-0.0027165 0.24374 0)
(-0.016779 0.817432 0)
(-0.0426208 1.16811 0)
(-0.0715798 1.28265 0)
(-0.116502 1.3091 0)
(-0.167363 1.30755 0)
(-0.236699 1.31002 0)
(-0.330515 1.32114 0)
(-0.460045 1.37711 0)
(-0.610421 1.58481 0)
(-0.702518 2.09244 0)
(-0.675147 2.55879 0)
(-0.511791 2.66074 0)
(-0.299886 2.58802 0)
(-0.151417 2.34691 0)
(-0.0300387 2.1376 0)
(-0.0111653 1.94117 0)
(-0.0041633 1.70428 0)
(0.00207387 1.16655 0)
(0.0024539 0.347218 0)
(-0.00239864 0.277658 0)
(-0.014225 0.876981 0)
(-0.0381363 1.24364 0)
(-0.0664235 1.36753 0)
(-0.109845 1.39935 0)
(-0.159717 1.40409 0)
(-0.225822 1.41567 0)
(-0.311571 1.43911 0)
(-0.424831 1.50134 0)
(-0.546412 1.67896 0)
(-0.609846 2.07941 0)
(-0.509109 2.41804 0)
(-0.336729 2.46086 0)
(-0.169382 2.37336 0)
(-0.0682998 2.18537 0)
(-0.00659932 2.05709 0)
(0.000991633 1.92363 0)
(0.00106976 1.69726 0)
(0.00375763 1.16165 0)
(0.0023844 0.357962 0)
(-0.00202335 0.306231 0)
(-0.0114955 0.928523 0)
(-0.032305 1.31288 0)
(-0.0581556 1.44738 0)
(-0.0972097 1.484 0)
(-0.142213 1.49293 0)
(-0.20024 1.50934 0)
(-0.272343 1.53918 0)
(-0.362104 1.60134 0)
(-0.451987 1.74772 0)
(-0.474171 2.04128 0)
(-0.365016 2.28761 0)
(-0.213081 2.29998 0)
(-0.0930116 2.22461 0)
(-0.029279 2.09766 0)
(-0.000658173 2.01872 0)
(0.00284926 1.92001 0)
(0.0013362 1.69645 0)
(0.00360128 1.16065 0)
(0.00189528 0.369402 0)
(-0.00163475 0.329435 0)
(-0.00921825 0.971525 0)
(-0.0265658 1.37245 0)
(-0.0491069 1.5178 0)
(-0.082298 1.5582 0)
(-0.120751 1.56969 0)
(-0.168817 1.58714 0)
(-0.22633 1.61787 0)
(-0.293657 1.67429 0)
(-0.356691 1.78926 0)
(-0.361899 1.99676 0)
(-0.264549 2.17513 0)
(-0.142495 2.1777 0)
(-0.0603398 2.12597 0)
(-0.018612 2.04893 0)
(-0.00357895 1.99911 0)
(6.82587e-05 1.91849 0)
(-0.000191527 1.69473 0)
(0.00262025 1.1594 0)
(0.00135897 0.37863 0)
(-0.00122832 0.348007 0)
(-0.00734541 1.00683 0)
(-0.0214858 1.42162 0)
(-0.0405011 1.57695 0)
(-0.0676401 1.62011 0)
(-0.099545 1.63323 0)
(-0.138075 1.64959 0)
(-0.182585 1.67794 0)
(-0.231607 1.72588 0)
(-0.274314 1.81367 0)
(-0.273819 1.957 0)
(-0.197198 2.08306 0)
(-0.105595 2.0876 0)
(-0.0497736 2.05879 0)
(-0.0199439 2.01634 0)
(-0.00880702 1.98414 0)
(-0.00363658 1.91329 0)
(-0.00174106 1.68947 0)
(0.0015934 1.15647 0)
(0.000928024 0.384933 0)
(-0.000832472 0.36236 0)
(-0.00556243 1.03511 0)
(-0.0169052 1.46138 0)
(-0.032408 1.62536 0)
(-0.0540395 1.67069 0)
(-0.079885 1.68455 0)
(-0.11022 1.6989 0)
(-0.144183 1.72356 0)
(-0.179471 1.76258 0)
(-0.207971 1.82872 0)
(-0.20564 1.92716 0)
(-0.150391 2.01438 0)
(-0.084858 2.02319 0)
(-0.0460826 2.01087 0)
(-0.023031 1.98969 0)
(-0.012516 1.9683 0)
(-0.00597594 1.9037 0)
(-0.00255411 1.68121 0)
(0.000896804 1.15224 0)
(0.000630219 0.38882 0)
(-0.000519753 0.372845 0)
(-0.00392148 1.05733 0)
(-0.0129549 1.49325 0)
(-0.0254674 1.66405 0)
(-0.0425402 1.71091 0)
(-0.0631444 1.72473 0)
(-0.0868008 1.73681 0)
(-0.112674 1.75754 0)
(-0.138245 1.78869 0)
(-0.157457 1.83844 0)
(-0.154563 1.90674 0)
(-0.116608 1.96672 0)
(-0.0711251 1.97814 0)
(-0.0432165 1.97574 0)
(-0.0245933 1.96655 0)
(-0.0142039 1.95171 0)
(-0.0069992 1.89157 0)
(-0.00279365 1.67156 0)
(0.000475723 1.14741 0)
(0.000421768 0.391107 0)
(-0.000322211 0.38002 0)
(-0.00263952 1.07423 0)
(-0.00975108 1.51889 0)
(-0.0197683 1.69519 0)
(-0.0330246 1.74304 0)
(-0.0491111 1.75611 0)
(-0.0672055 1.76585 0)
(-0.0867797 1.78255 0)
(-0.105474 1.80699 0)
(-0.118763 1.84446 0)
(-0.116072 1.89267 0)
(-0.0904578 1.93433 0)
(-0.0594185 1.94619 0)
(-0.0388394 1.94879 0)
(-0.0237507 1.94579 0)
(-0.014012 1.93487 0)
(-0.00696397 1.87836 0)
(-0.00266165 1.66176 0)
(0.000214332 1.14281 0)
(0.000271383 0.392437 0)
(-0.000228073 0.384933 0)
(-0.00182201 1.08705 0)
(-0.00748485 1.539 0)
(-0.0156777 1.71906 0)
(-0.0259565 1.7674 0)
(-0.0385503 1.77955 0)
(-0.0522534 1.78735 0)
(-0.0671314 1.80051 0)
(-0.0808778 1.8196 0)
(-0.0903285 1.84805 0)
(-0.088113 1.88294 0)
(-0.0707541 1.91257 0)
(-0.0494864 1.92372 0)
(-0.0339942 1.92841 0)
(-0.0217876 1.92843 0)
(-0.0130311 1.91984 0)
(-0.00655967 1.86616 0)
(-0.00246409 1.65291 0)
(2.09681e-05 1.13861 0)
(0.000164017 0.393076 0)
(-0.000169306 0.388345 0)
(-0.00125863 1.09677 0)
(-0.00567082 1.55562 0)
(-0.0123299 1.73871 0)
(-0.0201123 1.78709 0)
(-0.0298746 1.79819 0)
(-0.0400052 1.80438 0)
(-0.0512631 1.81441 0)
(-0.0612989 1.82907 0)
(-0.0680993 1.85044 0)
(-0.0664303 1.87586 0)
(-0.0546069 1.89717 0)
(-0.0399755 1.9068 0)
(-0.0283416 1.91185 0)
(-0.0186996 1.9131 0)
(-0.0112491 1.90588 0)
(-0.00570202 1.85458 0)
(-0.00209923 1.64476 0)
(-7.23561e-05 1.13488 0)
(9.77733e-05 0.393303 0)
(-0.00012187 0.390751 0)
(-0.000864072 1.10394 0)
(-0.00433376 1.56827 0)
(-0.00995541 1.7531 0)
(-0.0159165 1.80116 0)
(-0.0237192 1.81143 0)
(-0.0312328 1.81653 0)
(-0.040097 1.82435 0)
(-0.0475173 1.83588 0)
(-0.0526138 1.85226 0)
(-0.0513146 1.87126 0)
(-0.0430077 1.887 0)
(-0.0325827 1.89514 0)
(-0.0236081 1.89987 0)
(-0.0159181 1.9015 0)
(-0.00961203 1.89507 0)
(-0.00492026 1.84549 0)
(-0.00178525 1.6384 0)
(-0.000106771 1.1319 0)
(6.91027e-05 0.39331 0)
(-8.36563e-05 0.392407 0)
(-0.00053992 1.10955 0)
(-0.00312125 1.57961 0)
(-0.00768544 1.7662 0)
(-0.0121005 1.81353 0)
(-0.0181496 1.82281 0)
(-0.0235193 1.82686 0)
(-0.0303588 1.83274 0)
(-0.0357485 1.84152 0)
(-0.0395722 1.85375 0)
(-0.0386013 1.86771 0)
(-0.0327855 1.87913 0)
(-0.0253865 1.88553 0)
(-0.0186298 1.88944 0)
(-0.0127322 1.89089 0)
(-0.00767934 1.88486 0)
(-0.00393573 1.83676 0)
(-0.00138596 1.63235 0)
(-9.05486e-05 1.12917 0)
(4.71235e-05 0.393205 0)
(-5.92693e-05 0.393431 0)
(-0.000362739 1.11314 0)
(-0.00235893 1.5871 0)
(-0.00631346 1.7745 0)
(-0.00974306 1.82114 0)
(-0.0147672 1.8298 0)
(-0.0187465 1.83319 0)
(-0.0244371 1.83795 0)
(-0.028494 1.84504 0)
(-0.031604 1.85475 0)
(-0.03077 1.86563 0)
(-0.0264287 1.87441 0)
(-0.0208067 1.87965 0)
(-0.0154077 1.88292 0)
(-0.0106589 1.88414 0)
(-0.00643479 1.87831 0)
(-0.00333065 1.83115 0)
(-0.00117389 1.62851 0)
(-0.000107047 1.12744 0)
(2.95241e-05 0.393131 0)
(-4.75075e-05 0.394268 0)
(-0.000239036 1.11659 0)
(-0.00164632 1.59521 0)
(-0.00471316 1.784 0)
(-0.00722494 1.82953 0)
(-0.0110005 1.83738 0)
(-0.0137631 1.83997 0)
(-0.018038 1.84347 0)
(-0.0208839 1.84857 0)
(-0.0232093 1.85563 0)
(-0.0225591 1.8634 0)
(-0.0195143 1.86962 0)
(-0.015516 1.87344 0)
(-0.0115561 1.87582 0)
(-0.00805781 1.8766 0)
(-0.00487703 1.87087 0)
(-0.0025419 1.82469 0)
(-0.000902353 1.62407 0)
(-9.6766e-05 1.12539 0)
(1.59165e-05 0.392904 0)
(-4.48235e-05 0.394647 0)
(-0.000201321 1.11797 0)
(-0.00133441 1.5986 0)
(-0.00406102 1.7879 0)
(-0.00615561 1.83291 0)
(-0.00951583 1.84045 0)
(-0.0117415 1.84268 0)
(-0.0155191 1.84575 0)
(-0.0177926 1.85009 0)
(-0.0198251 1.85606 0)
(-0.0191834 1.86254 0)
(-0.0166887 1.86766 0)
(-0.0133656 1.8709 0)
(-0.00998748 1.87292 0)
(-0.00700648 1.87352 0)
(-0.00424263 1.86785 0)
(-0.00223443 1.82208 0)
(-0.000812169 1.62227 0)
(-0.000114444 1.12456 0)
(-8.22741e-07 0.392822 0)
(-4.09189e-05 0.395443 0)
(-0.000193405 1.12076 0)
(-0.000951652 1.60526 0)
(-0.00283234 1.79583 0)
(-0.00429825 1.83981 0)
(-0.0065794 1.8466 0)
(-0.00807732 1.84811 0)
(-0.0106405 1.85019 0)
(-0.0120953 1.85288 0)
(-0.0134707 1.85676 0)
(-0.0129678 1.86082 0)
(-0.0113423 1.86401 0)
(-0.00914835 1.866 0)
(-0.00688756 1.86722 0)
(-0.00487872 1.86736 0)
(-0.0030048 1.86172 0)
(-0.00162506 1.81675 0)
(-0.0006438 1.61852 0)
(-0.000136277 1.1227 0)
(-1.74133e-05 0.392368 0)
(-0.275104 1.67539 1.86346e-22)
(0.420333 3.27421 -1.93606e-19)
(0.10034 3.49572 2.94719e-19)
(0.214112 3.45614 0)
(0.180144 3.40211 0)
(0.174805 3.35023 -1.78348e-19)
(0.177314 3.32415 2.35689e-19)
(0.149227 3.27183 -2.47574e-19)
(0.127034 3.16543 5.05688e-21)
(0.120034 2.56667 4.00487e-19)
(-0.102867 2.40121 6.08406e-23)
(0.148731 3.32841 1.78099e-19)
(0.017241 3.45434 0)
(0.110128 3.40259 0)
(0.0862244 3.35391 5.29436e-21)
(0.092201 3.31219 4.04284e-19)
(0.087308 3.27421 -2.47298e-19)
(0.0610298 3.23525 -4.80439e-21)
(0.0573618 3.07272 4.58391e-21)
(0.0028308 2.07526 0)
(-0.026551 2.11257 -1.76313e-21)
(0.0955388 3.1631 2.09859e-21)
(0.0364446 3.35914 0)
(0.0841294 3.33338 1.80354e-19)
(0.062552 3.30634 -1.53306e-21)
(0.0635487 3.28239 -2.24369e-19)
(0.0526652 3.26698 -3.18029e-19)
(0.0368237 3.24299 -2.50699e-22)
(0.0442665 3.11423 4.76424e-21)
(-0.0159227 2.20618 0)
(-0.0384856 2.0483 5.11973e-20)
(0.0325505 3.13468 0)
(-0.00812223 3.31778 -9.75589e-20)
(0.0292747 3.31105 -6.12861e-20)
(0.0220005 3.28742 8.50465e-21)
(0.028736 3.26271 -1.6605e-19)
(0.0326472 3.24429 1.42483e-19)
(0.0250067 3.23188 -5.51126e-21)
(0.0443204 3.12205 7.43985e-21)
(0.00825495 2.24685 1.95699e-19)
(-0.0449718 2.04099 -5.16081e-20)
(0.0186394 3.09864 0)
(-0.00278687 3.27205 2.27966e-19)
(0.0187166 3.26408 -1.31276e-19)
(0.0175922 3.24929 -7.42974e-22)
(0.0212367 3.23705 -8.12045e-21)
(0.0231209 3.2334 -1.53199e-20)
(0.0237694 3.22261 -2.02971e-19)
(0.0443577 3.1252 5.52941e-21)
(-0.00310507 2.31008 -4.14522e-19)
(-0.0523874 2.09004 0)
(-0.00697229 3.09042 -1.42426e-19)
(-0.0264277 3.24684 2.30184e-20)
(-0.0111939 3.24877 -1.01688e-20)
(-0.00264604 3.23343 1.04813e-20)
(0.00521658 3.22043 1.76243e-19)
(0.0182474 3.20983 1.87626e-19)
(0.0223185 3.20483 4.04288e-19)
(0.0430398 3.12329 2.28029e-19)
(0.0110982 2.35309 -1.62809e-20)
(-0.0477658 2.14981 0)
(-0.0177222 3.0858 1.47321e-19)
(-0.0173051 3.21553 -1.57144e-19)
(-0.00981204 3.21333 -1.15e-20)
(0.00123722 3.20262 2.39436e-20)
(0.00902923 3.19535 3.85007e-22)
(0.0165721 3.19588 -1.31063e-20)
(0.0222987 3.19029 -2.13797e-19)
(0.0429404 3.12038 -2.22227e-19)
(0.00374639 2.41902 -1.70228e-20)
(-0.0501455 2.22714 1.84581e-19)
(-0.0277325 3.0858 -8.55769e-21)
(-0.0312556 3.19513 5.93016e-21)
(-0.0227412 3.19634 0)
(-0.0123198 3.18607 0)
(-0.000898204 3.17843 0)
(0.014577 3.1709 0)
(0.0212241 3.16924 2.49058e-19)
(0.0410943 3.11262 -2.58225e-19)
(0.0157066 2.46359 2.51871e-19)
(-0.044374 2.31193 2.55434e-20)
(-0.032385 3.08736 2.0873e-19)
(-0.0201113 3.17008 0)
(-0.0143236 3.16563 -1.39014e-20)
(-0.00375265 3.15764 1.42218e-20)
(0.00580411 3.15279 0)
(0.0143571 3.15471 -7.84205e-21)
(0.0207004 3.15236 -2.41669e-19)
(0.0404459 3.1087 2.59146e-19)
(0.0102546 2.53269 0)
(-0.0451807 2.40045 1.76892e-20)
(-0.0362421 3.08547 -3.22937e-19)
(-0.0302076 3.1501 0)
(-0.0224066 3.14721 0)
(-0.0133822 3.13946 1.56892e-20)
(-0.00218653 3.13411 -1.3395e-19)
(0.012395 3.12833 -1.66221e-20)
(0.019434 3.12937 1.43789e-19)
(0.0383539 3.09629 0)
(0.0194683 2.58105 0)
(-0.0385424 2.4947 -3.43923e-19)
(-0.0381742 3.08391 1.16242e-19)
(-0.0200584 3.12441 0)
(-0.0129752 3.11618 0)
(-0.00355217 3.10938 0)
(0.0057519 3.10614 2.78694e-19)
(0.0137551 3.1093 0)
(0.0200391 3.11035 -1.53491e-19)
(0.0380858 3.0902 9.56737e-21)
(0.0147345 2.65364 1.63961e-19)
(-0.0387589 2.58589 1.24679e-19)
(-0.0404203 3.07389 -1.22937e-20)
(-0.0300478 3.10113 1.49046e-19)
(-0.0213567 3.09508 1.45272e-19)
(-0.0123908 3.08859 0)
(-0.000931295 3.08462 -1.44514e-19)
(0.0131903 3.08073 0)
(0.0212633 3.08457 0)
(0.0383168 3.07236 0)
(0.0225004 2.70643 -1.64722e-19)
(-0.0341121 2.68164 -1.37413e-19)
(-0.0429409 3.06396 1.42126e-19)
(-0.0230188 3.07206 -1.40596e-19)
(-0.0131163 3.06199 -2.23383e-19)
(-0.00292711 3.05679 0)
(0.00731995 3.05514 2.0106e-20)
(0.0161885 3.05928 -1.02494e-20)
(0.0246242 3.06287 7.72725e-20)
(0.0418373 3.06137 9.5847e-20)
(0.0206269 2.78031 -9.87821e-20)
(-0.0352849 2.76941 1.40955e-19)
(-0.0468472 3.04295 -1.36414e-19)
(-0.0330472 3.0455 9.83634e-21)
(-0.020909 3.04039 5.73254e-20)
(-0.010969 3.03646 -8.35989e-20)
(0.000228377 3.03418 0)
(0.0143892 3.03146 8.99985e-20)
(0.0258464 3.03563 4.94984e-21)
(0.0444785 3.0368 -1.8684e-19)
(0.0288311 2.83263 -6.5489e-21)
(-0.0288533 2.85789 -4.17313e-20)
(-0.0437853 3.02351 1.00889e-20)
(-0.0227674 3.01805 -5.25148e-20)
(-0.0110292 3.0145 2.15243e-20)
(-0.00223113 3.01404 1.02097e-19)
(0.00629583 3.01349 -4.36121e-20)
(0.0138256 3.01473 -4.27299e-20)
(0.0231733 3.01679 -4.45678e-20)
(0.0419603 3.0216 9.65698e-20)
(0.0246348 2.90024 4.65934e-20)
(-0.0179399 2.93773 3.35273e-20)
(-0.0261632 2.99875 1.48515e-20)
(-0.0162347 3.00048 2.89252e-20)
(-0.00938206 3.00168 -5.92676e-20)
(-0.00408489 3.00262 2.01004e-20)
(0.000626697 3.00219 4.06802e-20)
(0.00587921 3.0006 -4.24175e-20)
(0.0108345 2.99895 -4.45492e-20)
(0.0217512 2.99736 6.10338e-21)
(0.0166445 2.94919 4.31799e-20)
)
;

boundaryField
{
    wall-4
    {
        type            noSlip;
    }
    pressure-outlet-7
    {
        type            zeroGradient;
    }
    velocity-inlet-6
    {
        type            fixedValue;
        value           uniform (0 3 0);
    }
    velocity-inlet-5
    {
        type            fixedValue;
        value           uniform (1 0 0);
    }
    frontAndBackPlanes
    {
        type            empty;
    }
}


// ************************************************************************* //
