/*--------------------------------*- C++ -*----------------------------------*\
  =========                 |
  \\      /  F ield         | OpenFOAM: The Open Source CFD Toolbox
   \\    /   O peration     | Website:  https://openfoam.org
    \\  /    A nd           | Version:  9
     \\/     M anipulation  |
\*---------------------------------------------------------------------------*/
FoamFile
{
    format      ascii;
    class       volScalarField;
    location    "7";
    object      p;
}
// * * * * * * * * * * * * * * * * * * * * * * * * * * * * * * * * * * * * * //

dimensions      [0 2 -2 0 0 0 0];

internalField   nonuniform List<scalar> 
8800
(
0.4214
0.37353
0.335414
0.307158
0.28701
0.272751
0.262631
0.255574
0.251043
0.249071
0.249979
0.253603
0.2596
0.268243
0.280356
0.297344
0.321281
0.354532
0.396712
0.453733
0.253287
0.260662
0.26953
0.273498
0.272172
0.267296
0.26121
0.255597
0.251193
0.248411
0.247934
0.250089
0.254014
0.2593
0.265417
0.271271
0.274682
0.273553
0.266917
0.257582
0.22922
0.235789
0.240745
0.244832
0.248003
0.249527
0.249092
0.247463
0.245715
0.244801
0.245429
0.247239
0.249337
0.250714
0.250343
0.247992
0.244362
0.239867
0.23461
0.230747
0.224528
0.227449
0.231532
0.234984
0.237244
0.238748
0.239711
0.240131
0.240149
0.240186
0.240505
0.240967
0.241109
0.240642
0.23959
0.237852
0.235099
0.231168
0.227597
0.226273
0.224519
0.225554
0.22782
0.230308
0.232642
0.234537
0.235899
0.236688
0.237074
0.23731
0.237648
0.237877
0.237672
0.236862
0.235393
0.233397
0.231071
0.228628
0.226963
0.226593
0.223989
0.224341
0.225165
0.226181
0.227232
0.228361
0.229529
0.230516
0.231262
0.231801
0.232111
0.23207
0.231668
0.230913
0.229951
0.22904
0.228096
0.22717
0.226612
0.226476
0.221938
0.222123
0.222677
0.223455
0.224311
0.225205
0.22606
0.226877
0.227625
0.228264
0.228659
0.228738
0.2285
0.22806
0.227413
0.226711
0.226029
0.225409
0.225074
0.225013
0.219156
0.21923
0.219473
0.219868
0.220362
0.220971
0.221682
0.222458
0.223244
0.22398
0.224484
0.224652
0.224572
0.224321
0.223991
0.223652
0.22334
0.223081
0.222956
0.222929
0.215762
0.215813
0.21597
0.216236
0.216599
0.217068
0.217648
0.21834
0.219121
0.219943
0.220617
0.221005
0.221141
0.221119
0.221011
0.220864
0.220712
0.220584
0.220522
0.220505
0.211979
0.212014
0.212127
0.212326
0.212617
0.213025
0.21357
0.214271
0.215123
0.216095
0.21697
0.217555
0.217886
0.218045
0.218094
0.218088
0.218056
0.21802
0.218002
0.217992
0.207882
0.207909
0.208003
0.208175
0.208441
0.208832
0.209385
0.210134
0.211098
0.212267
0.213399
0.214238
0.214774
0.215111
0.215306
0.215411
0.215461
0.215482
0.215489
0.215482
0.203474
0.203499
0.203593
0.203765
0.204041
0.20446
0.205071
0.205928
0.207072
0.208511
0.209959
0.211069
0.211851
0.212362
0.212688
0.212887
0.213003
0.213065
0.21309
0.213085
0.198732
0.198754
0.198857
0.199048
0.199361
0.199845
0.200564
0.20159
0.202987
0.204781
0.206627
0.208092
0.209126
0.209829
0.210289
0.21058
0.210756
0.210854
0.210895
0.210891
0.193594
0.193619
0.19374
0.193967
0.194342
0.194928
0.195806
0.197069
0.198808
0.201063
0.203411
0.205289
0.206636
0.207561
0.208173
0.208564
0.208803
0.208939
0.208996
0.208991
0.187971
0.188002
0.188151
0.188432
0.188898
0.189628
0.190724
0.192308
0.194495
0.197344
0.200322
0.202716
0.20444
0.205628
0.206419
0.206926
0.207237
0.207414
0.207489
0.207484
0.181744
0.181782
0.181971
0.182327
0.182917
0.18384
0.185229
0.187235
0.190005
0.193614
0.197387
0.200421
0.202609
0.204119
0.205125
0.205771
0.206168
0.206394
0.206489
0.206484
0.174747
0.174796
0.175038
0.175496
0.176251
0.177433
0.179207
0.181764
0.185288
0.189866
0.19464
0.198473
0.201234
0.203141
0.20441
0.205226
0.205727
0.206013
0.206133
0.206126
0.166758
0.166822
0.167137
0.16773
0.168707
0.170231
0.172513
0.175791
0.180286
0.186098
0.192131
0.196959
0.200431
0.202825
0.204419
0.205444
0.206074
0.206433
0.206585
0.206575
0.157478
0.157564
0.157977
0.158754
0.160029
0.162012
0.164966
0.169186
0.174936
0.182319
0.189928
0.195991
0.20034
0.203338
0.205333
0.206616
0.207405
0.207854
0.208043
0.20803
0.1465
0.146618
0.147166
0.148195
0.149879
0.152484
0.156338
0.161798
0.169171
0.178541
0.188116
0.195702
0.201133
0.204875
0.207366
0.208968
0.209953
0.210513
0.210748
0.210732
0.133262
0.133426
0.134164
0.13555
0.137811
0.141277
0.146351
0.153459
0.16293
0.174806
0.186804
0.196254
0.203008
0.207664
0.210771
0.212772
0.214002
0.214699
0.214992
0.214972
0.116948
0.11718
0.118196
0.120117
0.123223
0.127916
0.134677
0.143992
0.156178
0.171183
0.186133
0.197832
0.206193
0.211975
0.215849
0.218353
0.219893
0.22076
0.221122
0.221099
0.0963252
0.0966568
0.0981157
0.100892
0.105294
0.111788
0.120936
0.133237
0.14892
0.16778
0.186258
0.200626
0.210915
0.218081
0.222927
0.226086
0.228037
0.22913
0.22958
0.229549
0.0694467
0.0699463
0.0721973
0.076442
0.082924
0.0921652
0.104763
0.121105
0.141233
0.164743
0.187339
0.2048
0.217366
0.226228
0.232324
0.236377
0.238928
0.240368
0.240954
0.240904
0.0329726
0.0338648
0.0378115
0.0448374
0.0548717
0.0684576
0.0860401
0.107738
0.133351
0.16229
0.18953
0.210462
0.225645
0.236554
0.24427
0.249591
0.253095
0.255158
0.256015
0.255936
-0.0197238
-0.0171093
-0.00874916
0.0040084
0.0203762
0.0407495
0.0652294
0.093681
0.125739
0.160733
0.192985
0.217643
0.235703
0.248979
0.258725
0.265814
0.270852
0.274115
0.275635
0.27555
-0.0996203
-0.0870899
-0.0679198
-0.044861
-0.0188855
0.0104908
0.0433377
0.0795264
0.118713
0.160298
0.198014
0.226837
0.248264
0.264485
0.276968
0.286722
0.294405
0.300238
0.303928
0.304694
-0.184012
-0.157969
-0.127224
-0.0938163
-0.0581258
-0.0197947
0.0213617
0.0653437
0.11196
0.160793
0.204946
0.238966
0.264703
0.284718
0.300691
0.313769
0.324697
0.33415
0.341764
0.34292
-0.24772
-0.218841
-0.180192
-0.13855
-0.0944938
-0.0480632
0.000794393
0.0520837
0.105701
0.161331
0.211364
0.249803
0.278858
0.301435
0.319373
0.333885
0.34578
0.355537
0.362226
0.363429
-0.297451
-0.266539
-0.223486
-0.176375
-0.126346
-0.0736063
-0.0183094
0.0393904
0.0992835
0.161
0.216131
0.258176
0.289631
0.313715
0.332509
0.347425
0.359454
0.369188
0.37594
0.377229
-0.336419
-0.304997
-0.25889
-0.207922
-0.153555
-0.0960409
-0.0356415
0.0274042
0.092802
0.160065
0.219889
0.265115
0.298533
0.323768
0.343169
0.358332
0.370362
0.379894
0.386482
0.387814
-0.368382
-0.336865
-0.288868
-0.235055
-0.177343
-0.116025
-0.0513946
0.0162361
0.0864982
0.158791
0.222946
0.271128
0.306369
0.332644
0.35257
0.36793
0.379966
0.389391
0.395841
0.397177
-0.395732
-0.364183
-0.314894
-0.259017
-0.198697
-0.134298
-0.066189
0.00532508
0.079898
0.156902
0.225335
0.276534
0.313669
0.341049
0.36156
0.377178
0.38927
0.398628
0.404958
0.406291
-0.42001
-0.388361
-0.338098
-0.28065
-0.218325
-0.151496
-0.0804974
-0.00562229
0.0728591
0.154396
0.227189
0.281628
0.320863
0.349508
0.370724
0.386677
0.398882
0.408225
0.414467
0.41579
-0.442172
-0.410353
-0.359308
-0.300587
-0.236652
-0.167859
-0.094504
-0.0167826
0.0652121
0.15114
0.228508
0.286542
0.32821
0.358375
0.380463
0.39687
0.409257
0.418609
0.42476
0.426057
-0.462912
-0.430787
-0.379055
-0.319304
-0.254085
-0.183723
-0.108464
-0.0283645
0.0567713
0.146977
0.229216
0.291322
0.335864
0.367878
0.391065
0.408062
0.420706
0.430081
0.436197
0.437537
-0.482342
-0.449938
-0.397609
-0.337047
-0.270801
-0.19923
-0.122499
-0.0404862
0.0473845
0.141749
0.229182
0.295938
0.343895
0.378175
0.40274
0.420506
0.433525
0.443066
0.448979
0.450411
-0.500767
-0.468007
-0.415155
-0.35396
-0.286908
-0.214445
-0.136655
-0.0532134
0.0369344
0.135267
0.228229
0.300271
0.352289
0.389338
0.415635
0.434384
0.447893
0.457609
0.463475
0.46488
-0.518233
-0.485147
-0.431819
-0.370061
-0.302443
-0.229383
-0.150941
-0.0665637
0.0253509
0.127363
0.226145
0.304157
0.360957
0.401374
0.429822
0.449828
0.463981
0.473941
0.479801
0.481129
-0.534746
-0.501402
-0.447648
-0.385369
-0.317369
-0.243996
-0.165301
-0.0805134
0.0125911
0.117894
0.222706
0.307389
0.369739
0.414198
0.445303
0.466894
0.481901
0.492217
0.49808
0.499261
-0.550342
-0.51664
-0.46255
-0.399897
-0.331658
-0.258223
-0.179648
-0.0949901
-0.00133779
0.106735
0.217692
0.309716
0.378405
0.427623
0.46197
0.485548
0.50168
0.51252
0.518436
0.519351
-0.565118
-0.530917
-0.476526
-0.4136
-0.345249
-0.271986
-0.193886
-0.109887
-0.0163966
0.0938054
0.210911
0.310896
0.386675
0.441357
0.479602
0.505675
0.523176
0.534645
0.540666
0.541299
-0.578842
-0.544464
-0.489566
-0.426436
-0.358096
-0.285191
-0.2079
-0.125071
-0.0324848
0.0790672
0.202202
0.310697
0.394197
0.455029
0.497767
0.526985
0.54627
0.558473
0.564457
0.564743
-0.591626
-0.556941
-0.501679
-0.438375
-0.370149
-0.297769
-0.221562
-0.140405
-0.0494812
0.0625133
0.191421
0.3089
0.400713
0.467942
0.515861
0.549123
0.570906
0.583865
0.589437
0.589164
-0.603564
-0.56841
-0.512862
-0.449415
-0.381372
-0.309646
-0.234765
-0.155726
-0.0672358
0.044196
0.178444
0.305442
0.405813
0.479476
0.532964
0.571305
0.59706
0.611059
0.614841
0.613493
-0.614541
-0.579005
-0.523103
-0.459546
-0.391747
-0.320766
-0.247402
-0.170876
-0.0855668
0.0242034
0.163233
0.300195
0.409487
0.488927
0.547478
0.591981
0.624261
0.642247
0.642551
0.636757
-0.624721
-0.588731
-0.532441
-0.468816
-0.40132
-0.331165
-0.259498
-0.185883
-0.104569
0.00228123
0.145354
0.29301
0.411695
0.495815
0.557788
0.60807
0.649008
0.678848
0.682635
0.663266
-0.634137
-0.597575
-0.54096
-0.477372
-0.410277
-0.341052
-0.271328
-0.201165
-0.124946
-0.0228335
0.12334
0.283094
0.412358
0.499907
0.561271
0.613343
0.658332
0.688371
0.684909
0.658859
-0.6427
-0.605465
-0.548551
-0.485129
-0.418461
-0.350211
-0.282674
-0.216362
-0.146272
-0.0509163
0.0969537
0.270339
0.412415
0.502437
0.553055
0.597136
0.63074
0.635259
0.570409
0.523725
-0.649986
-0.612267
-0.554931
-0.491584
-0.425448
-0.358345
-0.293327
-0.231285
-0.168372
-0.0823563
0.0654624
0.254272
0.412041
0.503476
0.534681
0.550266
0.563518
0.517192
0.435114
0.382015
-0.697188
-0.615651
-0.561017
-0.497559
-0.432208
-0.366273
-0.303285
-0.246013
-0.191331
-0.117556
0.0277632
0.233884
0.408452
0.503887
0.503547
0.481819
0.440977
0.363767
0.265743
0.212554
-0.635799
-0.62024
-0.567255
-0.505745
-0.440907
-0.376297
-0.317081
-0.266759
-0.227089
-0.176663
-0.0439851
0.196179
0.404691
0.490517
0.451715
0.297419
0.144003
0.0388935
-0.0618813
-0.00637535
-0.660422
-0.628545
-0.574179
-0.512443
-0.447632
-0.383866
-0.326428
-0.281561
-0.253746
-0.225951
-0.113987
0.143077
0.390003
0.461738
0.348433
0.110146
-0.095258
-0.241327
-0.386016
-0.288094
-0.674557
-0.638616
-0.582123
-0.519575
-0.454598
-0.391309
-0.335593
-0.295899
-0.280696
-0.277024
-0.188399
0.0779293
0.355044
0.419995
0.208608
-0.114935
-0.372131
-0.570368
-0.783255
-0.664835
-0.686818
-0.647959
-0.589697
-0.525981
-0.460578
-0.397628
-0.343723
-0.309305
-0.307598
-0.33755
-0.298121
-0.0249621
0.295571
0.317598
0.00941422
-0.374857
-0.704767
-0.988152
-1.30972
-1.23388
-0.696598
-0.6564
-0.596771
-0.531892
-0.46589
-0.40309
-0.350819
-0.321662
-0.334761
-0.407132
-0.450447
-0.195811
0.173297
0.134613
-0.229471
-0.651948
-1.05984
-1.4252
-1.90112
-2.19451
-0.704814
-0.663902
-0.603359
-0.537448
-0.470686
-0.407699
-0.356593
-0.332077
-0.360237
-0.482265
-0.652154
-0.461171
-0.0466889
-0.117814
-0.491504
-0.892188
-1.35689
-1.75034
-1.97393
-2.41146
-0.712262
-0.670813
-0.609522
-0.542606
-0.474917
-0.411404
-0.360894
-0.340349
-0.383774
-0.564462
-0.915487
-0.859851
-0.377657
-0.454964
-0.77214
-1.07912
-1.46434
-1.81084
-1.90378
-1.94903
-0.719324
-0.677291
-0.615235
-0.547253
-0.478424
-0.413969
-0.36333
-0.345662
-0.403556
-0.648978
-1.24456
-1.36922
-0.812795
-0.844249
-1.07223
-1.22173
-1.42042
-1.75739
-1.82698
-1.76861
-0.726305
-0.683491
-0.620493
-0.551281
-0.481023
-0.415084
-0.363377
-0.346687
-0.415908
-0.72948
-1.5849
-1.86362
-1.2885
-1.2417
-1.39157
-1.41287
-1.27041
-1.33929
-1.50322
-1.51448
-0.733511
-0.6896
-0.62538
-0.554683
-0.482628
-0.414549
-0.360554
-0.342197
-0.416512
-0.785093
-1.83162
-2.23974
-1.65845
-1.58357
-1.76259
-1.75733
-1.28987
-1.28849
-1.54147
-1.65237
-0.741017
-0.695747
-0.630024
-0.557545
-0.48325
-0.412319
-0.354576
-0.331345
-0.40116
-0.783482
-1.89824
-2.32802
-1.79536
-1.83758
-2.27491
-2.82688
-2.80997
-2.67219
-2.47313
-2.42568
-0.74892
-0.702141
-0.634608
-0.560017
-0.483037
-0.408493
-0.345535
-0.31373
-0.366789
-0.707125
-1.69259
-2.02243
-1.62005
-1.86464
-2.69649
-4.12291
-4.59904
-4.24495
-3.69514
-3.42515
-0.757543
-0.708987
-0.63938
-0.562354
-0.482245
-0.403409
-0.333743
-0.289951
-0.31502
-0.559301
-1.23516
-1.3758
-1.09773
-1.40737
-2.34208
-3.75491
-4.26067
-3.81476
-3.23839
-2.98064
-0.767102
-0.716665
-0.644672
-0.564886
-0.481259
-0.39754
-0.320181
-0.261867
-0.251112
-0.37071
-0.679106
-0.613662
-0.372218
-0.468324
-0.844738
-1.33834
-1.60965
-1.45184
-1.25836
-1.17714
-0.777927
-0.725446
-0.650797
-0.567976
-0.480576
-0.391621
-0.305857
-0.231568
-0.183526
-0.1868
-0.1979
-0.0028967
0.219292
0.29338
0.265607
0.236738
0.259914
0.31312
0.342236
0.349641
-0.789952
-0.735631
-0.658001
-0.571941
-0.480501
-0.386069
-0.291881
-0.202034
-0.12046
-0.0396381
0.103263
0.35039
0.553873
0.697546
0.797043
0.883597
0.957868
1.00229
1.01553
1.01167
-0.803092
-0.746796
-0.666224
-0.57669
-0.481244
-0.381524
-0.279316
-0.175465
-0.0675579
0.0644495
0.265119
0.511726
0.711153
0.869354
0.98998
1.0852
1.15789
1.20389
1.22522
1.22867
-0.816573
-0.758529
-0.674814
-0.581919
-0.482564
-0.377893
-0.268586
-0.1536
-0.027213
0.132885
0.347846
0.575983
0.761608
0.907919
1.02034
1.10683
1.17196
1.21708
1.24191
1.24704
-0.827587
-0.768495
-0.682579
-0.586402
-0.48354
-0.374697
-0.259781
-0.13686
0.001289
0.174089
0.385481
0.591359
0.7587
0.888651
0.988022
1.06399
1.12188
1.16427
1.18977
1.19521
-0.833466
-0.774427
-0.686894
-0.588284
-0.482676
-0.370759
-0.252098
-0.124149
0.0199907
0.196043
0.395981
0.579883
0.728891
0.844599
0.933395
1.0017
1.05441
1.09422
1.11742
1.12373
-0.831236
-0.772852
-0.684894
-0.584583
-0.477536
-0.364268
-0.243907
-0.113932
0.0316792
0.204078
0.390374
0.554955
0.687444
0.79115
0.871766
0.934564
0.983721
1.02134
1.04351
1.04999
-0.813843
-0.758085
-0.671874
-0.572058
-0.465486
-0.352731
-0.23311
-0.104536
0.038266
0.203512
0.374024
0.521277
0.639075
0.732333
0.805916
0.863962
0.909925
0.945114
0.966731
0.973614
-0.774846
-0.724188
-0.643212
-0.54599
-0.442716
-0.333948
-0.218382
-0.0944482
0.0416651
0.195549
0.34978
0.480325
0.584252
0.667354
0.733959
0.787336
0.830083
0.863208
0.884299
0.891559
-0.709424
-0.667204
-0.591231
-0.501574
-0.405904
-0.304781
-0.197362
-0.0823309
0.0430757
0.182261
0.318621
0.432128
0.521816
0.593686
0.65189
0.699408
0.737749
0.767884
0.788682
0.795788
-0.607919
-0.5777
-0.512593
-0.435232
-0.352231
-0.263727
-0.168937
-0.0668544
0.0440772
0.165663
0.282378
0.377406
0.451314
0.50956
0.556006
0.593781
0.624864
0.649249
0.665148
0.66983
-0.4565
-0.441526
-0.398955
-0.343154
-0.28057
-0.210896
-0.133647
-0.0481599
0.0465012
0.151135
0.251448
0.332123
0.39379
0.441175
0.477693
0.505594
0.526604
0.543153
0.555244
0.558521
-0.296539
-0.291435
-0.269937
-0.238368
-0.198681
-0.150233
-0.0927324
-0.0254668
0.0519068
0.139413
0.223927
0.291523
0.342463
0.380378
0.408047
0.427984
0.442328
0.451873
0.457082
0.458165
-0.167632
-0.16564
-0.156959
-0.141725
-0.119836
-0.0899021
-0.0503797
-0.000477928
0.0602251
0.13135
0.201098
0.256617
0.297658
0.327306
0.348356
0.362683
0.371689
0.376959
0.379575
0.379919
-0.0766784
-0.0770293
-0.0751149
-0.0689893
-0.0573178
-0.0390513
-0.0126689
0.0232721
0.069548
0.125904
0.182289
0.227226
0.260073
0.283227
0.298755
0.308691
0.314804
0.318167
0.319467
0.319506
-0.0196229
-0.0204707
-0.021275
-0.019643
-0.0138246
-0.00237658
0.0158424
0.0420235
0.0771236
0.121217
0.166055
0.201798
0.227596
0.245449
0.257365
0.264903
0.269174
0.27119
0.27183
0.271816
0.0139008
0.013353
0.0126762
0.013424
0.0167476
0.0239405
0.0364389
0.0555591
0.0821994
0.116507
0.151884
0.180161
0.200527
0.214518
0.223594
0.229091
0.232151
0.233602
0.234068
0.234063
0.0349313
0.0346632
0.0343437
0.0349761
0.0374142
0.0425845
0.0515492
0.0655355
0.0856066
0.112114
0.139831
0.162036
0.177906
0.188655
0.19558
0.199791
0.202117
0.203188
0.203531
0.203529
0.0486607
0.0485289
0.0483933
0.0489192
0.0507088
0.0545002
0.0611755
0.0717102
0.0869849
0.107415
0.128986
0.146315
0.158689
0.167066
0.172438
0.175662
0.177425
0.178234
0.178495
0.178494
0.0573237
0.0572731
0.0572752
0.0577772
0.0592064
0.0620896
0.0671041
0.0750589
0.0867189
0.102481
0.119247
0.132747
0.142373
0.14886
0.152999
0.155482
0.15684
0.157463
0.157666
0.157663
0.062417
0.0624025
0.0624673
0.0629167
0.0640642
0.0663049
0.0701544
0.076236
0.0851716
0.0973245
0.110318
0.120801
0.128272
0.1333
0.136506
0.138424
0.139468
0.139943
0.140095
0.140091
0.0648871
0.0648885
0.0649775
0.065368
0.0662887
0.0680361
0.0710051
0.0756808
0.0825562
0.0919373
0.102002
0.110132
0.115926
0.119821
0.122299
0.123778
0.12458
0.124944
0.125059
0.125053
0.0653964
0.065403
0.0654913
0.0658169
0.0665541
0.0679212
0.0702217
0.0738291
0.0791295
0.0863736
0.0941632
0.100462
0.104949
0.107963
0.109878
0.111018
0.111634
0.11191
0.111994
0.111989
0.064401
0.0644086
0.0644859
0.06475
0.0653325
0.0663997
0.0681842
0.0709723
0.0750656
0.0806638
0.0866891
0.0915641
0.0950351
0.0973632
0.0988401
0.0997174
0.100189
0.100398
0.100461
0.100455
0.0622407
0.0622475
0.062311
0.0625206
0.0629774
0.063808
0.0651912
0.0673483
0.0705105
0.0748353
0.0794944
0.0832632
0.0859457
0.087745
0.0888853
0.0895602
0.0899204
0.0900771
0.0901223
0.0901169
0.0591747
0.0591802
0.0592307
0.0593942
0.0597554
0.0603984
0.061469
0.0631355
0.0655775
0.0689185
0.0725174
0.0754301
0.077503
0.0788896
0.0797652
0.0802823
0.0805579
0.0806767
0.0807103
0.0807058
0.0554073
0.0554117
0.0554512
0.0555787
0.0558542
0.0563532
0.0571811
0.0584692
0.0603553
0.0629346
0.0657133
0.0679594
0.0695556
0.0706236
0.0712978
0.0716944
0.071904
0.0719931
0.0720172
0.0720132
0.0510953
0.0510985
0.0511287
0.0512269
0.0514386
0.0518236
0.0524619
0.0534545
0.0549078
0.0568943
0.0590345
0.0607645
0.0619927
0.0628136
0.0633316
0.0636361
0.0637961
0.0638634
0.0638812
0.0638774
0.0463623
0.0463645
0.046387
0.0464618
0.0466237
0.0469191
0.0474101
0.0481736
0.0492906
0.0508174
0.0524628
0.0537924
0.0547359
0.0553651
0.0557595
0.0559897
0.05611
0.05616
0.0561726
0.0561694
0.0413039
0.0413054
0.0413222
0.0413788
0.0415021
0.0417279
0.0421028
0.0426857
0.0435404
0.0447096
0.0459676
0.0469836
0.0477045
0.0481841
0.0484839
0.0486588
0.0487497
0.048787
0.0487962
0.0487935
0.0359952
0.035996
0.0360082
0.0360505
0.0361431
0.0363134
0.0365983
0.0370418
0.037691
0.0385788
0.0395339
0.0403037
0.0408478
0.0412087
0.041436
0.0415688
0.0416372
0.0416641
0.0416693
0.0416674
0.0304969
0.030497
0.0305054
0.0305364
0.0306052
0.0307321
0.0309443
0.0312759
0.0317628
0.032429
0.0331457
0.0337225
0.0341302
0.0344011
0.0345699
0.0346667
0.0347153
0.0347328
0.0347353
0.0347339
0.0248559
0.0248557
0.0248603
0.0248812
0.0249308
0.0250233
0.0251777
0.0254197
0.0257755
0.0262639
0.0267907
0.027216
0.0275163
0.027714
0.0278348
0.0279025
0.0279355
0.0279461
0.0279474
0.0279463
0.0191072
0.0191066
0.0191088
0.0191226
0.0191567
0.0192209
0.0193298
0.0195011
0.0197527
0.0200975
0.0204696
0.0207662
0.0209745
0.021111
0.0211943
0.0212415
0.0212646
0.0212723
0.0212728
0.0212713
0.0132798
0.013279
0.0132797
0.0132883
0.0133098
0.013351
0.0134215
0.0135319
0.0136952
0.0139182
0.0141617
0.0143531
0.0144885
0.0145772
0.0146312
0.0146597
0.0146714
0.0146727
0.0146707
0.0146699
0.00740021
0.00739964
0.00739894
0.00740219
0.00741222
0.00743332
0.00746985
0.00752832
0.00761449
0.00773344
0.00786263
0.00796805
0.00804061
0.00808806
0.00811581
0.00812947
0.00813305
0.00813021
0.00812628
0.00812614
0.00148407
0.00148331
0.00147833
0.00147525
0.00147546
0.00147824
0.00148429
0.00149475
0.00151024
0.0015324
0.00155952
0.00158544
0.00160376
0.00161537
0.00162268
0.00162715
0.00162911
0.00162915
0.00162749
0.00162545
-0.929516
-0.612046
-0.295067
-0.0452843
0.153473
0.314035
0.452964
0.573043
0.630112
0.608794
-0.395273
-0.200935
-0.00971301
0.152272
0.288943
0.404609
0.500161
0.568749
0.603664
0.610121
-0.0572941
0.0648397
0.187254
0.296379
0.391265
0.471425
0.534613
0.579404
0.608241
0.621107
0.164627
0.244769
0.329081
0.405795
0.4726
0.528488
0.572902
0.606501
0.631028
0.64571
0.3217
0.378177
0.439168
0.495072
0.543831
0.585328
0.619753
0.647192
0.667985
0.683303
0.444237
0.486266
0.532478
0.57543
0.614278
0.648263
0.677075
0.700561
0.718167
0.734113
0.546475
0.580595
0.620226
0.657121
0.690891
0.720944
0.746786
0.767699
0.782547
0.79907
0.641271
0.673766
0.711524
0.746601
0.778625
0.807013
0.831185
0.850183
0.862908
0.879874
0.74028
0.775975
0.814751
0.850271
0.881693
0.90897
0.931528
0.949031
0.960621
0.97821
0.858009
0.897584
0.937056
0.972452
1.00254
1.02785
1.04861
1.06456
1.07604
1.09435
1.00422
1.04452
1.08066
1.11163
1.13776
1.16021
1.1795
1.19523
1.20801
1.22618
1.18003
1.21254
1.23875
1.26133
1.28159
1.30058
1.31844
1.33514
1.35101
1.36928
1.36827
1.38609
1.40183
1.41857
1.43484
1.4495
1.46268
1.47678
1.49395
1.51361
1.55023
1.56121
1.57351
1.58446
1.59392
1.60354
1.61442
1.62606
1.63604
1.65121
1.76112
1.76312
1.74811
1.73319
1.72692
1.73259
1.75134
1.78177
1.81383
1.84453
2.06764
1.93071
1.85435
1.81192
1.7944
1.79856
1.82573
1.88194
1.98569
2.20106
0.317392
0.31412
0.308452
0.299038
0.28655
0.274692
0.264984
0.257591
0.252354
0.249269
0.248767
0.251024
0.255494
0.262
0.270684
0.281646
0.29419
0.305685
0.312783
0.317304
0.234698
0.24072
0.248323
0.254275
0.257872
0.258323
0.256147
0.25272
0.249413
0.247107
0.24672
0.248631
0.251831
0.255538
0.25866
0.259752
0.257755
0.252873
0.246195
0.23865
0.226355
0.228639
0.232871
0.236771
0.239633
0.241787
0.243069
0.243365
0.242906
0.242391
0.242446
0.243155
0.244068
0.244478
0.243889
0.242262
0.239837
0.236549
0.232294
0.228825
0.224112
0.224823
0.227577
0.231174
0.234111
0.236129
0.237473
0.238277
0.23863
0.238737
0.238956
0.239366
0.239567
0.239278
0.238385
0.236874
0.234518
0.231249
0.22785
0.226173
0.224599
0.224809
0.225704
0.227151
0.228682
0.230403
0.232013
0.233222
0.234019
0.234525
0.234895
0.235085
0.234928
0.234277
0.233109
0.231568
0.230035
0.228617
0.2274
0.226906
0.22303
0.223119
0.223599
0.22444
0.225323
0.226315
0.227197
0.228075
0.228876
0.229533
0.229999
0.230196
0.230051
0.229624
0.229032
0.22833
0.227519
0.226718
0.226062
0.225829
0.220649
0.220684
0.220918
0.2214
0.22201
0.222739
0.223546
0.224379
0.225192
0.225943
0.226535
0.22681
0.226755
0.226455
0.225998
0.225451
0.224946
0.224479
0.224163
0.224064
0.217513
0.217532
0.217647
0.217903
0.218263
0.218723
0.219288
0.219958
0.220707
0.221486
0.222186
0.222623
0.222768
0.222716
0.222559
0.222351
0.222131
0.221923
0.221783
0.22174
0.213914
0.213928
0.214011
0.214192
0.214465
0.214842
0.21534
0.215967
0.216722
0.217586
0.218447
0.219085
0.21943
0.219565
0.219574
0.219514
0.219429
0.219342
0.219283
0.219262
0.209966
0.209972
0.210037
0.210178
0.210403
0.210732
0.211196
0.211823
0.212631
0.213619
0.214685
0.215553
0.216115
0.216446
0.216627
0.216712
0.216742
0.216744
0.216739
0.216734
0.205719
0.205723
0.205783
0.205911
0.206125
0.206454
0.206937
0.207617
0.208535
0.209711
0.211042
0.212194
0.212994
0.213527
0.21386
0.21406
0.214175
0.214236
0.214264
0.214269
0.201147
0.201147
0.201209
0.201346
0.201577
0.201939
0.202485
0.203274
0.204365
0.205801
0.207475
0.208972
0.210055
0.210794
0.211283
0.211594
0.211784
0.211894
0.21195
0.211963
0.196218
0.196217
0.196285
0.196441
0.196709
0.197136
0.197787
0.19874
0.200078
0.201862
0.203977
0.205899
0.20731
0.208293
0.208954
0.209381
0.209648
0.209805
0.209886
0.209906
0.19085
0.190848
0.190931
0.19112
0.191447
0.191971
0.192774
0.193956
0.195626
0.197867
0.200542
0.202991
0.204802
0.206073
0.206933
0.207494
0.207846
0.208055
0.208163
0.208191
0.184942
0.184939
0.185043
0.18528
0.185691
0.186349
0.187359
0.188848
0.190955
0.193788
0.197175
0.200284
0.202587
0.204209
0.205308
0.206027
0.206479
0.206749
0.206888
0.206924
0.178354
0.17835
0.178483
0.178785
0.179309
0.180147
0.181433
0.183327
0.186003
0.189598
0.193889
0.197823
0.200736
0.202789
0.204181
0.205091
0.205665
0.206007
0.206184
0.206229
0.170895
0.17089
0.171062
0.171452
0.172127
0.173205
0.174855
0.177279
0.180695
0.185266
0.190702
0.19567
0.199342
0.201926
0.203677
0.204823
0.205545
0.205976
0.206199
0.206257
0.162306
0.1623
0.162526
0.163037
0.163914
0.165313
0.167445
0.170567
0.174942
0.180764
0.187647
0.193905
0.198516
0.201757
0.203953
0.20539
0.206295
0.206836
0.207115
0.207187
0.152237
0.152231
0.152533
0.153209
0.154365
0.156195
0.158973
0.163015
0.168641
0.176066
0.184769
0.19263
0.198404
0.202456
0.205199
0.206994
0.208126
0.208802
0.209151
0.20924
0.140201
0.140195
0.140607
0.14152
0.143062
0.145485
0.149138
0.154411
0.161675
0.171149
0.182129
0.191969
0.199167
0.204215
0.207635
0.209876
0.211291
0.21214
0.212578
0.212688
0.125508
0.125505
0.126088
0.127348
0.129438
0.132692
0.137558
0.144499
0.153919
0.166009
0.179813
0.192066
0.200999
0.207267
0.211522
0.21432
0.216096
0.217169
0.217726
0.217863
0.107161
0.107176
0.108037
0.109821
0.112714
0.117179
0.123774
0.13301
0.145277
0.160679
0.177937
0.193086
0.204106
0.211863
0.217158
0.220661
0.222902
0.224274
0.224997
0.225174
0.0836273
0.083696
0.0850429
0.0876659
0.0918231
0.098164
0.107311
0.11974
0.135744
0.155272
0.176661
0.195213
0.208694
0.21825
0.224845
0.229262
0.232122
0.233903
0.234866
0.235107
0.0523254
0.0525421
0.0548192
0.0589543
0.0653416
0.0747782
0.0877721
0.104633
0.125465
0.150009
0.176196
0.198619
0.214927
0.226618
0.234842
0.240478
0.244214
0.246588
0.247903
0.248249
0.00853196
0.0091698
0.0135817
0.0209559
0.0316373
0.0462715
0.0649956
0.0878677
0.114747
0.145175
0.176735
0.203405
0.222843
0.236993
0.247225
0.254511
0.259574
0.262963
0.264933
0.265422
-0.0560913
-0.0536651
-0.0433903
-0.0288376
-0.0100744
0.0127834
0.0395343
0.0700656
0.104088
0.141083
0.178395
0.209517
0.232262
0.249097
0.261656
0.271052
0.278041
0.283187
0.286475
0.287018
-0.134561
-0.129418
-0.110113
-0.0838427
-0.0545153
-0.0221828
0.0132662
0.0518535
0.0934345
0.137631
0.181631
0.21834
0.24556
0.266269
0.282352
0.295056
0.305263
0.313478
0.318121
0.320088
-0.213641
-0.201343
-0.17235
-0.136113
-0.0971873
-0.0558015
-0.0119383
0.0345086
0.0835016
0.134811
0.185505
0.227793
0.259321
0.283557
0.302684
0.318082
0.330617
0.340885
0.347961
0.351446
-0.270577
-0.257398
-0.223589
-0.180964
-0.135009
-0.0864347
-0.0353697
0.018107
0.0739057
0.131795
0.188549
0.235578
0.270425
0.296998
0.317697
0.334058
0.347091
0.35749
0.364661
0.368039
-0.315311
-0.301884
-0.264683
-0.217779
-0.166978
-0.113104
-0.0564297
0.00283716
0.0644852
0.1282
0.190385
0.241585
0.279138
0.307381
0.329051
0.345931
0.359199
0.369639
0.3769
0.380188
-0.350818
-0.337641
-0.298595
-0.24864
-0.194281
-0.136402
-0.075285
-0.0112042
0.0555309
0.124514
0.191705
0.246702
0.286642
0.316308
0.338761
0.356007
0.369392
0.379799
0.387069
0.390332
-0.380646
-0.367653
-0.327456
-0.275344
-0.218263
-0.157173
-0.0924162
-0.0243102
0.0468161
0.120511
0.192375
0.251047
0.293339
0.324415
0.347642
0.36527
0.378801
0.389223
0.396553
0.39979
-0.406611
-0.393732
-0.352691
-0.299
-0.239884
-0.176291
-0.108578
-0.0370844
0.037898
0.115961
0.19242
0.254881
0.299674
0.332292
0.356399
0.374477
0.388209
0.398683
0.40607
0.409276
-0.429953
-0.417108
-0.3754
-0.320467
-0.259735
-0.19416
-0.124056
-0.0497191
0.028649
0.110785
0.191839
0.25833
0.305921
0.34032
0.365478
0.384129
0.398132
0.408706
0.416151
0.419354
-0.451495
-0.438677
-0.396307
-0.340364
-0.278337
-0.211154
-0.139118
-0.0624368
0.0188566
0.10479
0.190516
0.261421
0.312227
0.348748
0.375201
0.39458
0.408951
0.419664
0.427156
0.430322
-0.471694
-0.458825
-0.415812
-0.359043
-0.296
-0.227555
-0.153991
-0.0754162
0.00836393
0.0978147
0.188318
0.264105
0.318649
0.357732
0.385787
0.406093
0.420951
0.43189
0.439436
0.442587
-0.490719
-0.477696
-0.434245
-0.376734
-0.312864
-0.243455
-0.16875
-0.0887426
-0.00293525
0.0896997
0.185058
0.266258
0.32517
0.367341
0.397388
0.418867
0.434362
0.445592
0.453227
0.45633
-0.508798
-0.495595
-0.451638
-0.393573
-0.329015
-0.258909
-0.183421
-0.102442
-0.0151152
0.0803139
0.180551
0.267703
0.331687
0.377574
0.410074
0.433035
0.449347
0.460976
0.468728
0.471823
-0.525902
-0.512542
-0.468087
-0.409562
-0.344482
-0.273905
-0.197981
-0.116489
-0.0281986
0.0695393
0.174594
0.268233
0.338037
0.388345
0.423851
0.448676
0.466033
0.478187
0.486105
0.489215
-0.542099
-0.528521
-0.483685
-0.424666
-0.359247
-0.288405
-0.21237
-0.130817
-0.0421515
0.0573083
0.167006
0.267618
0.344
0.399493
0.438644
0.465799
0.484481
0.497301
0.50545
0.508563
-0.557334
-0.543599
-0.498349
-0.438907
-0.373255
-0.302348
-0.226494
-0.145337
-0.0569027
0.0435817
0.157613
0.265619
0.349324
0.410768
0.454263
0.484259
0.504633
0.518319
0.526785
0.529835
-0.571681
-0.557703
-0.512074
-0.452273
-0.386465
-0.315666
-0.240261
-0.159923
-0.0723611
0.0283892
0.146277
0.26201
0.353731
0.421836
0.470304
0.503773
0.52632
0.541165
0.550055
0.552935
-0.584956
-0.570915
-0.524806
-0.464731
-0.39884
-0.328278
-0.253572
-0.174441
-0.0883878
0.0117821
0.132899
0.256605
0.357026
0.432241
0.486202
0.523907
0.549234
0.565471
0.574652
0.577281
-0.597377
-0.583147
-0.536578
-0.476267
-0.410364
-0.34015
-0.266323
-0.188767
-0.104825
-0.00613823
0.117436
0.249308
0.358911
0.441486
0.501199
0.54398
0.573317
0.591534
0.600408
0.6021
-0.608859
-0.59439
-0.547435
-0.486872
-0.421001
-0.351227
-0.278432
-0.202746
-0.121505
-0.0252548
0.0998679
0.23999
0.359329
0.449075
0.514455
0.562812
0.597831
0.619998
0.628175
0.626313
-0.619492
-0.604839
-0.557359
-0.496553
-0.430763
-0.361483
-0.289827
-0.216269
-0.138253
-0.0453743
0.0802161
0.228568
0.358165
0.455038
0.525026
0.578443
0.620441
0.650683
0.662543
0.651442
-0.629295
-0.614456
-0.566418
-0.505417
-0.439795
-0.371102
-0.30074
-0.229664
-0.155594
-0.0674006
0.0571797
0.214
0.355131
0.459414
0.531835
0.587751
0.635806
0.676626
0.696096
0.696315
-0.638318
-0.623208
-0.574588
-0.513479
-0.44812
-0.380089
-0.311124
-0.242852
-0.173429
-0.0914004
0.0302585
0.195634
0.350116
0.462268
0.532443
0.584554
0.630436
0.665107
0.662787
0.599165
-0.646365
-0.630818
-0.581742
-0.520877
-0.455807
-0.388539
-0.320971
-0.255644
-0.191547
-0.117199
-0.000828828
0.173259
0.343568
0.46451
0.527185
0.560432
0.594082
0.599831
0.546653
0.470043
-0.655353
-0.638104
-0.587332
-0.527517
-0.462752
-0.396202
-0.33043
-0.26799
-0.209826
-0.144647
-0.0364155
0.146519
0.335474
0.466599
0.519332
0.537982
0.518285
0.480916
0.400327
0.313571
-0.627493
-0.611501
-0.565431
-0.502774
-0.437543
-0.371752
-0.308566
-0.253181
-0.202651
-0.135433
0.00860631
0.221504
0.403291
0.501927
0.53756
0.443519
0.374821
0.29492
0.200025
0.137291
-0.642274
-0.628487
-0.594897
-0.536855
-0.473274
-0.407529
-0.343493
-0.285931
-0.238079
-0.191354
-0.102443
0.0851618
0.314813
0.464735
0.506185
0.469486
0.333812
0.214948
0.130452
0.0186087
-0.654093
-0.637633
-0.599473
-0.540495
-0.477307
-0.412313
-0.350314
-0.296423
-0.25549
-0.221905
-0.149176
0.0366864
0.289185
0.457182
0.454062
0.324669
0.108635
-0.0398029
-0.152713
-0.270598
-0.666317
-0.651655
-0.607003
-0.547413
-0.483562
-0.418767
-0.357901
-0.3073
-0.274623
-0.258741
-0.216135
-0.0289389
0.258425
0.439441
0.381221
0.143453
-0.122822
-0.316087
-0.476307
-0.649229
-0.679246
-0.663861
-0.615629
-0.554674
-0.490153
-0.425342
-0.365397
-0.317926
-0.293625
-0.299223
-0.294206
-0.126489
0.205109
0.398947
0.271734
-0.069044
-0.396441
-0.65428
-0.883306
-1.17084
-0.689869
-0.674124
-0.623775
-0.561335
-0.495944
-0.430976
-0.371916
-0.327604
-0.312167
-0.34135
-0.388451
-0.266614
0.103921
0.294953
0.0990435
-0.313078
-0.704757
-1.0544
-1.38046
-1.98355
-0.698574
-0.683066
-0.631216
-0.5676
-0.501285
-0.435923
-0.377432
-0.335921
-0.329392
-0.385113
-0.506742
-0.47843
-0.0880573
0.109162
-0.153255
-0.567484
-1.0012
-1.43003
-1.80356
-2.61161
-0.70628
-0.690883
-0.638079
-0.573467
-0.506186
-0.440178
-0.381802
-0.342484
-0.344225
-0.428774
-0.652029
-0.781675
-0.368023
-0.175156
-0.454072
-0.804145
-1.20746
-1.64314
-1.88598
-1.93899
-0.713422
-0.698148
-0.644496
-0.578914
-0.510581
-0.443649
-0.384903
-0.347026
-0.356184
-0.473024
-0.826799
-1.20638
-0.773402
-0.559032
-0.795422
-1.0333
-1.29182
-1.64919
-1.85744
-1.87093
-0.720401
-0.705003
-0.650494
-0.583853
-0.514295
-0.446084
-0.386359
-0.348757
-0.363513
-0.512549
-1.00482
-1.70879
-1.28809
-0.992064
-1.15102
-1.27273
-1.30521
-1.47984
-1.69738
-1.66442
-0.727406
-0.711745
-0.656171
-0.588271
-0.517231
-0.447307
-0.38578
-0.346912
-0.363872
-0.532162
-1.14744
-2.14604
-1.75619
-1.40736
-1.49486
-1.5937
-1.36236
-1.07887
-1.30396
-1.51063
-0.734708
-0.718571
-0.661684
-0.59225
-0.519387
-0.447232
-0.382939
-0.340875
-0.35524
-0.533057
-1.24973
-2.35235
-2.01206
-1.70413
-1.83225
-2.14865
-2.02485
-1.83165
-1.83865
-1.9077
-0.742317
-0.725623
-0.667172
-0.595916
-0.520872
-0.445914
-0.377836
-0.330332
-0.336289
-0.502735
-1.20984
-2.24452
-1.94006
-1.75297
-2.12921
-3.06934
-3.7674
-3.72662
-3.35955
-3.04377
-0.75058
-0.733102
-0.672854
-0.599489
-0.521878
-0.443562
-0.370683
-0.31548
-0.306593
-0.434147
-1.00771
-1.77105
-1.5133
-1.47412
-2.11481
-3.46815
-4.77707
-4.712
-4.01936
-3.56102
-0.759648
-0.741367
-0.679051
-0.603248
-0.522719
-0.440532
-0.361943
-0.29714
-0.268428
-0.338004
-0.689207
-1.07664
-0.833012
-0.799805
-1.26038
-2.12672
-2.91597
-2.88216
-2.4819
-2.21077
-0.769916
-0.750689
-0.686082
-0.607541
-0.523778
-0.437321
-0.35251
-0.276784
-0.224976
-0.229421
-0.351518
-0.399317
-0.139473
-0.00479294
-0.0883202
-0.28195
-0.463688
-0.439814
-0.349571
-0.309276
-0.781567
-0.761329
-0.694225
-0.612691
-0.525476
-0.434483
-0.342991
-0.2559
-0.180872
-0.126712
-0.0821139
0.0772972
0.32007
0.484734
0.558248
0.61086
0.675384
0.734734
0.763937
0.765687
-0.79428
-0.773729
-0.703542
-0.618862
-0.527909
-0.432321
-0.334297
-0.236349
-0.140259
-0.0417526
0.0929066
0.322555
0.557382
0.735634
0.869705
0.974856
1.06116
1.12235
1.15297
1.15919
-0.807788
-0.787078
-0.713733
-0.625711
-0.531118
-0.431086
-0.326864
-0.21919
-0.106327
0.0218946
0.198009
0.435942
0.654937
0.826851
0.961333
1.06601
1.14703
1.20501
1.23973
1.25241
-0.820891
-0.799604
-0.723685
-0.632515
-0.534336
-0.430222
-0.32066
-0.20523
-0.0804416
0.0657071
0.257662
0.483534
0.681929
0.83836
0.959422
1.05207
1.12306
1.17597
1.21141
1.22651
-0.830462
-0.809584
-0.731678
-0.637453
-0.536277
-0.428807
-0.31511
-0.194168
-0.0618612
0.093611
0.286996
0.49482
0.671777
0.811285
0.918464
1.00055
1.06386
1.11252
1.14693
1.1618
-0.833785
-0.814024
-0.734317
-0.638069
-0.53471
-0.425039
-0.308835
-0.184816
-0.0485273
0.109205
0.296775
0.485915
0.643233
0.767435
0.86361
0.93807
0.99617
1.04148
1.07515
1.09106
-0.825832
-0.808056
-0.728348
-0.630826
-0.526719
-0.416533
-0.299893
-0.175406
-0.0389891
0.117116
0.293098
0.465158
0.605253
0.716249
0.80326
0.871639
0.92573
0.968317
1.00109
1.01644
-0.800653
-0.785752
-0.707365
-0.611369
-0.50894
-0.400706
-0.286117
-0.164467
-0.0314079
0.117113
0.282143
0.436023
0.560181
0.659178
0.737794
0.800532
0.85104
0.891684
0.923931
0.938588
-0.75016
-0.738473
-0.665469
-0.574073
-0.476941
-0.37422
-0.265514
-0.149825
-0.0245178
0.113951
0.262988
0.3996
0.508239
0.595052
0.664764
0.721204
0.767657
0.806556
0.838435
0.853255
-0.665536
-0.653446
-0.594185
-0.514137
-0.42685
-0.334156
-0.235738
-0.130576
-0.0170217
0.107343
0.238608
0.356439
0.448796
0.521936
0.580706
0.628439
0.668062
0.702501
0.731925
0.748833
-0.53921
-0.531583
-0.491282
-0.427519
-0.356235
-0.279421
-0.196202
-0.10588
-0.00748547
0.100254
0.212979
0.312414
0.388866
0.447954
0.494011
0.530314
0.558907
0.581135
0.598691
0.609918
-0.374269
-0.372539
-0.351707
-0.313507
-0.266451
-0.211556
-0.148379
-0.0765342
0.00469687
0.095806
0.19213
0.276879
0.341386
0.39034
0.427352
0.454856
0.475065
0.490115
0.500821
0.505616
-0.227173
-0.226779
-0.218231
-0.199888
-0.17393
-0.139796
-0.0966577
-0.0435045
0.0200458
0.0941418
0.174154
0.244772
0.297957
0.337215
0.365613
0.385904
0.400038
0.409087
0.414277
0.416335
-0.116897
-0.117512
-0.114961
-0.107668
-0.0947938
-0.0754072
-0.0478355
-0.0106279
0.0371455
0.0955999
0.160495
0.21818
0.261186
0.292397
0.314413
0.329197
0.338484
0.344083
0.347066
0.348023
-0.0441462
-0.0448403
-0.0455445
-0.0441377
-0.0385015
-0.0271538
-0.00914441
0.0169223
0.0522908
0.0975064
0.149149
0.195523
0.229911
0.254334
0.270915
0.281769
0.288555
0.292332
0.293953
0.294318
-0.000525702
-0.000965118
-0.00198989
-0.00217978
0.00018166
0.00657492
0.018468
0.0371223
0.0635724
0.0984284
0.139059
0.175788
0.20292
0.222074
0.235052
0.243351
0.248204
0.250718
0.251733
0.251941
0.0256263
0.0253714
0.0248254
0.0248042
0.0264591
0.030749
0.0388196
0.0520442
0.0716695
0.0983871
0.130183
0.159176
0.180574
0.195521
0.205411
0.211604
0.215236
0.217128
0.217887
0.218053
0.0426196
0.0424792
0.0422021
0.0422701
0.043491
0.0466296
0.0525881
0.0623879
0.0770964
0.0974998
0.122181
0.144841
0.161527
0.173122
0.180788
0.185581
0.188351
0.189762
0.190317
0.190441
0.0535572
0.0534795
0.0533632
0.0535252
0.0545094
0.0568588
0.0612727
0.0686167
0.0797826
0.0954384
0.114569
0.132234
0.145255
0.154289
0.160226
0.163908
0.16603
0.167113
0.167543
0.167642
0.0602803
0.0602349
0.0602099
0.0604212
0.0612514
0.0630994
0.0664827
0.0720586
0.0805568
0.0925741
0.10738
0.121108
0.131227
0.138232
0.142824
0.14567
0.147306
0.148136
0.148463
0.148537
0.063955
0.0639255
0.0639416
0.0641591
0.0648457
0.066298
0.0689117
0.0731948
0.0797187
0.0889679
0.100416
0.111065
0.118918
0.124351
0.127908
0.130107
0.131367
0.132007
0.132255
0.13231
0.0653721
0.0653516
0.0653831
0.0655833
0.0661465
0.0672956
0.0693257
0.0726287
0.0776503
0.0847802
0.0936343
0.101886
0.107973
0.112183
0.114934
0.116632
0.117601
0.118089
0.118277
0.118317
0.0650763
0.0650614
0.0650946
0.0652657
0.0657177
0.0666236
0.0682034
0.0707585
0.0746345
0.0801388
0.0869828
0.0933709
0.0980839
0.101339
0.103465
0.104775
0.105522
0.105895
0.106036
0.106064
0.0634591
0.0634481
0.0634771
0.0636164
0.0639752
0.0646833
0.065911
0.0678895
0.0708846
0.0751364
0.0804285
0.0853711
0.0890166
0.0915326
0.0931739
0.0941824
0.0947548
0.0950384
0.0951439
0.095164
0.0608147
0.0608062
0.0608305
0.0609415
0.0612229
0.0617761
0.0627286
0.0642598
0.0665742
0.0698581
0.0739462
0.0777655
0.0805828
0.082527
0.0837931
0.0845695
0.0850094
0.0852246
0.0853025
0.0853166
0.0573747
0.0573681
0.0573871
0.0574736
0.0576927
0.0581221
0.05886
0.0600438
0.0618315
0.0643675
0.0675257
0.0704764
0.0726513
0.0741494
0.0751232
0.0757187
0.0760546
0.076219
0.0762782
0.0762883
0.0533155
0.0533103
0.0533252
0.0533927
0.0535624
0.0538929
0.0544628
0.0553768
0.0567567
0.0587131
0.0611484
0.0634222
0.0650968
0.06625
0.0669992
0.0674571
0.0677146
0.0678389
0.0678822
0.0678892
0.048778
0.0487739
0.0487849
0.0488366
0.0489668
0.0492208
0.04966
0.0503639
0.051426
0.0529308
0.0548047
0.0565551
0.0578427
0.0587291
0.0593046
0.0596549
0.0598501
0.059943
0.0599744
0.0599791
0.0438704
0.043867
0.043875
0.043914
0.0440136
0.0442086
0.0445448
0.0450838
0.0458982
0.0470536
0.0484921
0.049835
0.0508224
0.0515014
0.05194
0.0522051
0.052352
0.0524213
0.0524438
0.0524468
0.0386787
0.0386762
0.0386817
0.0387104
0.0387849
0.0389318
0.0391872
0.039598
0.0402189
0.0411003
0.042197
0.04322
0.0439715
0.0444867
0.0448192
0.0450212
0.045133
0.045184
0.0452014
0.045203
0.033269
0.033267
0.0332704
0.0332906
0.0333456
0.0334562
0.0336483
0.0339587
0.0344284
0.0350942
0.0359228
0.0366954
0.0372611
0.0376478
0.0378975
0.0380472
0.0381297
0.0381673
0.0381808
0.0381816
0.0276934
0.0276917
0.0276938
0.0277084
0.027749
0.0278302
0.0279719
0.0282011
0.0285488
0.0290426
0.0296577
0.0302313
0.0306529
0.0309408
0.0311252
0.0312355
0.0312945
0.031321
0.0313284
0.0313283
0.0219932
0.0219917
0.0219926
0.0220024
0.0220302
0.0220874
0.0221897
0.0223551
0.0226055
0.0229618
0.0234073
0.0238218
0.0241249
0.0243303
0.0244599
0.024537
0.0245786
0.0245961
0.0245999
0.0245995
0.0162025
0.0162013
0.0162007
0.0162056
0.0162232
0.0162618
0.0163311
0.0164435
0.0166145
0.016858
0.017163
0.0174441
0.0176481
0.0177869
0.0178758
0.0179275
0.017953
0.0179618
0.0179621
0.0179612
0.0103464
0.0103456
0.0103448
0.0103472
0.0103576
0.0103805
0.010421
0.0104874
0.0105903
0.0107362
0.0109186
0.0110905
0.0112149
0.0113
0.011353
0.0113818
0.0113944
0.011397
0.0113951
0.0113937
0.00148385
0.0014812
0.00147634
0.001475
0.00147653
0.00148076
0.00148896
0.00150175
0.0015204
0.0015459
0.00157365
0.00159542
0.00161034
0.00161938
0.00162526
0.00162839
0.00162935
0.00162848
0.00162644
0.0048709
-2.33325
-1.26685
-0.679276
-0.312984
-0.040312
0.170713
0.33947
0.487687
0.636152
0.737733
-0.858262
-0.525974
-0.257092
-0.0348555
0.146966
0.297206
0.423601
0.529426
0.598022
0.611864
-0.313695
-0.135936
0.0229458
0.166073
0.28883
0.393843
0.481245
0.54754
0.589736
0.610454
0.000483547
0.110174
0.213398
0.310037
0.395415
0.468712
0.528339
0.573496
0.605817
0.625277
0.206734
0.279811
0.35148
0.420504
0.481576
0.533742
0.576735
0.61104
0.637494
0.654194
0.355478
0.404751
0.46137
0.511977
0.557729
0.597859
0.632073
0.660316
0.682681
0.696506
0.473345
0.511652
0.5559
0.596441
0.633987
0.667818
0.697111
0.721798
0.741353
0.752764
0.573801
0.608548
0.646216
0.682953
0.717076
0.747991
0.775061
0.797641
0.814742
0.824252
0.669857
0.70493
0.742576
0.779215
0.812479
0.842429
0.868076
0.888973
0.904368
0.913167
0.775147
0.814421
0.853854
0.891803
0.925021
0.953651
0.977808
0.99707
1.01106
1.02057
0.904259
0.947799
0.987627
1.02403
1.05513
1.08124
1.10316
1.12097
1.13451
1.14585
1.06703
1.10914
1.14321
1.17263
1.19745
1.2193
1.23913
1.25673
1.27188
1.28566
1.25846
1.28814
1.31009
1.32939
1.34778
1.36531
1.38165
1.39751
1.41439
1.43178
1.45569
1.46641
1.47879
1.49342
1.50803
1.52105
1.53247
1.5434
1.55621
1.57177
1.64263
1.65225
1.66192
1.66413
1.66498
1.66936
1.68015
1.69653
1.71383
1.71845
1.94743
1.88852
1.83685
1.79695
1.77466
1.77051
1.7843
1.81811
1.874
1.95324
0.452405
0.395392
0.353232
0.320013
0.296127
0.279214
0.267214
0.258735
0.252981
0.249689
0.249166
0.25151
0.256331
0.263586
0.273841
0.288193
0.308403
0.3367
0.374841
0.422725
0.256193
0.265544
0.272207
0.273377
0.270034
0.264281
0.258306
0.25323
0.24959
0.247823
0.248732
0.251845
0.256494
0.262283
0.268486
0.273446
0.274825
0.270892
0.262044
0.254679
0.230846
0.233086
0.238369
0.242904
0.246592
0.24903
0.249541
0.248362
0.246535
0.245092
0.244915
0.246251
0.248312
0.250174
0.250779
0.249364
0.246263
0.242225
0.237302
0.232374
0.224931
0.225856
0.229449
0.233422
0.236242
0.23808
0.239293
0.239994
0.240168
0.240134
0.240309
0.240745
0.241101
0.240952
0.240185
0.238811
0.23663
0.233233
0.229181
0.226677
0.224583
0.224887
0.226584
0.229091
0.231517
0.233655
0.235306
0.236358
0.236922
0.237187
0.237465
0.237804
0.237839
0.237344
0.23619
0.234454
0.232244
0.229836
0.227619
0.226661
0.224028
0.224125
0.224701
0.225675
0.226707
0.227769
0.228968
0.230055
0.23092
0.231559
0.231992
0.232129
0.231915
0.23133
0.230422
0.229512
0.228564
0.227615
0.226823
0.226517
0.221945
0.221991
0.222359
0.223054
0.22387
0.224763
0.225636
0.226478
0.227267
0.227966
0.228489
0.228737
0.228646
0.228294
0.227783
0.227044
0.226372
0.225694
0.225195
0.22503
0.219162
0.219179
0.219329
0.219657
0.220099
0.220653
0.221316
0.222067
0.222856
0.223625
0.22427
0.224606
0.224635
0.224458
0.224161
0.223819
0.223495
0.223197
0.222999
0.222939
0.215766
0.215778
0.215876
0.216091
0.216405
0.21682
0.217344
0.217982
0.218722
0.219534
0.220308
0.220849
0.2211
0.221143
0.221072
0.22094
0.220788
0.220642
0.220544
0.220512
0.211979
0.211988
0.21206
0.212216
0.212459
0.212805
0.213279
0.213901
0.214679
0.215599
0.216557
0.217301
0.21775
0.217982
0.218079
0.218096
0.218073
0.218037
0.218009
0.217997
0.20788
0.20789
0.207945
0.208079
0.208295
0.208619
0.209086
0.209733
0.210588
0.211661
0.212851
0.213855
0.214536
0.214965
0.215222
0.215367
0.215441
0.215474
0.215487
0.215488
0.20347
0.203476
0.203537
0.203668
0.203887
0.204229
0.204738
0.205466
0.206463
0.207758
0.20925
0.210566
0.211497
0.212134
0.212544
0.2128
0.212953
0.213039
0.213081
0.213091
0.198726
0.198731
0.198795
0.19894
0.199187
0.199578
0.20017
0.201034
0.202239
0.203837
0.205718
0.207417
0.208657
0.209512
0.210084
0.210452
0.21068
0.210813
0.210881
0.210898
0.193586
0.193593
0.193667
0.193838
0.194132
0.194604
0.195324
0.196383
0.197875
0.199874
0.202251
0.204422
0.206022
0.207144
0.2079
0.208391
0.208699
0.208882
0.208976
0.209
0.187961
0.187969
0.188061
0.188272
0.188638
0.189224
0.190123
0.191448
0.193321
0.19584
0.198849
0.20161
0.203654
0.205092
0.206065
0.206701
0.207101
0.207339
0.207463
0.207495
0.18173
0.18174
0.181857
0.182125
0.182587
0.183329
0.184467
0.186145
0.188518
0.191708
0.195521
0.199019
0.201611
0.203437
0.204675
0.205485
0.205994
0.206299
0.206456
0.206497
0.174729
0.174742
0.174893
0.175236
0.175829
0.176779
0.178234
0.180375
0.183397
0.18745
0.192281
0.196703
0.199975
0.20228
0.203842
0.204864
0.205508
0.205892
0.206091
0.206142
0.166735
0.166752
0.166948
0.167393
0.168161
0.169388
0.171263
0.174013
0.177877
0.183035
0.189153
0.194732
0.198848
0.201744
0.203706
0.20499
0.205799
0.206282
0.206532
0.206596
0.157449
0.157471
0.15773
0.158313
0.159317
0.160916
0.163349
0.1669
0.17186
0.178435
0.186177
0.193196
0.198358
0.201985
0.20444
0.206048
0.20706
0.207665
0.207976
0.208056
0.146463
0.146494
0.146838
0.147611
0.14894
0.151047
0.154233
0.158847
0.165236
0.173625
0.183405
0.192207
0.198659
0.203186
0.206252
0.208259
0.209523
0.210277
0.210666
0.210764
0.133214
0.133258
0.133723
0.134763
0.136551
0.139369
0.143586
0.149628
0.157892
0.168595
0.180915
0.191905
0.199931
0.205561
0.20938
0.211885
0.213465
0.214406
0.214889
0.215012
0.116885
0.116948
0.117588
0.119026
0.121498
0.125342
0.131006
0.138993
0.149726
0.16337
0.178814
0.192451
0.202381
0.209361
0.214113
0.217243
0.219221
0.220396
0.220995
0.221148
0.0962378
0.0963286
0.0972396
0.0993169
0.102863
0.108246
0.115997
0.126677
0.140669
0.158013
0.177238
0.194019
0.206218
0.214834
0.22075
0.224683
0.227186
0.228672
0.229422
0.229612
0.0693205
0.0694548
0.0708363
0.0740548
0.0793751
0.0871616
0.0980184
0.112466
0.13073
0.152646
0.176345
0.19677
0.211616
0.222196
0.229571
0.234567
0.23781
0.239767
0.24075
0.240991
0.0327663
0.0330035
0.0354277
0.0409686
0.0494477
0.0611922
0.0767475
0.0964012
0.120113
0.147505
0.176321
0.200831
0.218673
0.23156
0.240755
0.247189
0.251539
0.254291
0.255716
0.256066
-0.0200439
-0.0192722
-0.0136048
-0.00278259
0.0117207
0.030068
0.0525073
0.0790131
0.10934
0.142985
0.177398
0.206289
0.227374
0.242854
0.254234
0.26256
0.268564
0.272697
0.275086
0.275749
-0.0982114
-0.0939687
-0.0782274
-0.0566729
-0.0322433
-0.00458834
0.0265392
0.0610941
0.0988501
0.139342
0.179823
0.213531
0.238323
0.256927
0.271129
0.282141
0.290807
0.297559
0.302395
0.304721
-0.180806
-0.171422
-0.143
-0.110702
-0.0762221
-0.0392359
0.000499472
0.0430904
0.0884356
0.136238
0.183634
0.223208
0.252694
0.275318
0.29314
0.307551
0.31948
0.329384
0.338778
0.342799
-0.244965
-0.235281
-0.199978
-0.159594
-0.116731
-0.0714912
-0.0238429
0.0262381
0.078725
0.133412
0.187238
0.232006
0.265302
0.290836
0.31091
0.327011
0.340139
0.350881
0.359681
0.363224
-0.294654
-0.284335
-0.245644
-0.200239
-0.151612
-0.100206
-0.0461583
0.0103673
0.0692074
0.130081
0.189594
0.23875
0.275002
0.302456
0.323686
0.340391
0.353768
0.364573
0.373268
0.377055
-0.333794
-0.323404
-0.282753
-0.233773
-0.181051
-0.125063
-0.0660683
-0.00430372
0.0599694
0.126392
0.191141
0.244278
0.283045
0.312015
0.334095
0.351212
0.364698
0.375413
0.383814
0.387645
-0.365862
-0.355492
-0.313864
-0.262412
-0.206564
-0.146999
-0.083979
-0.0177957
0.0512129
0.122606
0.192153
0.248979
0.290085
0.320448
0.343283
0.360742
0.374315
0.384982
0.393201
0.397011
-0.393298
-0.382956
-0.340696
-0.287469
-0.229285
-0.166864
-0.100555
-0.0306953
0.0424104
0.118327
0.192494
0.25304
0.296555
0.328378
0.352031
0.369891
0.383608
0.394275
0.40234
0.40613
-0.417626
-0.407256
-0.364518
-0.309933
-0.249962
-0.18533
-0.116361
-0.0433812
0.0333497
0.113484
0.192235
0.256673
0.302819
0.33629
0.360898
0.379257
0.393183
0.403906
0.411869
0.415638
-0.439785
-0.429388
-0.386223
-0.330551
-0.269132
-0.20272
-0.131599
-0.0560321
0.0238515
0.107914
0.191294
0.259942
0.309081
0.344492
0.370264
0.389264
0.403491
0.414294
0.422192
0.425923
-0.46047
-0.449956
-0.406391
-0.349807
-0.287245
-0.219397
-0.146558
-0.0688739
0.0137237
0.101451
0.189552
0.262838
0.315441
0.35318
0.380392
0.400212
0.414843
0.425783
0.433704
0.437394
-0.479895
-0.469281
-0.425313
-0.36797
-0.304498
-0.235538
-0.161364
-0.0820228
0.00283205
0.0939229
0.186847
0.265272
0.321916
0.362472
0.391469
0.41233
0.427512
0.438696
0.446548
0.450238
-0.498282
-0.487528
-0.443194
-0.385232
-0.321006
-0.251219
-0.176077
-0.0955331
-0.00890802
0.0851858
0.18299
0.267098
0.328451
0.372398
0.40361
0.425791
0.441684
0.453181
0.461087
0.464728
-0.515703
-0.504868
-0.460075
-0.401652
-0.336814
-0.26645
-0.190706
-0.10941
-0.0215376
0.0751094
0.177781
0.268114
0.334911
0.382917
0.416847
0.440698
0.457511
0.469428
0.477442
0.481002
-0.532233
-0.521212
-0.476033
-0.417202
-0.351937
-0.281205
-0.205192
-0.123611
-0.0350557
0.0636111
0.171023
0.268096
0.341099
0.393908
0.431154
0.457079
0.475078
0.487576
0.495758
0.499186
-0.547834
-0.536654
-0.491119
-0.431877
-0.366333
-0.295437
-0.219457
-0.13805
-0.0494229
0.0506318
0.162539
0.266809
0.346784
0.405157
0.446372
0.474868
0.494381
0.507678
0.516139
0.519405
-0.562551
-0.55124
-0.505339
-0.445686
-0.379949
-0.309076
-0.23342
-0.15262
-0.0645519
0.0361747
0.152183
0.264026
0.351696
0.416368
0.462252
0.49391
0.515295
0.529566
0.53836
0.541523
-0.576343
-0.564704
-0.518568
-0.458606
-0.392747
-0.322055
-0.246969
-0.167194
-0.0803091
0.0202585
0.139837
0.259556
0.355555
0.427184
0.478369
0.513829
0.537649
0.553133
0.562239
0.565155
-0.589086
-0.577374
-0.53081
-0.470607
-0.404698
-0.334305
-0.260011
-0.181633
-0.0965646
0.00297395
0.125418
0.25323
0.358139
0.437094
0.493988
0.534083
0.561271
0.578331
0.587511
0.589821
-0.600965
-0.589104
-0.542128
-0.481678
-0.415783
-0.345777
-0.272454
-0.195801
-0.113149
-0.0155687
0.108909
0.244894
0.359243
0.445615
0.508344
0.553796
0.585681
0.605444
0.613954
0.614427
-0.611966
-0.599854
-0.552525
-0.491822
-0.425984
-0.356447
-0.284219
-0.209574
-0.129885
-0.0352132
0.090292
0.234512
0.358861
0.452439
0.520261
0.571337
0.609672
0.635293
0.644236
0.638384
-0.622103
-0.609877
-0.562002
-0.501072
-0.435348
-0.366343
-0.295318
-0.222957
-0.146806
-0.0560856
0.0692469
0.221694
0.356952
0.457468
0.528691
0.584239
0.629706
0.665701
0.684748
0.67197
-0.631545
-0.619056
-0.570632
-0.509548
-0.444039
-0.375665
-0.305998
-0.236297
-0.164461
-0.0791738
0.0442284
0.205297
0.353112
0.460952
0.532442
0.588097
0.637262
0.675302
0.696461
0.655399
-0.640732
-0.627259
-0.578333
-0.517239
-0.452007
-0.384357
-0.3161
-0.249307
-0.182472
-0.104082
0.0151888
0.18508
0.347299
0.463571
0.530686
0.574869
0.616167
0.642196
0.607912
0.536153
-0.651009
-0.634165
-0.58488
-0.524407
-0.459462
-0.392562
-0.325766
-0.261892
-0.20078
-0.130834
-0.0183044
0.160559
0.33992
0.46584
0.523837
0.538954
0.561835
0.547388
0.477832
0.395626
-0.661322
-0.654752
-0.588969
-0.529041
-0.464658
-0.398558
-0.33472
-0.273818
-0.219114
-0.159194
-0.0558529
0.131818
0.330515
0.469586
0.511186
0.463677
0.467379
0.404934
0.316002
0.223774
-0.617774
-0.618365
-0.56702
-0.505181
-0.440168
-0.374869
-0.314049
-0.260806
-0.215439
-0.155513
-0.0175101
0.206496
0.401092
0.496462
0.501169
0.37752
0.26337
0.174173
0.0780179
-0.121095
-0.651933
-0.623927
-0.570276
-0.50877
-0.443955
-0.379824
-0.321569
-0.274035
-0.240184
-0.200888
-0.0789489
0.172599
0.400304
0.477355
0.400372
0.207737
0.0271274
-0.0976002
-0.214919
-0.435744
-0.667884
-0.633732
-0.578199
-0.516101
-0.451237
-0.387745
-0.331145
-0.288878
-0.267305
-0.250969
-0.14869
0.112239
0.374061
0.445585
0.287004
0.00210081
-0.228336
-0.394597
-0.5697
-0.883095
-0.681325
-0.643487
-0.585981
-0.522866
-0.457701
-0.394595
-0.33978
-0.302696
-0.294068
-0.305897
-0.238196
0.033715
0.33014
0.380628
0.115123
-0.241038
-0.533201
-0.766466
-1.02454
-1.56764
-0.692293
-0.652408
-0.59331
-0.528979
-0.4633
-0.400456
-0.34741
-0.315665
-0.321239
-0.371418
-0.368178
-0.101786
0.245119
0.234046
-0.105148
-0.513504
-0.882744
-1.22134
-1.61077
-2.79391
-0.70113
-0.660375
-0.600139
-0.53472
-0.468358
-0.405509
-0.353889
-0.327147
-0.347798
-0.444167
-0.545229
-0.31434
0.0757989
0.0175421
-0.359621
-0.779607
-1.22142
-1.61358
-2.0631
-3.5554
-0.708919
-0.667554
-0.606512
-0.540083
-0.472881
-0.409673
-0.358947
-0.336511
-0.372317
-0.522529
-0.775241
-0.643271
-0.198218
-0.276422
-0.63016
-0.993572
-1.4345
-1.80099
-1.91836
-1.98922
-0.716168
-0.674273
-0.612459
-0.545004
-0.476773
-0.412848
-0.362376
-0.343454
-0.394318
-0.607263
-1.07403
-1.10344
-0.583868
-0.645503
-0.91907
-1.15309
-1.46313
-1.79112
-1.87659
-1.86393
-0.723217
-0.680625
-0.617946
-0.549353
-0.479846
-0.414725
-0.363681
-0.346794
-0.41098
-0.689638
-1.41947
-1.6215
-1.05372
-1.04647
-1.22735
-1.30466
-1.35504
-1.60765
-1.68864
-1.64575
-0.730413
-0.686796
-0.623014
-0.553058
-0.481952
-0.415028
-0.362349
-0.345192
-0.417939
-0.762565
-1.72658
-2.07863
-1.49706
-1.42059
-1.56956
-1.52604
-1.18951
-1.15316
-1.45071
-1.52411
-0.737869
-0.69296
-0.627773
-0.556179
-0.483056
-0.413644
-0.357962
-0.337596
-0.411091
-0.793582
-1.89485
-2.32966
-1.76729
-1.7267
-1.99674
-2.17237
-1.86429
-1.8223
-1.87764
-1.93675
-0.745664
-0.699259
-0.63237
-0.55882
-0.483235
-0.410591
-0.350418
-0.323387
-0.386403
-0.754765
-1.8326
-2.22728
-1.74615
-1.9026
-2.53641
-3.54565
-3.80301
-3.58408
-3.1651
-2.99255
-0.75408
-0.705886
-0.637032
-0.561189
-0.482691
-0.406085
-0.33995
-0.302488
-0.342817
-0.640989
-1.48827
-1.73058
-1.39763
-1.70773
-2.67956
-4.29569
-4.86061
-4.38745
-3.72554
-3.49051
-0.763268
-0.71319
-0.642042
-0.563577
-0.481753
-0.400527
-0.327095
-0.276338
-0.28409
-0.467168
-0.955951
-0.994275
-0.743929
-0.967456
-1.66045
-2.59635
-2.99837
-2.69095
-2.31642
-2.15557
-0.773773
-0.721464
-0.647747
-0.566339
-0.48085
-0.394564
-0.313071
-0.246798
-0.21717
-0.275375
-0.423236
-0.270902
-0.0392421
-0.0283091
-0.181195
-0.385658
-0.471779
-0.391644
-0.323056
-0.301254
-0.785546
-0.731012
-0.654425
-0.569855
-0.480467
-0.388758
-0.298728
-0.21654
-0.150972
-0.107488
-0.0248809
0.204846
0.412983
0.528425
0.583162
0.641908
0.706751
0.753844
0.767173
0.768484
-0.798659
-0.74187
-0.662204
-0.574242
-0.480767
-0.383664
-0.285398
-0.188242
-0.0924464
0.0175476
0.19745
0.4482
0.651063
0.808171
0.925353
1.02002
1.09551
1.14147
1.15844
1.15876
-0.812504
-0.753323
-0.670811
-0.579331
-0.481906
-0.37963
-0.273703
-0.163859
-0.0457725
0.10265
0.313714
0.55202
0.745492
0.899312
1.0172
1.10925
1.17888
1.22528
1.24866
1.25316
-0.825437
-0.765295
-0.679273
-0.584379
-0.48318
-0.376323
-0.263994
-0.14464
-0.0115502
0.15636
0.370994
0.588147
0.764887
0.902947
1.00881
1.08996
1.15163
1.19599
1.22167
1.22751
-0.834745
-0.77409
-0.685638
-0.587871
-0.483507
-0.372967
-0.255921
-0.130112
0.0116801
0.187075
0.393268
0.587855
0.745859
0.868385
0.96217
1.0342
1.08986
1.13165
1.15705
1.16292
-0.838033
-0.778011
-0.68744
-0.587356
-0.480875
-0.368
-0.24822
-0.118881
0.0265611
0.20147
0.394738
0.568648
0.709098
0.818541
0.903143
0.968857
1.02029
1.05972
1.08607
1.09199
-0.829902
-0.772754
-0.68066
-0.579723
-0.4726
-0.359297
-0.239006
-0.109286
0.0355319
0.204644
0.383216
0.539038
0.664007
0.76233
0.839427
0.90022
0.948307
0.985893
1.01163
1.01753
-0.804148
-0.751695
-0.660343
-0.561079
-0.455752
-0.344484
-0.226241
-0.0997149
0.0402052
0.200125
0.362732
0.501621
0.61248
0.700679
0.770848
0.827089
0.872464
0.908889
0.934073
0.939869
-0.75308
-0.707618
-0.620619
-0.526418
-0.426458
-0.320872
-0.208836
-0.0887881
0.0425191
0.189435
0.334905
0.457028
0.553995
0.631748
0.694377
0.745462
0.787879
0.823595
0.848613
0.854701
-0.668548
-0.628301
-0.555428
-0.471384
-0.381345
-0.2859
-0.184262
-0.0752023
0.0434101
0.174178
0.300952
0.40538
0.487376
0.552839
0.605736
0.649027
0.685752
0.718038
0.742802
0.750979
-0.537942
-0.515901
-0.460925
-0.392583
-0.318708
-0.238801
-0.152111
-0.0579332
0.0449684
0.157836
0.265862
0.353102
0.42024
0.472351
0.513193
0.545475
0.570703
0.590437
0.605532
0.611807
-0.374641
-0.365047
-0.333949
-0.290961
-0.24015
-0.181073
-0.1137
-0.0372387
0.048861
0.144963
0.237306
0.31132
0.367521
0.410151
0.442153
0.46572
0.483131
0.496062
0.504075
0.505904
-0.227621
-0.223853
-0.21011
-0.187838
-0.157955
-0.119475
-0.0714047
-0.0131268
0.0557002
0.134854
0.211852
0.273283
0.319119
0.352584
0.37662
0.393662
0.405151
0.412087
0.415679
0.416441
-0.117426
-0.116785
-0.111927
-0.10199
-0.0859846
-0.0627603
-0.0305271
0.0118742
0.0650041
0.128474
0.191314
0.241327
0.278085
0.304417
0.32261
0.334416
0.34166
0.345877
0.347765
0.347925
-0.0444684
-0.0452836
-0.0452609
-0.0419247
-0.0335579
-0.0190582
0.00278604
0.0333694
0.073642
0.123538
0.173918
0.214088
0.243236
0.263474
0.276941
0.285602
0.290772
0.293361
0.294245
0.294236
-0.000703184
-0.00142624
-0.00230908
-0.00139224
0.00278808
0.011764
0.0268833
0.0493109
0.0799216
0.118839
0.158677
0.19046
0.213376
0.229236
0.239713
0.246143
0.249698
0.251371
0.251901
0.251891
0.0255157
0.0251308
0.0246697
0.0253741
0.0282148
0.0342372
0.0447093
0.0609959
0.0841159
0.114302
0.145659
0.170761
0.188769
0.201016
0.208896
0.213686
0.216363
0.217615
0.218019
0.218017
0.0425523
0.0423615
0.0421383
0.0426988
0.0447705
0.0492018
0.056945
0.0690676
0.0865527
0.109817
0.134273
0.153887
0.16789
0.177378
0.183489
0.187177
0.189195
0.190119
0.190415
0.190413
0.0535137
0.0534292
0.0533726
0.0538881
0.0554776
0.0587611
0.0645249
0.0736718
0.0870186
0.104966
0.12399
0.139294
0.150217
0.157592
0.162304
0.16513
0.166678
0.167389
0.167621
0.167619
0.0602498
0.0602212
0.0602612
0.060739
0.0620216
0.0645643
0.0689536
0.0758989
0.0860972
0.0999366
0.114699
0.126597
0.135078
0.140787
0.144431
0.146613
0.147803
0.148347
0.148522
0.148518
0.0639324
0.0639276
0.0640083
0.064429
0.0654561
0.0674325
0.0708111
0.076142
0.0839788
0.0946551
0.106091
0.115325
0.121905
0.126331
0.12915
0.130834
0.131751
0.132167
0.132299
0.132294
0.065355
0.0653597
0.0654503
0.0658086
0.0666335
0.0681796
0.0707921
0.0748974
0.080932
0.0891753
0.0980313
0.105188
0.110288
0.113715
0.115894
0.117192
0.117894
0.118211
0.118309
0.118304
0.0650631
0.0650706
0.0651543
0.0654484
0.0661051
0.0673129
0.069339
0.07251
0.0771676
0.0835353
0.090386
0.0959278
0.0998741
0.102523
0.104205
0.105207
0.105747
0.105987
0.10606
0.106054
0.063449
0.0634563
0.0635265
0.0637621
0.0642779
0.0652198
0.066791
0.0692434
0.072841
0.0777618
0.0830614
0.0873489
0.0904009
0.0924474
0.0937445
0.0945135
0.0949258
0.0951074
0.095161
0.0951554
0.0608068
0.0608132
0.0608702
0.061056
0.0614606
0.0621926
0.06341
0.0653063
0.0680854
0.0718867
0.075981
0.079294
0.0816526
0.0832329
0.0842327
0.0848238
0.0851396
0.085276
0.0853148
0.0853098
0.0573686
0.0573735
0.0574181
0.0575628
0.0578772
0.0584451
0.0593871
0.0608522
0.0629983
0.0659341
0.0690975
0.0716564
0.073476
0.0746927
0.0754607
0.0759134
0.0761541
0.0762581
0.0762872
0.0762828
0.0533107
0.0533145
0.0533494
0.0534619
0.0537036
0.0541423
0.0548697
0.0560009
0.0576571
0.0599215
0.0623601
0.0643313
0.0657318
0.066668
0.0672587
0.0676066
0.0677902
0.0678677
0.0678886
0.0678849
0.0487743
0.0487769
0.0488034
0.0488897
0.0490752
0.049413
0.0499734
0.0508443
0.0521186
0.0538604
0.0557376
0.0572539
0.0583306
0.0590503
0.0595034
0.0597686
0.0599068
0.0599641
0.0599789
0.0599757
0.0438674
0.0438691
0.0438889
0.0439546
0.0440968
0.0443558
0.0447848
0.045452
0.0464299
0.0477674
0.0492079
0.0503712
0.0511966
0.0517466
0.0520907
0.0522907
0.0523945
0.0524366
0.0524468
0.0524442
0.0386765
0.0386776
0.0386919
0.0387406
0.0388475
0.0390434
0.03937
0.0398788
0.0406245
0.0416446
0.0427422
0.0436279
0.0442555
0.0446725
0.0449339
0.0450868
0.0451646
0.0451958
0.0452032
0.0452009
0.0332674
0.0332678
0.0332773
0.0333128
0.033393
0.0335401
0.0337863
0.0341711
0.0347348
0.0355054
0.036335
0.0370032
0.0374743
0.0377874
0.0379828
0.0380956
0.038153
0.0381762
0.0381819
0.0381798
0.0276921
0.0276921
0.0276987
0.0277248
0.0277837
0.027892
0.0280737
0.0283583
0.028776
0.029348
0.0299634
0.0304602
0.0308118
0.031044
0.0311882
0.0312702
0.031311
0.0313264
0.0313288
0.0313268
0.0219922
0.0219916
0.0219959
0.0220136
0.0220543
0.0221319
0.0222633
0.0224683
0.0227693
0.0231826
0.0236287
0.0239867
0.0242387
0.0244031
0.0245037
0.0245616
0.0245897
0.0245992
0.0245998
0.0245986
0.0162018
0.0162009
0.016202
0.0162124
0.0162393
0.016292
0.016381
0.0165207
0.0167266
0.0170084
0.0173139
0.0175551
0.0177246
0.0178369
0.0179057
0.0179429
0.017959
0.0179624
0.0179616
0.0179608
0.0103459
0.0103451
0.0103454
0.0103511
0.0103673
0.0103981
0.0104504
0.0105338
0.0106573
0.0108264
0.0110105
0.0111582
0.011262
0.01133
0.01137
0.0113897
0.0113967
0.0113962
0.0113942
0.0113934
0.00444545
0.00444407
0.004443
0.00444221
0.00444512
0.00445331
0.00447001
0.00449848
0.00454108
0.00460225
0.00467862
0.00475111
0.00480353
0.00483738
0.0048584
0.00487076
0.00487588
0.00487521
0.00487167
0.00487117
-1.64386
-0.930842
-0.482623
-0.169696
0.0707394
0.257804
0.415894
0.559249
0.706141
0.688924
-0.642391
-0.385327
-0.140184
0.0607387
0.225664
0.362867
0.479537
0.570204
0.611364
0.610774
-0.2086
-0.0554531
0.0972839
0.229795
0.343485
0.439876
0.517352
0.571445
0.60302
0.614468
0.0647548
0.162019
0.263067
0.354211
0.433674
0.500333
0.552672
0.591089
0.617705
0.631992
0.249672
0.315626
0.386868
0.45213
0.508806
0.556376
0.594899
0.625224
0.647741
0.663104
0.386096
0.4356
0.487128
0.535563
0.578522
0.615709
0.646929
0.672242
0.691285
0.70719
0.497528
0.534135
0.576583
0.61562
0.651433
0.683048
0.710039
0.732302
0.748401
0.764884
0.594487
0.627064
0.6649
0.700371
0.732988
0.762031
0.786971
0.806954
0.820564
0.837457
0.689282
0.723362
0.76132
0.796231
0.827933
0.855828
0.879142
0.897424
0.909541
0.926865
0.796055
0.833915
0.873336
0.909017
0.939882
0.966328
0.988071
1.00472
1.01611
1.0342
0.927109
0.967969
1.00644
1.04024
1.06876
1.09268
1.11261
1.12819
1.14013
1.15857
1.08932
1.12673
1.15858
1.18551
1.20866
1.22946
1.24825
1.26456
1.27877
1.29678
1.27416
1.29977
1.3199
1.33867
1.35668
1.37365
1.38956
1.40576
1.42316
1.44227
1.46052
1.47234
1.48592
1.50089
1.51476
1.52695
1.53788
1.54941
1.56381
1.58238
1.64373
1.65832
1.66357
1.66439
1.66649
1.67387
1.68777
1.70576
1.71828
1.73179
1.91634
1.86197
1.81486
1.78351
1.77039
1.77506
1.79854
1.84325
1.91047
2.00595
0.315954
0.311449
0.304377
0.292923
0.280443
0.269579
0.261039
0.254735
0.25055
0.248673
0.249568
0.252982
0.25846
0.266024
0.275852
0.287789
0.300328
0.309775
0.315464
0.318744
0.237197
0.24476
0.251473
0.256403
0.258472
0.257478
0.254495
0.250998
0.248101
0.246598
0.247446
0.250107
0.253668
0.257266
0.259557
0.259191
0.255653
0.249742
0.242167
0.236151
0.227204
0.230685
0.234966
0.238299
0.24079
0.242542
0.243332
0.24319
0.242609
0.242336
0.24273
0.24363
0.244386
0.244325
0.243208
0.241143
0.238333
0.234469
0.230256
0.227975
0.224266
0.225958
0.229403
0.232747
0.235219
0.236864
0.237938
0.238499
0.238696
0.238815
0.23916
0.239515
0.239497
0.238911
0.237718
0.235828
0.232987
0.229449
0.226727
0.226017
0.224649
0.225152
0.226404
0.227889
0.229524
0.231243
0.232665
0.233664
0.234297
0.234722
0.235022
0.235065
0.234669
0.233764
0.232367
0.230783
0.229334
0.227938
0.227064
0.226852
0.223052
0.223295
0.223995
0.22488
0.22581
0.226763
0.227637
0.228488
0.229218
0.229797
0.23015
0.230166
0.229871
0.229325
0.228735
0.227906
0.227127
0.226348
0.225894
0.225803
0.220658
0.220766
0.221133
0.221696
0.222362
0.223135
0.223961
0.224787
0.225574
0.226276
0.226719
0.226824
0.226636
0.226245
0.225729
0.225189
0.224705
0.224296
0.224091
0.224051
0.217518
0.217572
0.217758
0.218072
0.21848
0.218992
0.21961
0.220324
0.221095
0.221862
0.222445
0.222724
0.222763
0.222649
0.222458
0.22224
0.222023
0.221841
0.221753
0.221732
0.213916
0.213958
0.214089
0.214317
0.214639
0.215075
0.215636
0.216329
0.217143
0.218036
0.218806
0.219288
0.219518
0.219582
0.21955
0.219473
0.219384
0.219307
0.219269
0.219255
0.209966
0.209994
0.210098
0.210279
0.210552
0.210945
0.211487
0.212204
0.213104
0.214166
0.215162
0.215867
0.216302
0.216552
0.216678
0.216732
0.216745
0.216741
0.216737
0.216729
0.205716
0.205746
0.205838
0.206006
0.206273
0.206673
0.207249
0.208044
0.209091
0.210386
0.211668
0.212638
0.21329
0.213713
0.213974
0.214126
0.214211
0.214253
0.214269
0.214264
0.201142
0.201169
0.201267
0.201448
0.201739
0.202186
0.202845
0.203778
0.205039
0.206643
0.208278
0.209558
0.210462
0.211065
0.211457
0.211702
0.211848
0.211928
0.211962
0.211957
0.196211
0.196241
0.196351
0.196559
0.196899
0.197429
0.19822
0.199356
0.200911
0.202921
0.205004
0.206665
0.207848
0.208658
0.209192
0.209531
0.209738
0.209854
0.209903
0.209899
0.190841
0.190877
0.191011
0.191263
0.19168
0.192332
0.193311
0.194723
0.196671
0.199204
0.201849
0.203971
0.205497
0.206547
0.207245
0.207691
0.207965
0.208121
0.208186
0.208182
0.184931
0.184976
0.185144
0.18546
0.185983
0.186802
0.188035
0.189816
0.192275
0.195481
0.198833
0.20153
0.203474
0.204815
0.205708
0.206281
0.206633
0.206833
0.206918
0.206913
0.178339
0.178398
0.178611
0.179015
0.179681
0.180725
0.182293
0.184556
0.187679
0.191743
0.195987
0.199399
0.201858
0.203556
0.204687
0.205413
0.20586
0.206114
0.206221
0.206215
0.170875
0.170951
0.171228
0.171748
0.172606
0.173947
0.175956
0.17885
0.182828
0.187986
0.193353
0.197656
0.200754
0.202891
0.204314
0.205228
0.205791
0.206111
0.206247
0.206239
0.16228
0.162381
0.162743
0.163422
0.164537
0.166272
0.168865
0.172581
0.177663
0.184213
0.19099
0.196401
0.200288
0.202967
0.204751
0.205898
0.206603
0.207005
0.207174
0.207164
0.152204
0.152339
0.15282
0.153718
0.155181
0.157447
0.160815
0.165611
0.172119
0.180435
0.188973
0.195757
0.200619
0.203967
0.206196
0.207629
0.208511
0.209014
0.209225
0.209211
0.140157
0.140343
0.140997
0.142201
0.144144
0.147134
0.151547
0.157772
0.166126
0.176676
0.187398
0.195869
0.201926
0.206099
0.208879
0.210669
0.211775
0.212406
0.21267
0.212651
0.125449
0.125717
0.126629
0.128275
0.130894
0.134895
0.14074
0.148875
0.159622
0.17298
0.186385
0.196907
0.204424
0.20961
0.213074
0.215314
0.216706
0.217507
0.217842
0.217815
0.107084
0.107494
0.10881
0.111108
0.114716
0.120177
0.128031
0.138742
0.152582
0.169428
0.186074
0.199057
0.20834
0.214774
0.219099
0.221913
0.223679
0.224712
0.225147
0.225112
0.0835292
0.0842073
0.0861939
0.0895214
0.0946786
0.102352
0.113085
0.127275
0.145068
0.166164
0.18664
0.20251
0.213897
0.221865
0.227285
0.230855
0.233127
0.234482
0.235068
0.23503
0.0522097
0.0534372
0.0566563
0.0618194
0.0696375
0.0808023
0.095693
0.114538
0.137276
0.16341
0.188273
0.207431
0.221268
0.231103
0.237938
0.242548
0.245547
0.247375
0.248186
0.248157
0.008425
0.0109508
0.0169249
0.0258267
0.0384396
0.0551011
0.0758905
0.100792
0.129515
0.161409
0.191116
0.213886
0.230479
0.242528
0.251186
0.257284
0.261449
0.264144
0.265341
0.265293
-0.0560915
-0.0491761
-0.0366217
-0.0200094
0.000837521
0.0256414
0.0542981
0.0866152
0.122196
0.160375
0.195195
0.22175
0.241294
0.255827
0.266691
0.274808
0.280817
0.285126
0.287064
0.286798
-0.133539
-0.121287
-0.0974456
-0.0695946
-0.0387869
-0.00491213
0.0321017
0.0722073
0.11515
0.160417
0.201416
0.232909
0.256584
0.274789
0.289059
0.300413
0.309641
0.316397
0.319286
0.320325
-0.2105
-0.188422
-0.154677
-0.117045
-0.0768727
-0.0342725
0.0108712
0.0585999
0.108785
0.161086
0.20828
0.244636
0.272178
0.293646
0.310774
0.324657
0.336006
0.344957
0.350197
0.351577
-0.267388
-0.242293
-0.20284
-0.158429
-0.111131
-0.0613083
-0.00903625
0.0456122
0.102488
0.16126
0.213915
0.254225
0.284558
0.307959
0.326336
0.340932
0.352591
0.36161
0.366834
0.368253
-0.312338
-0.285224
-0.241892
-0.19288
-0.14051
-0.0852142
-0.0272283
0.0332508
0.0959739
0.160523
0.218055
0.261741
0.294214
0.318897
0.337995
0.352951
0.364736
0.373794
0.379045
0.380416
-0.347985
-0.320319
-0.274371
-0.222018
-0.165871
-0.106349
-0.043726
0.0217139
0.0896302
0.15947
0.221486
0.268197
0.302528
0.328283
0.347929
0.363111
0.374926
0.383942
0.389211
0.390557
-0.377948
-0.349933
-0.302257
-0.247428
-0.18831
-0.125357
-0.0588991
0.0107534
0.0832259
0.157897
0.224186
0.273859
0.310029
0.336841
0.35704
0.372468
0.384356
0.39338
0.398694
0.400012
-0.403997
-0.375732
-0.326764
-0.270129
-0.20874
-0.143055
-0.0734265
-0.000162149
0.0764191
0.15571
0.226304
0.279087
0.317238
0.345224
0.366064
0.3818
0.393803
0.40286
0.408205
0.409487
-0.427327
-0.398885
-0.348904
-0.290835
-0.22765
-0.159784
-0.0875467
-0.0111839
0.0691076
0.152854
0.2279
0.284082
0.324484
0.353854
0.375478
0.391616
0.403791
0.412904
0.418302
0.41955
-0.448953
-0.420178
-0.369342
-0.310118
-0.245494
-0.17586
-0.101498
-0.0225308
0.0610822
0.149167
0.228929
0.28893
0.331972
0.363017
0.385622
0.402286
0.414703
0.423876
0.429326
0.430462
-0.469184
-0.440035
-0.388467
-0.328319
-0.262553
-0.191538
-0.115482
-0.0343647
0.0521871
0.144492
0.229288
0.293638
0.339815
0.372904
0.396741
0.414087
0.426842
0.436129
0.441637
0.442628
-0.488183
-0.458738
-0.406517
-0.345628
-0.278949
-0.206896
-0.129574
-0.0467772
0.0422867
0.13866
0.228815
0.298135
0.348037
0.383632
0.409013
0.427234
0.440433
0.449889
0.455433
0.456312
-0.506228
-0.476397
-0.423625
-0.362136
-0.294765
-0.221965
-0.143801
-0.0598207
0.0312838
0.13149
0.227326
0.30227
0.356583
0.395233
0.422544
0.441877
0.45566
0.465364
0.470942
0.471759
-0.523358
-0.493139
-0.439883
-0.377831
-0.310002
-0.236747
-0.158129
-0.0734795
0.0191189
0.122829
0.224593
0.305856
0.365329
0.407672
0.437375
0.458125
0.472661
0.482699
0.488337
0.489099
-0.539552
-0.508925
-0.455242
-0.392749
-0.324611
-0.251176
-0.17249
-0.0877001
0.00576391
0.112533
0.220405
0.308663
0.374077
0.420824
0.453478
0.476018
0.491507
0.501976
0.507685
0.50842
-0.55478
-0.523726
-0.469683
-0.406872
-0.338556
-0.265179
-0.186799
-0.102397
-0.00874137
0.100496
0.214543
0.310442
0.382575
0.434485
0.470683
0.495446
0.512176
0.523214
0.528998
0.529632
-0.569126
-0.537701
-0.483183
-0.420141
-0.351781
-0.278675
-0.200939
-0.11746
-0.0243172
0.0866663
0.206821
0.310956
0.39053
0.448242
0.488667
0.51619
0.53455
0.546355
0.552246
0.552555
-0.58239
-0.550728
-0.495754
-0.432533
-0.364237
-0.291574
-0.21479
-0.132736
-0.0408741
0.0710185
0.197071
0.309994
0.397577
0.461549
0.50685
0.537903
0.558332
0.570912
0.576756
0.576724
-0.594796
-0.562703
-0.507398
-0.444021
-0.375876
-0.303807
-0.228235
-0.148075
-0.0582749
0.0535836
0.185197
0.307416
0.403455
0.473754
0.524399
0.56018
0.583724
0.59706
0.601983
0.601305
-0.60621
-0.573752
-0.518103
-0.454603
-0.386677
-0.315313
-0.241174
-0.163338
-0.0763419
0.0344183
0.171111
0.30308
0.407817
0.484266
0.540419
0.581912
0.610614
0.625891
0.627964
0.625172
-0.616855
-0.583927
-0.52787
-0.464281
-0.39662
-0.326036
-0.25349
-0.178346
-0.0948901
0.0136293
0.154761
0.297
0.410639
0.492603
0.553341
0.600702
0.637272
0.659642
0.659559
0.637331
-0.626637
-0.593229
-0.536802
-0.473197
-0.4059
-0.336199
-0.265483
-0.193536
-0.114635
-0.0099196
0.134878
0.28851
0.412153
0.49852
0.561056
0.612522
0.657517
0.690886
0.692492
0.704561
-0.635869
-0.601608
-0.544883
-0.481378
-0.414498
-0.345753
-0.277086
-0.208797
-0.135513
-0.0364972
0.110784
0.276913
0.412317
0.501473
0.559105
0.608638
0.64879
0.676967
0.628975
0.595235
-0.645352
-0.608986
-0.551913
-0.488582
-0.422145
-0.354436
-0.288126
-0.223895
-0.157263
-0.0661547
0.0819724
0.26233
0.411735
0.503074
0.544223
0.578624
0.603792
0.580412
0.507016
0.45534
-0.656311
-0.614847
-0.557754
-0.494345
-0.428602
-0.362134
-0.298278
-0.238624
-0.179614
-0.0992273
0.0474642
0.244976
0.410935
0.504265
0.528126
0.522977
0.506953
0.443236
0.35407
0.300297
-0.338154
-0.279079
-0.228165
-0.174402
-0.0768226
0.114761
0.327666
0.113761
-0.648952
-0.631475
-0.596997
-0.538428
-0.475259
-0.409956
-0.346999
-0.291286
-0.246667
-0.206467
-0.125274
0.059704
0.302422
0.463203
0.482121
0.404773
0.218061
0.088075
-0.00980509
-0.659537
-0.644646
-0.602886
-0.543691
-0.480188
-0.415335
-0.35399
-0.301799
-0.264938
-0.23945
-0.17995
0.00894883
0.274695
0.449426
0.420507
0.237088
-0.00144898
-0.173358
-0.311343
-0.672797
-0.657948
-0.611317
-0.551128
-0.486951
-0.422171
-0.361756
-0.31271
-0.284195
-0.278889
-0.254266
-0.0741623
0.236892
0.424686
0.33348
0.0415663
-0.253336
-0.475031
-0.67187
-0.684606
-0.669086
-0.619772
-0.558064
-0.493125
-0.42826
-0.368779
-0.3229
-0.302968
-0.319921
-0.338411
-0.189089
0.162315
0.355687
0.195465
-0.187648
-0.548652
-0.847656
-1.1416
-0.694172
-0.678623
-0.627552
-0.564507
-0.498663
-0.433525
-0.374809
-0.331974
-0.32106
-0.363288
-0.444666
-0.362277
0.0187072
0.213034
-0.0201231
-0.441806
-0.860815
-1.24766
-1.62299
-0.702144
-0.686864
-0.634675
-0.570577
-0.50379
-0.438131
-0.379759
-0.339417
-0.337078
-0.406733
-0.574988
-0.616557
-0.213778
-0.0190053
-0.296978
-0.68638
-1.11976
-1.57979
-1.87554
-2.12251
-0.709506
-0.694352
-0.6413
-0.576246
-0.50846
-0.442025
-0.383534
-0.345054
-0.350653
-0.450963
-0.736865
-0.97619
-0.554301
-0.357404
-0.622427
-0.917422
-1.26193
-1.66109
-1.87844
-1.94629
-0.716455
-0.701317
-0.647485
-0.581449
-0.51253
-0.445014
-0.385862
-0.348296
-0.360558
-0.494437
-0.917479
-1.45714
-1.01543
-0.772955
-0.97224
-1.15123
-1.29786
-1.59549
-1.82127
-1.78761
-0.723388
-0.708038
-0.653284
-0.586119
-0.515863
-0.446857
-0.386344
-0.348325
-0.36471
-0.524388
-1.0839
-1.93992
-1.54193
-1.20517
-1.32623
-1.41847
-1.3268
-1.27138
-1.44286
-1.52307
-0.730433
-0.714752
-0.658829
-0.5903
-0.518402
-0.44743
-0.384649
-0.344456
-0.360766
-0.535398
-1.21326
-2.28015
-1.91717
-1.5819
-1.66003
-1.82874
-1.53347
-1.23109
-1.41701
-1.61802
-0.737784
-0.721613
-0.66426
-0.594102
-0.520202
-0.446718
-0.380667
-0.336158
-0.347141
-0.522976
-1.24927
-2.34384
-2.02059
-1.7583
-1.99069
-2.59598
-2.85145
-2.75676
-2.5555
-2.42943
-0.745403
-0.728769
-0.669774
-0.597685
-0.521415
-0.444848
-0.374489
-0.323431
-0.322689
-0.472414
-1.12775
-2.04866
-1.76693
-1.67224
-2.19387
-3.41175
-4.51591
-4.47554
-3.95013
-3.51717
-0.753744
-0.73652
-0.675606
-0.601309
-0.522293
-0.442105
-0.366468
-0.306641
-0.288408
-0.388807
-0.857446
-1.43826
-1.1936
-1.17694
-1.80882
-3.02954
-4.18811
-4.10421
-3.49346
-3.07452
-0.763071
-0.745182
-0.682113
-0.605289
-0.523193
-0.4389
-0.35726
-0.28715
-0.247106
-0.284118
-0.516764
-0.718406
-0.467701
-0.38152
-0.624349
-1.08971
-1.53338
-1.55955
-1.3422
-1.20541
-0.773571
-0.754999
-0.689598
-0.609961
-0.524523
-0.435841
-0.347721
-0.266272
-0.202735
-0.176478
-0.204933
-0.130318
0.12216
0.277893
0.286077
0.247929
0.236988
0.290658
0.329637
0.347876
-0.785283
-0.766347
-0.698282
-0.615618
-0.526588
-0.433273
-0.338485
-0.245897
-0.159928
-0.0817113
0.0157983
0.22248
0.461193
0.634438
0.749644
0.841415
0.923764
0.984352
1.01201
1.01408
-0.798051
-0.77863
-0.707979
-0.622176
-0.529419
-0.431603
-0.33042
-0.227408
-0.122349
-0.00735546
0.152281
0.390415
0.618288
0.795154
0.932794
1.04018
1.12492
1.18417
1.2173
1.22813
-0.811312
-0.790972
-0.718277
-0.629127
-0.532775
-0.430628
-0.323601
-0.2118
-0.092392
0.0460138
0.232378
0.465546
0.674498
0.839222
0.9677
1.06638
1.142
1.197
1.23213
1.24629
-0.821958
-0.80109
-0.727541
-0.635233
-0.535557
-0.429642
-0.31784
-0.199369
-0.0703755
0.0814319
0.275329
0.49261
0.680206
0.828031
0.941733
1.02855
1.09497
1.14504
1.17953
1.19453
-0.828169
-0.807317
-0.732952
-0.638379
-0.536073
-0.427305
-0.312135
-0.18935
-0.0545999
0.102636
0.293848
0.492205
0.65903
0.790652
0.891991
0.969791
1.0298
1.07587
1.1081
1.12262
-0.82594
-0.806427
-0.731674
-0.635511
-0.531622
-0.421521
-0.304826
-0.180192
-0.0433572
0.113949
0.296397
0.476781
0.625256
0.742639
0.83405
0.905141
0.960654
1.00414
1.03428
1.04884
-0.809139
-0.789818
-0.719109
-0.622687
-0.519367
-0.409677
-0.293649
-0.17008
-0.0350061
0.117874
0.288692
0.45159
0.583579
0.688535
0.771358
0.836688
0.888299
0.929105
0.957371
0.972611
-0.770636
-0.752802
-0.687444
-0.595354
-0.494827
-0.388995
-0.276845
-0.157568
-0.0279123
0.116137
0.273367
0.418815
0.535218
0.628174
0.702534
0.762179
0.809905
0.848069
0.875032
0.890613
-0.706063
-0.692428
-0.632414
-0.547153
-0.454218
-0.355876
-0.251718
-0.140755
-0.0208784
0.110952
0.251374
0.378844
0.479541
0.559743
0.624323
0.6769
0.71971
0.753731
0.779847
0.79431
-0.606298
-0.597872
-0.547808
-0.47463
-0.394228
-0.308536
-0.217011
-0.118702
-0.0123965
0.10365
0.22515
0.33297
0.416644
0.482168
0.534083
0.575846
0.610142
0.63797
0.658369
0.668846
-0.45666
-0.452509
-0.422883
-0.372011
-0.312559
-0.246565
-0.173123
-0.0918677
-0.00188503
0.0976901
0.202361
0.294543
0.36504
0.419056
0.460647
0.492631
0.516827
0.535316
0.550041
0.557857
-0.29642
-0.295643
-0.282349
-0.255193
-0.219552
-0.175476
-0.122616
-0.0602531
0.0120404
0.0945478
0.18257
0.260102
0.318852
0.362871
0.395343
0.418828
0.43578
0.447658
0.454996
0.458017
-0.167061
-0.167242
-0.162232
-0.150177
-0.131724
-0.105964
-0.071375
-0.0267272
0.0285911
0.0946429
0.166928
0.230893
0.278762
0.313723
0.338765
0.356274
0.367742
0.374685
0.378617
0.379945
-0.0762514
-0.0769899
-0.0764932
-0.0726968
-0.0639211
-0.049114
-0.0269657
0.00405499
0.045139
0.0966033
0.154598
0.206441
0.245008
0.272727
0.291813
0.304293
0.312133
0.316785
0.319013
0.319602
-0.0193869
-0.0199476
-0.0210477
-0.0208863
-0.0173904
-0.00888847
0.00580575
0.027875
0.0584409
0.0981489
0.143994
0.185293
0.215824
0.237383
0.252033
0.261601
0.267374
0.270401
0.271628
0.271878
0.0140399
0.0137014
0.0129195
0.012787
0.0146811
0.0197624
0.029426
0.0451008
0.0679157
0.0984676
0.134443
0.167107
0.191241
0.208222
0.219578
0.226706
0.230861
0.233035
0.233917
0.234105
0.0350178
0.0348285
0.034445
0.0344794
0.0359082
0.0395912
0.0465101
0.057834
0.0747691
0.0981051
0.126139
0.151793
0.170694
0.183834
0.192515
0.197963
0.201142
0.202773
0.203418
0.203561
0.0487142
0.0486098
0.0484194
0.0485328
0.0496092
0.0522979
0.0574115
0.0658973
0.0787147
0.0965832
0.118311
0.138321
0.153066
0.16331
0.170067
0.174268
0.176687
0.177921
0.178408
0.178519
0.0573598
0.0573013
0.0572398
0.0574352
0.0583429
0.0604247
0.0642777
0.0706599
0.0803894
0.0941035
0.110939
0.126519
0.138002
0.145956
0.151174
0.154409
0.156272
0.157222
0.157598
0.157684
0.062443
0.0624068
0.0624062
0.0626235
0.0633788
0.0650161
0.067989
0.0728737
0.0803153
0.0908545
0.103873
0.115964
0.124881
0.13105
0.135093
0.137595
0.139032
0.13976
0.140045
0.140108
0.0649068
0.0648824
0.064909
0.0651204
0.0657436
0.0670353
0.0693372
0.0730961
0.0788177
0.0869377
0.0970061
0.106381
0.113296
0.118079
0.121207
0.123139
0.124245
0.124804
0.125021
0.125067
0.0654114
0.0653941
0.0654273
0.0656136
0.0661192
0.0671403
0.0689314
0.0718362
0.0762471
0.0825103
0.0902945
0.0975558
0.102913
0.106615
0.109035
0.110526
0.111377
0.111804
0.111967
0.112
0.0644126
0.0643998
0.0644313
0.0645864
0.0649901
0.0657914
0.0671845
0.0694326
0.0728392
0.0776772
0.0836956
0.089315
0.0934605
0.0963225
0.0981902
0.0993392
0.0999933
0.100319
0.100441
0.100465
0.0622495
0.0622399
0.0622666
0.0623913
0.0627093
0.0633351
0.0644167
0.0661576
0.0687911
0.0725277
0.0771795
0.0815247
0.0847289
0.0869408
0.0883837
0.0892697
0.0897714
0.0900179
0.090108
0.0901245
0.0591816
0.0591741
0.0591956
0.0592935
0.0595403
0.060032
0.0608699
0.0622159
0.0642496
0.0671356
0.0707291
0.0740865
0.0765631
0.0782704
0.0793803
0.0800599
0.080444
0.080632
0.0806997
0.0807118
0.0554127
0.0554069
0.0554237
0.0555002
0.0556929
0.0560694
0.0567179
0.0577584
0.0593298
0.0615581
0.0643325
0.0669236
0.0688319
0.0701466
0.0710017
0.071524
0.0718175
0.0719599
0.0720098
0.072018
0.0510994
0.0510949
0.0511077
0.0511664
0.0513148
0.0516046
0.0521048
0.0529068
0.0541178
0.0558341
0.0579709
0.0599669
0.0614362
0.062447
0.0631039
0.0635054
0.0637303
0.0638384
0.0638758
0.0638814
0.0463655
0.046362
0.0463713
0.0464156
0.046529
0.046751
0.0471354
0.0477524
0.0486835
0.0500026
0.0516452
0.0531795
0.0543085
0.0550845
0.0555867
0.055891
0.0560606
0.0561416
0.0561689
0.0561725
0.0413065
0.0413036
0.0413104
0.0413438
0.0414299
0.0415994
0.0418931
0.042364
0.0430755
0.0440856
0.0453425
0.0465151
0.047378
0.0479704
0.0483525
0.0485838
0.0487124
0.0487734
0.0487936
0.0487961
0.0359973
0.0359948
0.0359995
0.0360243
0.0360889
0.0362162
0.0364388
0.0367972
0.0373381
0.0381051
0.0390596
0.0399492
0.0406016
0.0410479
0.0413361
0.0415119
0.0416093
0.041655
0.0416676
0.0416692
0.0304984
0.0304964
0.0304992
0.0305171
0.0305648
0.0306597
0.0308255
0.0310927
0.0314979
0.0320734
0.0327898
0.0334569
0.0339456
0.0342804
0.0344961
0.0346256
0.0346956
0.0347272
0.0347345
0.0347351
0.0248571
0.0248555
0.0248567
0.0248679
0.0249014
0.0249706
0.0250911
0.0252861
0.025582
0.026003
0.0265289
0.0270201
0.0273806
0.0276262
0.0277822
0.0278738
0.0279224
0.027943
0.0279471
0.0279471
0.019108
0.0191068
0.0191068
0.0191137
0.0191365
0.0191842
0.0192687
0.0194064
0.0196158
0.0199134
0.0202851
0.0206299
0.0208803
0.0210506
0.0211581
0.0212215
0.0212553
0.0212699
0.0212728
0.0212723
0.0132804
0.0132793
0.0132787
0.0132826
0.0132971
0.0133273
0.0133819
0.0134709
0.0136064
0.0137991
0.0140407
0.014265
0.0144274
0.0145377
0.0146079
0.014648
0.0146672
0.014673
0.0146716
0.0146703
0.00740058
0.00739998
0.00739901
0.00740003
0.00740603
0.00742112
0.0074493
0.00749592
0.00756759
0.00766976
0.0077983
0.00791966
0.00800789
0.00806716
0.008104
0.00812408
0.00813227
0.00813217
0.00812782
0.00812605
0.00444496
0.00444345
0.00444225
0.00444317
0.00444839
0.00446041
0.00448263
0.00451777
0.00456916
0.00464015
0.00471746
0.00477985
0.00482241
0.00484919
0.00486557
0.00487416
0.0048762
0.0048735
0.00487086
0.00162558
-1.31987
-0.807819
-0.445267
-0.164274
0.0584217
0.237471
0.38551
0.516117
0.613439
0.620923
-0.553649
-0.304606
-0.101357
0.0747014
0.22354
0.34916
0.455116
0.538487
0.590393
0.608721
-0.142301
8.03717e-05
0.127569
0.243625
0.345602
0.433271
0.505302
0.559238
0.595666
0.615869
0.112121
0.201395
0.287548
0.3686
0.440501
0.501977
0.552105
0.590922
0.620014
0.638003
0.28565
0.345768
0.408876
0.468014
0.520371
0.565471
0.603419
0.634277
0.658755
0.67364
0.417089
0.460468
0.509855
0.554393
0.595428
0.631903
0.663325
0.689464
0.710386
0.722781
0.524527
0.56051
0.600718
0.639044
0.674453
0.706393
0.734446
0.757886
0.776151
0.786394
0.621802
0.655634
0.692813
0.729477
0.763016
0.793318
0.819673
0.841387
0.857515
0.866335
0.720393
0.757157
0.795524
0.833065
0.866464
0.895907
0.920839
0.940966
0.955652
0.964437
0.835934
0.877671
0.917569
0.955427
0.988134
1.01576
1.03881
1.0572
1.07084
1.08103
0.981225
1.02498
1.06313
1.09682
1.12522
1.14939
1.17027
1.18783
1.20192
1.21421
1.16024
1.19755
1.22612
1.25042
1.27167
1.29122
1.30967
1.32692
1.3432
1.35865
1.35827
1.37787
1.39382
1.41015
1.42687
1.4424
1.45614
1.46941
1.48501
1.50302
1.54768
1.55542
1.56741
1.57923
1.58928
1.59861
1.60884
1.6202
1.63157
1.63892
1.76642
1.76467
1.75662
1.73987
1.72874
1.72812
1.7404
1.76532
1.79895
1.82647
2.17555
1.98882
1.8873
1.82966
1.80032
1.79386
1.80899
1.84955
1.92551
2.07203
-0.627512
-0.631081
-0.591245
-0.532655
-0.468653
-0.402703
0.468075
0.520332
0.496315
0.407334
0.314943
0.222381
-0.102781
-0.432126
-0.870219
-1.4611
-2.32452
)
;

boundaryField
{
    wall-4
    {
        type            zeroGradient;
    }
    pressure-outlet-7
    {
        type            fixedValue;
        value           uniform 0;
    }
    velocity-inlet-6
    {
        type            zeroGradient;
    }
    velocity-inlet-5
    {
        type            zeroGradient;
    }
    frontAndBackPlanes
    {
        type            empty;
    }
}


// ************************************************************************* //
