/*--------------------------------*- C++ -*----------------------------------*\
  =========                 |
  \\      /  F ield         | OpenFOAM: The Open Source CFD Toolbox
   \\    /   O peration     | Website:  https://openfoam.org
    \\  /    A nd           | Version:  9
     \\/     M anipulation  |
\*---------------------------------------------------------------------------*/
FoamFile
{
    format      ascii;
    class       volScalarField;
    location    "11";
    object      p;
}
// * * * * * * * * * * * * * * * * * * * * * * * * * * * * * * * * * * * * * //

dimensions      [0 2 -2 0 0 0 0];

internalField   nonuniform List<scalar> 
8800
(
0.434411
0.386414
0.348116
0.319584
0.299111
0.284529
0.274118
0.266795
0.262067
0.25998
0.260971
0.264788
0.271049
0.28
0.29244
0.309772
0.334025
0.367503
0.40985
0.466939
0.266773
0.274028
0.28259
0.286151
0.284415
0.279117
0.272667
0.26671
0.262081
0.259224
0.258775
0.260972
0.2651
0.270694
0.277201
0.283448
0.287303
0.28658
0.280333
0.271226
0.243136
0.249425
0.253854
0.25749
0.260276
0.261361
0.260518
0.258594
0.256655
0.255619
0.256341
0.258355
0.260721
0.262468
0.262564
0.260624
0.257413
0.253442
0.248691
0.244871
0.237688
0.240487
0.243603
0.246335
0.248327
0.249904
0.251056
0.251491
0.251371
0.25131
0.251718
0.25236
0.252621
0.252068
0.250845
0.249214
0.246965
0.243956
0.241188
0.239671
0.232373
0.23387
0.236318
0.239122
0.241487
0.243207
0.244429
0.245363
0.246053
0.246536
0.246819
0.246807
0.246415
0.245641
0.244411
0.242521
0.239991
0.237259
0.235451
0.234703
0.228443
0.22923
0.231203
0.233594
0.235927
0.238149
0.239979
0.241279
0.242167
0.242775
0.243122
0.243071
0.242489
0.241291
0.23947
0.237356
0.235101
0.232856
0.231557
0.231254
0.226897
0.22729
0.228412
0.229866
0.23135
0.232737
0.234113
0.235489
0.236678
0.237554
0.237917
0.237699
0.237037
0.236113
0.235077
0.233822
0.232464
0.231186
0.23049
0.23035
0.225445
0.225657
0.226289
0.2272
0.228243
0.229521
0.23086
0.232117
0.233266
0.234218
0.234727
0.234705
0.234255
0.233461
0.23251
0.231665
0.230865
0.230166
0.229805
0.229731
0.223224
0.223338
0.223701
0.224288
0.224998
0.225767
0.226799
0.22795
0.229121
0.230187
0.230855
0.23101
0.230809
0.230442
0.230045
0.229578
0.229154
0.228792
0.228615
0.228573
0.220326
0.220386
0.220649
0.221117
0.221665
0.222501
0.223331
0.224342
0.225481
0.226652
0.227555
0.228025
0.228147
0.228041
0.227832
0.227638
0.227359
0.22712
0.227024
0.227004
0.21711
0.217147
0.217344
0.217733
0.218246
0.218904
0.219733
0.220766
0.221997
0.223358
0.224536
0.225288
0.22569
0.225864
0.225872
0.225784
0.225645
0.225527
0.225491
0.225481
0.21356
0.213588
0.213742
0.214059
0.214519
0.215145
0.215979
0.217069
0.218433
0.220046
0.221571
0.222673
0.223378
0.223799
0.224017
0.224106
0.224114
0.224101
0.224104
0.224096
0.209614
0.209642
0.209782
0.210074
0.210524
0.211173
0.212081
0.213313
0.214913
0.216887
0.218841
0.220333
0.221344
0.222012
0.222424
0.222665
0.222794
0.222862
0.222894
0.222886
0.205201
0.205224
0.20538
0.205683
0.206166
0.206888
0.207929
0.209378
0.211312
0.213755
0.216237
0.218178
0.219566
0.220505
0.22112
0.221509
0.221744
0.221877
0.221931
0.221923
0.20025
0.200276
0.200452
0.2008
0.201361
0.202214
0.203462
0.205224
0.207608
0.210659
0.213801
0.216311
0.218116
0.219358
0.220187
0.220725
0.221061
0.221252
0.221328
0.221318
0.194645
0.194677
0.19489
0.195311
0.195995
0.19704
0.198579
0.200766
0.203742
0.207574
0.211549
0.21474
0.217041
0.21864
0.219716
0.220419
0.220861
0.221114
0.221213
0.221201
0.188226
0.188266
0.188535
0.189062
0.189919
0.191231
0.193166
0.195916
0.199662
0.20449
0.209499
0.213523
0.216433
0.21846
0.219827
0.220721
0.221285
0.221608
0.221733
0.221718
0.180782
0.180834
0.181178
0.181853
0.182949
0.184622
0.18708
0.190569
0.19531
0.2014
0.207701
0.212752
0.216404
0.218947
0.220663
0.221787
0.222495
0.222899
0.223056
0.223038
0.172019
0.172086
0.172534
0.173412
0.17484
0.177008
0.180156
0.184602
0.190624
0.19831
0.206218
0.212531
0.217088
0.22026
0.222402
0.223803
0.224684
0.225185
0.22538
0.225358
0.161529
0.161618
0.162207
0.163364
0.165241
0.168045
0.172126
0.177862
0.185533
0.195236
0.205132
0.212991
0.218651
0.22259
0.225251
0.226992
0.228084
0.228701
0.22894
0.228913
0.148754
0.148877
0.149662
0.151209
0.153701
0.157413
0.162762
0.170166
0.17997
0.192206
0.204546
0.214281
0.221279
0.226151
0.22945
0.231615
0.232971
0.233734
0.234027
0.233988
0.13291
0.133084
0.134151
0.136269
0.139647
0.144611
0.151672
0.161331
0.173892
0.189285
0.204587
0.216574
0.22518
0.231187
0.235273
0.23797
0.239667
0.240615
0.240977
0.240923
0.112815
0.113068
0.114575
0.117574
0.122263
0.129052
0.138554
0.151244
0.16733
0.186594
0.20542
0.22006
0.230578
0.237959
0.243018
0.246391
0.248536
0.249733
0.250173
0.250103
0.0865691
0.0869555
0.0892402
0.0937375
0.10053
0.110126
0.123123
0.139874
0.160413
0.184319
0.207232
0.224919
0.237667
0.246701
0.25298
0.257234
0.259988
0.261548
0.262122
0.262026
0.0509254
0.0516303
0.0555165
0.0628239
0.0732253
0.0872246
0.105226
0.127348
0.153377
0.18269
0.210192
0.231273
0.246553
0.25755
0.265367
0.270813
0.274447
0.276546
0.277316
0.277186
-0.000346946
0.0017533
0.0097461
0.0227697
0.0395129
0.060278
0.0851907
0.114106
0.146609
0.181964
0.214415
0.239129
0.257174
0.270416
0.280131
0.287208
0.292196
0.295282
0.296459
0.296275
-0.0773729
-0.0667503
-0.0485104
-0.0252569
0.00100974
0.0307676
0.0640898
0.100791
0.140465
0.182421
0.220288
0.249079
0.270374
0.28641
0.29867
0.308186
0.315521
0.320625
0.323032
0.32331
-0.159003
-0.136194
-0.107203
-0.0736
-0.0375883
0.00122593
0.0429647
0.0875772
0.134782
0.184044
0.228338
0.262254
0.287773
0.307499
0.323138
0.335815
0.346163
0.355037
0.359777
0.360228
-0.222905
-0.197493
-0.160184
-0.118359
-0.0738749
-0.0267562
0.0229618
0.0751682
0.12958
0.185701
0.235822
0.274139
0.303019
0.325432
0.343247
0.357675
0.369369
0.378761
0.383271
0.383918
-0.274005
-0.246436
-0.204622
-0.156945
-0.106013
-0.0521609
0.00438974
0.0633408
0.124298
0.186669
0.241898
0.283727
0.314935
0.338847
0.357557
0.372477
0.384478
0.393807
0.39856
0.399246
-0.315206
-0.287018
-0.24181
-0.189849
-0.134065
-0.0748945
-0.012675
0.0521189
0.118884
0.186808
0.246491
0.291247
0.324222
0.349146
0.368385
0.383502
0.395485
0.404596
0.409438
0.410145
-0.349993
-0.321579
-0.274013
-0.218661
-0.1589
-0.0952959
-0.0282992
0.0415449
0.113505
0.186565
0.25039
0.297761
0.332233
0.357939
0.377493
0.392636
0.404511
0.413389
0.418223
0.418948
-0.380473
-0.352025
-0.302637
-0.244589
-0.181543
-0.114161
-0.0429635
0.0314252
0.108143
0.18594
0.253609
0.303442
0.339329
0.365768
0.385642
0.400854
0.412648
0.421394
0.426151
0.426887
-0.408045
-0.379506
-0.328784
-0.268473
-0.20266
-0.132031
-0.0571418
0.0213033
0.102373
0.184693
0.256211
0.308587
0.345971
0.373227
0.393488
0.408828
0.420594
0.429253
0.433901
0.434635
-0.433598
-0.404949
-0.353083
-0.290869
-0.22271
-0.149298
-0.0711779
0.0109563
0.0961436
0.182896
0.25832
0.31339
0.352431
0.380636
0.401385
0.416928
0.428724
0.437267
0.441807
0.44259
-0.457789
-0.428961
-0.376104
-0.312246
-0.242061
-0.166202
-0.0851846
0.000320489
0.0893691
0.180433
0.259884
0.317892
0.358836
0.388188
0.409567
0.425405
0.437285
0.445773
0.450177
0.450995
-0.480868
-0.451826
-0.398072
-0.332906
-0.260931
-0.182917
-0.0993317
-0.0107782
0.0818873
0.177202
0.260831
0.322072
0.36523
0.395979
0.418174
0.434429
0.446465
0.454941
0.459214
0.459998
-0.503193
-0.473819
-0.419303
-0.353017
-0.27949
-0.199606
-0.113744
-0.0224138
0.0736362
0.173098
0.261043
0.325834
0.37157
0.404037
0.427281
0.444117
0.45642
0.464933
0.469068
0.469779
-0.524797
-0.495123
-0.440068
-0.372652
-0.297785
-0.216281
-0.128419
-0.0346059
0.064566
0.168019
0.260374
0.329025
0.377747
0.412311
0.436901
0.454522
0.467217
0.475828
0.479851
0.48041
-0.545754
-0.515754
-0.460224
-0.391831
-0.315829
-0.232935
-0.143347
-0.0473504
0.0546592
0.161895
0.258665
0.331446
0.383573
0.420688
0.446981
0.465636
0.478869
0.487653
0.4916
0.491965
-0.566133
-0.535764
-0.479791
-0.410565
-0.333621
-0.249547
-0.158486
-0.0605982
0.0439373
0.154687
0.255775
0.332872
0.388788
0.42894
0.457387
0.477398
0.491375
0.5004
0.504267
0.50442
-0.585976
-0.555284
-0.498751
-0.428839
-0.351093
-0.266053
-0.173765
-0.0742809
0.0324513
0.146375
0.251595
0.333056
0.39306
0.436743
0.467919
0.489694
0.504627
0.513945
0.517653
0.517614
-0.605111
-0.574087
-0.517062
-0.4466
-0.368196
-0.282365
-0.189104
-0.0883033
0.020282
0.136998
0.246019
0.331752
0.396036
0.443761
0.478341
0.50246
0.518581
0.528137
0.531562
0.531287
-0.623513
-0.592178
-0.534733
-0.46379
-0.384862
-0.298416
-0.204397
-0.102571
0.00753174
0.126614
0.239015
0.328772
0.397357
0.449478
0.488216
0.515614
0.533368
0.542878
0.545635
0.545074
-0.641215
-0.6095
-0.551723
-0.480374
-0.401026
-0.314124
-0.21955
-0.116964
-0.00568537
0.115323
0.230608
0.323994
0.396618
0.453189
0.496818
0.528902
0.549532
0.55864
0.559429
0.558384
-0.658083
-0.626106
-0.567978
-0.496283
-0.41663
-0.329412
-0.234467
-0.131362
-0.0192271
0.103263
0.220863
0.317349
0.39355
0.45414
0.502941
0.541337
0.567629
0.577946
0.574218
0.570851
-0.674207
-0.641932
-0.583508
-0.511544
-0.431705
-0.344327
-0.249207
-0.145829
-0.0331611
0.0903753
0.209678
0.308623
0.387915
0.451598
0.504913
0.550578
0.586157
0.605038
0.600013
0.581085
-0.689542
-0.657007
-0.598431
-0.526317
-0.446516
-0.359172
-0.264157
-0.160837
-0.0480369
0.0759884
0.196346
0.296943
0.378889
0.444395
0.49956
0.550739
0.593889
0.615423
0.603714
0.581667
-0.703967
-0.671426
-0.612595
-0.540387
-0.460822
-0.37364
-0.279095
-0.176052
-0.0635112
0.0604549
0.181117
0.282243
0.366125
0.432575
0.483182
0.532199
0.568626
0.574736
0.509789
0.46658
-0.717084
-0.685912
-0.625534
-0.553169
-0.474015
-0.387288
-0.293757
-0.191247
-0.0793413
0.0439754
0.164069
0.264618
0.349025
0.417196
0.45732
0.485533
0.50578
0.465881
0.389223
0.339752
-0.763524
-0.697737
-0.637128
-0.565853
-0.487202
-0.401231
-0.308169
-0.206631
-0.0958123
0.0262123
0.144822
0.243785
0.325982
0.398811
0.416906
0.415597
0.388264
0.320881
0.231373
0.182801
-0.724848
-0.709934
-0.653303
-0.584497
-0.506134
-0.421193
-0.329718
-0.229775
-0.120986
-0.00164921
0.11303
0.207683
0.282613
0.343759
0.351501
0.224085
0.102224
0.0169034
-0.0711781
-0.0190407
-0.751926
-0.72404
-0.667575
-0.598335
-0.520763
-0.436632
-0.345689
-0.247126
-0.140071
-0.0230881
0.0878439
0.177379
0.245448
0.278206
0.221265
0.0429815
-0.118855
-0.234101
-0.361702
-0.2759
-0.771317
-0.740351
-0.683387
-0.613792
-0.536719
-0.453242
-0.363129
-0.266185
-0.161223
-0.0472293
0.0592519
0.14224
0.201
0.205472
0.0750235
-0.162901
-0.364094
-0.519706
-0.697949
-0.621075
-0.789372
-0.757043
-0.699312
-0.629305
-0.552525
-0.469728
-0.380815
-0.285586
-0.182857
-0.0723024
0.0290228
0.10497
0.151415
0.115394
-0.0973275
-0.378562
-0.639269
-0.872386
-1.13442
-1.09423
-0.805915
-0.773653
-0.715377
-0.64514
-0.568677
-0.486659
-0.399127
-0.305706
-0.205451
-0.098474
-0.00284758
0.0652962
0.0942347
0.00848306
-0.266624
-0.586175
-0.905989
-1.1893
-1.56035
-1.87767
-0.821975
-0.790108
-0.731797
-0.661561
-0.585447
-0.504239
-0.418071
-0.326575
-0.22897
-0.125697
-0.0360229
0.0232603
0.0329171
-0.10638
-0.421267
-0.756944
-1.10172
-1.37693
-1.52903
-1.8045
-0.838124
-0.806622
-0.748678
-0.678678
-0.603064
-0.522826
-0.438201
-0.348911
-0.254271
-0.155137
-0.0720991
-0.0233345
-0.0357538
-0.243311
-0.562731
-0.884557
-1.19602
-1.38586
-1.41978
-1.45601
-0.854605
-0.823497
-0.765913
-0.696358
-0.621429
-0.542386
-0.459647
-0.373014
-0.281867
-0.187316
-0.111224
-0.0745971
-0.119553
-0.383063
-0.693564
-0.979499
-1.2428
-1.3747
-1.38626
-1.3841
-0.871507
-0.840692
-0.783402
-0.714373
-0.640277
-0.562701
-0.482182
-0.398696
-0.311646
-0.2219
-0.153132
-0.129966
-0.214674
-0.51796
-0.826276
-1.06162
-1.26591
-1.3571
-1.34347
-1.33534
-0.888592
-0.85796
-0.800937
-0.732466
-0.659386
-0.58349
-0.505647
-0.425898
-0.343563
-0.258809
-0.197342
-0.189644
-0.322801
-0.658179
-0.970585
-1.12968
-1.17426
-1.25792
-1.30616
-1.31582
-0.905468
-0.874953
-0.818143
-0.750221
-0.678306
-0.604419
-0.529729
-0.454247
-0.377836
-0.297757
-0.242219
-0.251672
-0.440377
-0.823633
-1.15672
-1.28793
-1.22728
-1.3274
-1.39041
-1.40704
-0.92134
-0.891133
-0.83442
-0.767085
-0.69648
-0.624858
-0.553782
-0.483602
-0.414049
-0.338555
-0.28659
-0.308861
-0.560281
-1.04036
-1.44969
-1.74609
-1.64401
-1.60693
-1.61449
-1.62044
-0.935619
-0.905588
-0.848946
-0.782453
-0.713142
-0.64406
-0.577219
-0.513634
-0.450872
-0.382787
-0.329267
-0.359015
-0.671869
-1.26403
-1.77822
-2.11784
-1.99197
-1.8923
-1.87531
-1.87573
-0.947351
-0.917512
-0.86131
-0.795257
-0.727369
-0.661095
-0.599234
-0.543595
-0.491655
-0.431436
-0.372402
-0.411905
-0.769133
-1.37493
-1.91101
-2.21238
-2.21274
-2.15373
-2.13149
-2.13639
-0.955228
-0.925447
-0.869735
-0.804309
-0.737993
-0.674775
-0.618574
-0.573031
-0.537313
-0.492727
-0.435245
-0.484645
-0.85009
-1.43489
-2.05426
-2.49217
-2.67108
-2.63431
-2.49804
-2.44703
-0.957888
-0.928453
-0.873083
-0.808362
-0.74366
-0.683705
-0.634023
-0.601481
-0.591163
-0.584993
-0.552715
-0.595657
-0.923383
-1.46674
-2.09122
-2.67252
-2.91815
-2.8886
-2.70412
-2.57349
-0.954132
-0.924883
-0.869785
-0.80603
-0.742915
-0.68626
-0.643819
-0.627836
-0.656735
-0.737475
-0.791527
-0.794989
-0.923923
-1.24936
-1.65362
-2.12287
-2.28787
-2.18217
-1.94564
-1.80658
-0.942536
-0.913421
-0.859126
-0.795966
-0.734315
-0.680576
-0.645325
-0.649069
-0.736372
-0.978056
-1.20762
-1.06628
-0.86091
-0.726373
-0.582554
-0.483372
-0.398325
-0.233705
-0.0599823
0.0249889
-0.921636
-0.892779
-0.839221
-0.777032
-0.716398
-0.664675
-0.635156
-0.658242
-0.817984
-1.28911
-1.77608
-1.34729
-0.744219
-0.0635904
0.569738
1.03735
1.38182
1.57238
1.67094
1.70339
-0.890696
-0.862037
-0.809458
-0.748195
-0.687979
-0.63668
-0.609112
-0.641456
-0.850419
-1.49981
-2.17438
-1.49216
-0.575771
0.376129
1.13574
1.67838
2.01534
2.15695
2.21
2.22163
-0.849113
-0.820919
-0.769332
-0.708874
-0.648316
-0.594754
-0.56231
-0.585111
-0.773676
-1.36954
-1.89601
-1.14755
-0.246401
0.620647
1.22407
1.61214
1.83457
1.94321
1.99247
2.00398
-0.796312
-0.768676
-0.718978
-0.659501
-0.598239
-0.540556
-0.49668
-0.491368
-0.59108
-0.908004
-1.03986
-0.45989
0.203825
0.773047
1.14553
1.38249
1.52421
1.60694
1.65106
1.65674
-0.731113
-0.705882
-0.658997
-0.601408
-0.540258
-0.478888
-0.422867
-0.383809
-0.384568
-0.429977
-0.328124
0.0682218
0.485968
0.801205
1.01698
1.16275
1.2605
1.32603
1.35848
1.36534
-0.655805
-0.632678
-0.590726
-0.536591
-0.477247
-0.414544
-0.350412
-0.287396
-0.226014
-0.14223
0.0294674
0.280683
0.53229
0.719622
0.855912
0.954942
1.02699
1.07669
1.10516
1.11411
-0.570036
-0.554116
-0.51519
-0.466037
-0.410989
-0.350586
-0.284539
-0.211744
-0.126658
-0.0102472
0.14902
0.321271
0.47532
0.594319
0.683769
0.75154
0.803246
0.840426
0.861254
0.867001
-0.461276
-0.453305
-0.425717
-0.386252
-0.340192
-0.287662
-0.227439
-0.157752
-0.073609
0.0369499
0.171011
0.301351
0.411681
0.497152
0.561051
0.607791
0.641425
0.665764
0.680631
0.684043
-0.353431
-0.349843
-0.331375
-0.302659
-0.267552
-0.225653
-0.17538
-0.114712
-0.0395702
0.0573036
0.167825
0.268949
0.351412
0.414146
0.45979
0.491977
0.513877
0.527691
0.534442
0.535969
-0.251387
-0.24958
-0.23907
-0.220361
-0.195909
-0.165015
-0.125932
-0.0764553
-0.0133354
0.0679175
0.157353
0.235982
0.29805
0.344141
0.376718
0.398699
0.412763
0.421039
0.424876
0.425286
-0.159266
-0.159035
-0.154027
-0.143858
-0.129008
-0.108342
-0.0800524
-0.0419381
0.00848315
0.0740873
0.145589
0.206875
0.253946
0.287924
0.311271
0.326396
0.335426
0.340236
0.34214
0.342134
-0.0839865
-0.0846272
-0.0840496
-0.080518
-0.0731583
-0.0604105
-0.0408395
-0.012594
0.0264619
0.0781804
0.134435
0.181723
0.217342
0.242509
0.25918
0.269487
0.275345
0.278174
0.279126
0.278982
-0.0302837
-0.0311948
-0.0327266
-0.0332366
-0.0305349
-0.0233617
-0.0102677
0.0102677
0.0398677
0.0798478
0.123399
0.159711
0.186521
0.205009
0.217054
0.224342
0.228211
0.229872
0.230346
0.230171
0.004289
0.00346964
0.00155853
6.96293e-05
0.000554142
0.00426586
0.0126473
0.0272182
0.0493514
0.0799284
0.113339
0.140952
0.16114
0.174948
0.183679
0.18868
0.191173
0.19209
0.192265
0.192095
0.0253025
0.0247138
0.0231529
0.0217076
0.0216452
0.0239088
0.0295211
0.0397716
0.0560128
0.0790827
0.104528
0.125561
0.140671
0.150713
0.156906
0.160386
0.161989
0.162431
0.162435
0.162289
0.0378326
0.0374438
0.0363785
0.0352991
0.0350933
0.036538
0.0405382
0.048066
0.0601065
0.0773788
0.0965263
0.112256
0.123468
0.130894
0.135418
0.137833
0.138836
0.13901
0.138941
0.138822
0.0453561
0.0451016
0.0444057
0.0436814
0.0435481
0.0445335
0.0473161
0.0527529
0.0616909
0.0746483
0.0890431
0.100869
0.109256
0.114715
0.117946
0.11962
0.120261
0.120308
0.12022
0.120125
0.0496482
0.0494764
0.049
0.0485005
0.0484273
0.0491787
0.051245
0.0552374
0.0618174
0.071466
0.0822466
0.0910603
0.0972502
0.101237
0.103571
0.104741
0.105145
0.105125
0.105036
0.104959
0.051584
0.0514633
0.0511146
0.050742
0.0506783
0.0512154
0.0527267
0.055683
0.0605851
0.0677683
0.0757957
0.0823503
0.0869314
0.0898588
0.0915374
0.0923508
0.0926014
0.0925497
0.0924667
0.0924053
0.0517199
0.0516345
0.05138
0.051104
0.051058
0.0514549
0.0525679
0.054745
0.0583707
0.0637132
0.0696915
0.0745554
0.077934
0.0800665
0.0812713
0.0818345
0.0819837
0.0819178
0.0818441
0.0817949
0.050508
0.0504463
0.0502617
0.0500587
0.0500252
0.0503187
0.051143
0.0527589
0.0554465
0.0594125
0.063844
0.0674388
0.0699223
0.0714759
0.0723392
0.072727
0.0728107
0.0727418
0.0726783
0.0726391
0.0483033
0.0482573
0.0481236
0.0479767
0.0479545
0.0481736
0.0487837
0.049978
0.0519701
0.0549094
0.0581901
0.0608431
0.0626663
0.0637951
0.0644108
0.0646754
0.0647175
0.0646521
0.0645983
0.0645669
0.0453761
0.0453409
0.0452436
0.0451378
0.045124
0.0452879
0.0457404
0.0466239
0.0480972
0.0502683
0.0526918
0.0546446
0.0559776
0.0567951
0.0572327
0.0574118
0.0574284
0.0573688
0.0573236
0.0572986
0.0419213
0.0418938
0.0418211
0.0417432
0.0417331
0.0418539
0.0421877
0.0428396
0.0439259
0.0455293
0.0473158
0.0487473
0.0497175
0.0503065
0.0506155
0.0507348
0.0507356
0.0506825
0.0506446
0.0506248
0.0380776
0.038056
0.038
0.0379404
0.037931
0.0380183
0.0382624
0.0387415
0.0395409
0.0407193
0.0420286
0.0430743
0.0437782
0.0442009
0.0444173
0.0444951
0.0444866
0.0444403
0.0444085
0.0443926
0.0339434
0.0339262
0.0338823
0.0338354
0.0338255
0.0338867
0.0340631
0.0344116
0.0349952
0.0358565
0.0368126
0.0375737
0.0380821
0.0383823
0.0385311
0.038579
0.0385652
0.0385257
0.0384994
0.0384867
0.0295924
0.0295786
0.0295436
0.0295056
0.0294944
0.029535
0.0296598
0.0299106
0.0303339
0.0309598
0.0316531
0.0322016
0.0325641
0.0327747
0.0328751
0.0329025
0.0328858
0.0328518
0.0328301
0.0328202
0.0250799
0.025069
0.0250409
0.0250093
0.0249964
0.025021
0.0251072
0.0252851
0.0255874
0.0260357
0.0265313
0.0269213
0.0271768
0.0273221
0.0273888
0.0274029
0.027385
0.0273557
0.0273378
0.0273302
0.0204477
0.020439
0.0204161
0.0203895
0.0203761
0.0203897
0.0204468
0.0205695
0.0207806
0.0210956
0.0214439
0.0217172
0.0218935
0.0219915
0.0220323
0.0220358
0.0220175
0.0219925
0.0219777
0.0219717
0.0157259
0.0157191
0.0157008
0.0156788
0.0156657
0.0156711
0.0157064
0.0157869
0.0159284
0.0161421
0.0163783
0.0165625
0.0166802
0.0167426
0.0167655
0.0167629
0.0167457
0.0167247
0.0167125
0.0167079
0.0109395
0.0109344
0.0109198
0.0109017
0.0108892
0.0108891
0.0109091
0.0109583
0.0110474
0.0111814
0.0113304
0.0114448
0.011516
0.011552
0.011563
0.0115573
0.011542
0.0115252
0.0115161
0.0115128
0.00610425
0.00610065
0.00609012
0.00607736
0.00606839
0.00606622
0.00607493
0.00609974
0.00614577
0.00621538
0.00629201
0.00635051
0.00638616
0.00640424
0.0064083
0.00640249
0.00639035
0.00637684
0.00636984
0.00636803
0.00123253
0.00123227
0.00123057
0.00122473
0.00121928
0.00121669
0.00121705
0.00121991
0.00122582
0.00123558
0.00124912
0.00126201
0.00127098
0.00127612
0.00127797
0.00127736
0.00127426
0.00126921
0.00126507
0.001264
-0.838659
-0.564086
-0.276584
-0.0520981
0.130347
0.278301
0.404858
0.511512
0.558716
0.54276
-0.367212
-0.193526
-0.0182736
0.131263
0.258065
0.364979
0.452252
0.514721
0.548273
0.5598
-0.0621657
0.0506318
0.16599
0.268935
0.357813
0.432522
0.491915
0.535632
0.566157
0.582844
0.146055
0.222584
0.303228
0.376296
0.439804
0.493535
0.537344
0.571943
0.598493
0.615992
0.301186
0.355648
0.413339
0.467215
0.514866
0.556037
0.590818
0.619421
0.641775
0.659211
0.423949
0.463634
0.509404
0.551434
0.589722
0.623685
0.653016
0.677423
0.696138
0.71347
0.527694
0.560559
0.599545
0.635861
0.669359
0.699548
0.725764
0.74733
0.763076
0.780435
0.623365
0.655268
0.692237
0.726988
0.758826
0.787321
0.811757
0.83131
0.844737
0.86221
0.723067
0.758167
0.79638
0.83172
0.863144
0.890466
0.913328
0.93113
0.943108
0.960963
0.840646
0.88018
0.919435
0.954594
0.98472
1.01011
1.031
1.04717
1.05885
1.07726
0.986963
1.02701
1.0632
1.09415
1.12023
1.14276
1.16215
1.17798
1.19086
1.20906
1.16273
1.19508
1.22123
1.24392
1.26429
1.28329
1.30115
1.31788
1.33377
1.35202
1.35093
1.36867
1.38441
1.40121
1.41754
1.43222
1.44537
1.45945
1.47664
1.49637
1.5328
1.54387
1.55614
1.56701
1.57634
1.58604
1.59708
1.60875
1.61874
1.63393
1.7441
1.74614
1.73101
1.71586
1.70962
1.71534
1.73397
1.76443
1.7966
1.82736
2.05002
1.913
1.83681
1.79483
1.77736
1.78145
1.80886
1.865
1.96848
2.18378
0.330621
0.327277
0.321434
0.31176
0.298986
0.286755
0.276643
0.268887
0.26338
0.260141
0.25963
0.262017
0.266739
0.273597
0.282681
0.294063
0.306933
0.318722
0.326038
0.330687
0.248423
0.254344
0.261387
0.2668
0.269847
0.269757
0.267135
0.263499
0.260121
0.257841
0.257497
0.259383
0.262637
0.266511
0.269998
0.271615
0.270198
0.265847
0.259751
0.252587
0.240309
0.242659
0.246293
0.249578
0.252165
0.254321
0.255605
0.25559
0.254692
0.253781
0.253743
0.25483
0.256222
0.257043
0.256595
0.254927
0.252644
0.24984
0.24627
0.243134
0.235027
0.236084
0.238261
0.24115
0.243567
0.245259
0.246522
0.247549
0.248229
0.248625
0.248943
0.249165
0.249103
0.248562
0.247656
0.246379
0.244452
0.241783
0.239153
0.237578
0.230054
0.23055
0.232178
0.234856
0.237539
0.239933
0.241786
0.24304
0.243892
0.244482
0.244901
0.245112
0.244928
0.244283
0.242998
0.241031
0.238598
0.235951
0.233706
0.232778
0.227518
0.227711
0.228711
0.230522
0.232423
0.234234
0.235991
0.237609
0.238915
0.239859
0.240433
0.240499
0.24003
0.239035
0.237683
0.236145
0.234425
0.23263
0.231168
0.230697
0.226246
0.226345
0.226887
0.227925
0.229108
0.230442
0.231742
0.233019
0.234222
0.235268
0.23596
0.236116
0.235786
0.235117
0.234252
0.23316
0.232139
0.231134
0.230361
0.230118
0.224446
0.224498
0.224796
0.225414
0.226207
0.227132
0.228282
0.22953
0.230762
0.231883
0.232711
0.233014
0.23283
0.23232
0.231622
0.230949
0.230338
0.229769
0.22938
0.229255
0.221826
0.221849
0.222029
0.222456
0.22304
0.223685
0.224491
0.225485
0.226591
0.227727
0.228703
0.229252
0.22938
0.229241
0.228999
0.22879
0.228437
0.228094
0.227876
0.227817
0.218757
0.218764
0.218889
0.21923
0.219737
0.220369
0.221144
0.222079
0.223186
0.224424
0.225609
0.22644
0.226853
0.227
0.226953
0.226724
0.226585
0.226377
0.226257
0.226233
0.21538
0.215382
0.215473
0.215736
0.216152
0.216701
0.217421
0.218354
0.219523
0.220916
0.222373
0.223525
0.224247
0.224659
0.224865
0.224921
0.224891
0.224818
0.224782
0.224777
0.211642
0.211643
0.211719
0.211944
0.212318
0.212854
0.213596
0.214599
0.215908
0.21754
0.219356
0.220896
0.221959
0.222639
0.223055
0.223287
0.223398
0.223442
0.223467
0.223473
0.207472
0.207468
0.207554
0.20777
0.208142
0.208704
0.209517
0.210655
0.212191
0.21417
0.21644
0.218447
0.219872
0.220861
0.221503
0.221908
0.22215
0.222289
0.222361
0.222376
0.2028
0.202794
0.202887
0.203129
0.203543
0.204181
0.205125
0.206476
0.208335
0.210773
0.213624
0.216193
0.218074
0.219393
0.220281
0.22086
0.221225
0.221444
0.221556
0.22158
0.197542
0.197533
0.197645
0.19793
0.19842
0.199185
0.200329
0.201983
0.204279
0.20732
0.21091
0.214178
0.216601
0.218301
0.219462
0.22023
0.220723
0.221022
0.221173
0.221205
0.191553
0.191542
0.191682
0.192035
0.192641
0.19359
0.195013
0.197076
0.199952
0.203772
0.208295
0.212426
0.215491
0.217661
0.219146
0.220132
0.220768
0.221155
0.221349
0.221391
0.184651
0.184636
0.184816
0.185265
0.186034
0.187232
0.189031
0.19164
0.195275
0.200096
0.205795
0.210995
0.21485
0.217583
0.219455
0.220702
0.221507
0.221999
0.222245
0.222297
0.176586
0.176567
0.176802
0.177383
0.17837
0.179902
0.182198
0.18553
0.190154
0.196255
0.203433
0.209957
0.214783
0.218201
0.220543
0.222105
0.223117
0.223737
0.224045
0.224109
0.167015
0.166993
0.167305
0.168065
0.169347
0.171325
0.174311
0.1786
0.184491
0.192223
0.201253
0.20941
0.215424
0.219677
0.222592
0.224538
0.225803
0.226583
0.226971
0.227048
0.155468
0.155442
0.155866
0.156877
0.158564
0.161171
0.16506
0.170597
0.17817
0.187985
0.199319
0.209476
0.216935
0.222206
0.225819
0.228233
0.229809
0.230788
0.231276
0.231372
0.141263
0.141234
0.141827
0.143204
0.145466
0.148941
0.154081
0.161339
0.171099
0.183553
0.197726
0.210304
0.219504
0.226006
0.230471
0.233459
0.235414
0.236635
0.237245
0.237367
0.123407
0.123381
0.124248
0.126177
0.129297
0.134052
0.140982
0.150561
0.163187
0.178969
0.196595
0.212058
0.223332
0.231317
0.236824
0.240526
0.242955
0.244479
0.245249
0.245402
0.100402
0.100405
0.101732
0.104532
0.10899
0.115687
0.125196
0.137998
0.154397
0.174323
0.196072
0.214906
0.228606
0.238359
0.245151
0.249766
0.252821
0.254751
0.255739
0.255938
0.0698169
0.0699236
0.0720841
0.076411
0.0831485
0.0929456
0.106314
0.12359
0.144855
0.169812
0.196346
0.219005
0.235472
0.247299
0.255668
0.261472
0.265393
0.267911
0.269197
0.269451
0.0271446
0.0275572
0.0316374
0.0391911
0.0501963
0.0651719
0.0842966
0.107608
0.134931
0.165772
0.197649
0.224488
0.243997
0.258183
0.268451
0.275799
0.280947
0.284401
0.286191
0.286517
-0.0358515
-0.0337815
-0.0241895
-0.00965586
0.00933674
0.0325584
0.0597279
0.0907023
0.125177
0.162576
0.200156
0.23136
0.254066
0.270806
0.283246
0.292516
0.299363
0.304197
0.306915
0.307283
-0.111477
-0.107685
-0.0897571
-0.0639474
-0.0344205
-0.00173162
0.034191
0.0733441
0.11549
0.160156
0.204422
0.241158
0.268251
0.288733
0.304525
0.316873
0.326681
0.334025
0.337232
0.338677
-0.188594
-0.178384
-0.151764
-0.115811
-0.0767563
-0.0349297
0.00958381
0.0567771
0.106519
0.15843
0.209402
0.251643
0.282982
0.306985
0.325859
0.340998
0.353264
0.36285
0.368495
0.37081
-0.246498
-0.235222
-0.203638
-0.161227
-0.114834
-0.065471
-0.0134402
0.041114
0.097924
0.156566
0.213653
0.260656
0.295338
0.32175
0.342348
0.358664
0.371687
0.381799
0.388022
0.390491
-0.292981
-0.281304
-0.246351
-0.199356
-0.147641
-0.0925019
-0.0343564
0.0264553
0.089511
0.154223
0.216713
0.267662
0.304846
0.332793
0.354285
0.371098
0.384365
0.394597
0.400895
0.403323
-0.331055
-0.319476
-0.28256
-0.232054
-0.176188
-0.116454
-0.0532808
0.01286
0.0813766
0.151501
0.218898
0.273406
0.312723
0.341887
0.364008
0.381066
0.394333
0.404487
0.410747
0.413087
-0.363887
-0.35245
-0.314113
-0.260903
-0.201663
-0.138067
-0.0706203
0.000149211
0.0735654
0.148691
0.220652
0.278403
0.319624
0.349824
0.372433
0.389656
0.402918
0.412996
0.419254
0.4215
-0.393069
-0.381774
-0.342458
-0.287065
-0.225043
-0.158186
-0.0870039
-0.0120928
0.0657657
0.145477
0.221746
0.282686
0.325822
0.357094
0.380239
0.397682
0.410989
0.42101
0.427284
0.429445
-0.419771
-0.408554
-0.368421
-0.311223
-0.246892
-0.177254
-0.102845
-0.0242925
0.0576115
0.141712
0.222278
0.286502
0.331676
0.364129
0.387904
0.405632
0.419038
0.429047
0.435323
0.437393
-0.444763
-0.433589
-0.392732
-0.333984
-0.267689
-0.19567
-0.118437
-0.0365806
0.0490898
0.137394
0.22224
0.289898
0.337319
0.371144
0.395688
0.413804
0.427365
0.437389
0.443674
0.445628
-0.468477
-0.457298
-0.415825
-0.35577
-0.287769
-0.213645
-0.133902
-0.049085
0.0400458
0.132355
0.221524
0.29285
0.342802
0.378257
0.403766
0.422398
0.436194
0.446287
0.45254
0.454434
-0.491269
-0.480028
-0.437966
-0.376811
-0.307342
-0.231384
-0.149433
-0.0619684
0.0303614
0.12651
0.220019
0.295276
0.348099
0.385501
0.412224
0.431545
0.445684
0.455893
0.462125
0.463974
-0.513342
-0.501955
-0.459302
-0.397306
-0.32651
-0.248981
-0.165098
-0.0752575
0.019992
0.119785
0.217613
0.297036
0.353106
0.392826
0.421073
0.441306
0.455933
0.466347
0.472554
0.474376
-0.534715
-0.523172
-0.480046
-0.417265
-0.345317
-0.26643
-0.180879
-0.0889582
0.00892231
0.112114
0.214195
0.29797
0.357649
0.4001
0.430242
0.451672
0.466983
0.477706
0.483922
0.4857
-0.555516
-0.543768
-0.500265
-0.436678
-0.363778
-0.283743
-0.196765
-0.103046
-0.0028317
0.103484
0.209657
0.297881
0.361499
0.407141
0.439622
0.46259
0.478813
0.489986
0.49626
0.497912
-0.575677
-0.563732
-0.519903
-0.455571
-0.381872
-0.30087
-0.212693
-0.117455
-0.0152221
0.0938941
0.203915
0.296564
0.364383
0.413711
0.449057
0.473977
0.49135
0.503078
0.509434
0.510927
-0.595237
-0.583076
-0.538838
-0.473911
-0.399547
-0.317753
-0.22859
-0.132098
-0.0281662
0.0833893
0.196933
0.293859
0.366002
0.419434
0.458226
0.485659
0.504546
0.516933
0.523307
0.524572
-0.61402
-0.601743
-0.55707
-0.491652
-0.416738
-0.334303
-0.24438
-0.146885
-0.041564
0.072058
0.188709
0.289649
0.366051
0.423784
0.466651
0.497405
0.518366
0.531443
0.537577
0.538492
-0.632133
-0.619673
-0.574607
-0.508771
-0.433407
-0.350471
-0.259964
-0.161719
-0.0553062
0.0600108
0.179286
0.283825
0.364254
0.426264
0.473717
0.508858
0.532975
0.546931
0.552107
0.552224
-0.649448
-0.636796
-0.591428
-0.525207
-0.449472
-0.366173
-0.275255
-0.176474
-0.0692697
0.0473446
0.168769
0.276345
0.360434
0.426438
0.478598
0.519217
0.54841
0.564598
0.567564
0.565054
-0.666006
-0.653197
-0.607468
-0.540914
-0.464896
-0.381349
-0.290172
-0.191067
-0.0833286
0.0342259
0.157291
0.267264
0.354492
0.423906
0.480214
0.526778
0.563489
0.586068
0.588983
0.577038
-0.68175
-0.668828
-0.62281
-0.556022
-0.479867
-0.396267
-0.305037
-0.2059
-0.0979538
0.0201143
0.14425
0.255929
0.345748
0.417936
0.476928
0.528675
0.574173
0.607287
0.614489
0.60923
-0.696662
-0.683601
-0.637501
-0.570476
-0.494368
-0.410919
-0.319819
-0.220968
-0.113154
0.00494361
0.129525
0.242137
0.333648
0.408098
0.466826
0.519249
0.566736
0.601404
0.591929
0.530312
-0.710563
-0.697007
-0.651497
-0.584273
-0.508481
-0.4254
-0.33453
-0.23614
-0.128838
-0.0111737
0.113145
0.225848
0.317771
0.394177
0.450152
0.491482
0.531557
0.542175
0.492645
0.420771
-0.725024
-0.710327
-0.664471
-0.597109
-0.522019
-0.439332
-0.349379
-0.251343
-0.144838
-0.0280223
0.0952546
0.207016
0.29757
0.376596
0.430143
0.468123
0.458077
0.430015
0.356363
0.276341
-0.708153
-0.689125
-0.643512
-0.57476
-0.496249
-0.4105
-0.316082
-0.215073
-0.10492
0.0162591
0.133838
0.231813
0.312067
0.388011
0.45313
0.372413
0.321793
0.254636
0.169658
0.112861
-0.726213
-0.71143
-0.678471
-0.616848
-0.54284
-0.461048
-0.371766
-0.275133
-0.170302
-0.0555765
0.0648025
0.172828
0.258585
0.33136
0.396187
0.388023
0.273722
0.175658
0.103402
0.00363588
-0.743631
-0.72913
-0.690029
-0.627609
-0.553652
-0.472749
-0.385046
-0.28991
-0.186623
-0.0738449
0.0441788
0.148839
0.230922
0.291723
0.313565
0.233039
0.058405
-0.0596536
-0.153767
-0.260608
-0.760837
-0.748774
-0.705071
-0.641844
-0.567941
-0.487461
-0.400406
-0.306295
-0.204563
-0.0939191
0.0206366
0.120029
0.195193
0.242243
0.211743
0.0477944
-0.154616
-0.306408
-0.435872
-0.603474
-0.7792
-0.766866
-0.721582
-0.65744
-0.583653
-0.503626
-0.41733
-0.324497
-0.224635
-0.116624
-0.0061386
0.0872112
0.154106
0.184256
0.0989603
-0.143016
-0.391576
-0.595462
-0.785975
-1.0308
-0.796265
-0.78419
-0.738143
-0.673117
-0.599379
-0.519874
-0.434603
-0.343316
-0.245565
-0.140375
-0.0340933
0.0526921
0.10997
0.115248
-0.0351032
-0.333734
-0.63575
-0.922784
-1.1735
-1.70304
-0.812397
-0.800867
-0.754753
-0.689237
-0.615636
-0.536677
-0.452482
-0.362875
-0.267367
-0.165076
-0.0632458
0.0163367
0.0632598
0.0281993
-0.188464
-0.508917
-0.848718
-1.16701
-1.45057
-2.02086
-0.828424
-0.817325
-0.771376
-0.705906
-0.632551
-0.554199
-0.47112
-0.383258
-0.290101
-0.191054
-0.0941553
-0.0227802
0.0127193
-0.0673775
-0.335062
-0.655955
-0.998209
-1.29792
-1.43279
-1.48292
-0.844807
-0.834048
-0.788375
-0.723136
-0.650242
-0.572689
-0.490987
-0.405222
-0.314888
-0.219527
-0.12785
-0.065495
-0.0462153
-0.167229
-0.477997
-0.781533
-1.08199
-1.32399
-1.3888
-1.40429
-0.861521
-0.851112
-0.805688
-0.740756
-0.668451
-0.591908
-0.51188
-0.428611
-0.341594
-0.250309
-0.164182
-0.111367
-0.112111
-0.277252
-0.614724
-0.895149
-1.14626
-1.34341
-1.3808
-1.36405
-0.878602
-0.868364
-0.823163
-0.758539
-0.686943
-0.611622
-0.533573
-0.453198
-0.36996
-0.283323
-0.202933
-0.160745
-0.185307
-0.406843
-0.754349
-1.00724
-1.17155
-1.26592
-1.30938
-1.31736
-0.89568
-0.885583
-0.840519
-0.776195
-0.705395
-0.631514
-0.555774
-0.47881
-0.399966
-0.318665
-0.243538
-0.21237
-0.267434
-0.555085
-0.906825
-1.15252
-1.15775
-1.20139
-1.30403
-1.34049
-0.9122
-0.902307
-0.857293
-0.793238
-0.723312
-0.651082
-0.578074
-0.505178
-0.431216
-0.356326
-0.28548
-0.263147
-0.351017
-0.726195
-1.10898
-1.42365
-1.434
-1.42733
-1.47439
-1.498
-0.927524
-0.917849
-0.8728
-0.809042
-0.740077
-0.669646
-0.599723
-0.531631
-0.464811
-0.396798
-0.328737
-0.310189
-0.42899
-0.898299
-1.39523
-1.84583
-1.9415
-1.78102
-1.75105
-1.75005
-0.940725
-0.931231
-0.886174
-0.822899
-0.754852
-0.686347
-0.619961
-0.557718
-0.500307
-0.440744
-0.37551
-0.35531
-0.495822
-1.03426
-1.61588
-2.0576
-2.15799
-2.04203
-2.00216
-1.9972
-0.950759
-0.941395
-0.896465
-0.833599
-0.766538
-0.700162
-0.637771
-0.582576
-0.535711
-0.489597
-0.42898
-0.409517
-0.553814
-1.11245
-1.6953
-2.18495
-2.37576
-2.40307
-2.32716
-2.28883
-0.956371
-0.947184
-0.90237
-0.8399
-0.773912
-0.709813
-0.65184
-0.604982
-0.573001
-0.549315
-0.51004
-0.486804
-0.642332
-1.17461
-1.78166
-2.41595
-2.79941
-2.89516
-2.75833
-2.60467
-0.956232
-0.947166
-0.90255
-0.840513
-0.775619
-0.713819
-0.660631
-0.623846
-0.613536
-0.632224
-0.65658
-0.651356
-0.761656
-1.16078
-1.66515
-2.25874
-2.66276
-2.74083
-2.58713
-2.41523
-0.948911
-0.939954
-0.895562
-0.834043
-0.770253
-0.710612
-0.662192
-0.636914
-0.656967
-0.754944
-0.92085
-0.964899
-0.895108
-0.948339
-1.0887
-1.29278
-1.44105
-1.38764
-1.19255
-1.01341
-0.933069
-0.924225
-0.880047
-0.819232
-0.756472
-0.698508
-0.654146
-0.640376
-0.696975
-0.921535
-1.33241
-1.39728
-1.00136
-0.629715
-0.158431
0.227671
0.491808
0.701981
0.867321
0.960064
-0.9076
-0.898822
-0.854982
-0.795031
-0.733052
-0.675967
-0.633843
-0.627703
-0.716297
-1.07431
-1.83151
-1.87133
-1.05033
-0.240413
0.59033
1.22135
1.70796
1.9668
2.06869
2.09916
-0.871898
-0.863145
-0.819724
-0.760655
-0.69912
-0.64165
-0.598842
-0.591449
-0.68293
-1.07926
-1.96337
-1.89652
-0.893897
0.0394868
0.907099
1.48017
1.8573
2.04961
2.12923
2.15455
-0.825247
-0.816909
-0.774047
-0.715956
-0.654596
-0.595296
-0.546326
-0.526468
-0.588134
-0.877041
-1.4521
-1.21343
-0.421209
0.371587
0.97732
1.36427
1.60206
1.73335
1.80203
1.83059
-0.767553
-0.76013
-0.718498
-0.661551
-0.600809
-0.539504
-0.483102
-0.443225
-0.447604
-0.554184
-0.709733
-0.409706
0.114621
0.61183
0.958921
1.18846
1.33606
1.43008
1.48723
1.51368
-0.698187
-0.691981
-0.653196
-0.598725
-0.539715
-0.47798
-0.415747
-0.357799
-0.312341
-0.283709
-0.202437
0.0320584
0.374336
0.661717
0.861787
1.00399
1.10477
1.17749
1.22622
1.25142
-0.616411
-0.610454
-0.577021
-0.528531
-0.473854
-0.413921
-0.349861
-0.282139
-0.209967
-0.122825
0.0140162
0.208955
0.416785
0.590026
0.718366
0.814064
0.886532
0.943536
0.987184
1.00756
-0.518718
-0.514338
-0.491671
-0.451029
-0.402626
-0.348433
-0.287927
-0.219998
-0.141739
-0.0435499
0.0889002
0.241337
0.381258
0.49485
0.580848
0.64501
0.693142
0.72793
0.752255
0.765448
-0.406759
-0.405543
-0.392171
-0.362377
-0.324908
-0.281108
-0.229821
-0.169625
-0.0975059
-0.00683106
0.108295
0.230623
0.336237
0.420432
0.483667
0.529628
0.56229
0.585129
0.599481
0.604857
-0.301124
-0.301229
-0.293752
-0.273755
-0.247011
-0.214181
-0.173809
-0.124203
-0.0624994
0.0159447
0.112557
0.20976
0.290192
0.352537
0.398249
0.430416
0.452109
0.465882
0.473645
0.476502
-0.20318
-0.203818
-0.199911
-0.188664
-0.171883
-0.149565
-0.120236
-0.0819109
-0.0320686
0.0324249
0.111227
0.188156
0.249841
0.296388
0.329597
0.352166
0.366683
0.375306
0.379703
0.380993
-0.118509
-0.119366
-0.118562
-0.114094
-0.10547
-0.0920275
-0.0722824
-0.0442862
-0.00588522
0.0453577
0.10817
0.168632
0.215932
0.250759
0.275
0.290838
0.300438
0.305713
0.308099
0.308643
-0.05408
-0.0548613
-0.0557981
-0.0557952
-0.0531589
-0.0461086
-0.033403
-0.0135091
0.015388
0.0550646
0.104101
0.150981
0.187083
0.213139
0.230686
0.24183
0.248369
0.251696
0.252998
0.253215
-0.0106528
-0.0112551
-0.0126994
-0.0145646
-0.014704
-0.0116877
-0.00403678
0.00972008
0.0310649
0.061329
0.0991648
0.135166
0.1625
0.181891
0.194853
0.202877
0.207315
0.209371
0.210056
0.210106
0.0163288
0.0159128
0.0146454
0.0127376
0.0118897
0.0132387
0.017851
0.0271282
0.0425737
0.0653461
0.0942274
0.121711
0.142457
0.156984
0.166375
0.171961
0.17493
0.176165
0.176438
0.176398
0.0324889
0.0322092
0.0313151
0.0298549
0.0290117
0.0297306
0.0328969
0.0395074
0.0507171
0.0676324
0.0894367
0.110268
0.125794
0.136454
0.143274
0.147278
0.149281
0.149982
0.15003
0.149956
0.0421693
0.0419758
0.0413959
0.0404083
0.0397897
0.040189
0.0423182
0.0470722
0.0553876
0.0680464
0.0843991
0.100027
0.111634
0.119591
0.124603
0.127431
0.128767
0.129157
0.129106
0.12903
0.0479049
0.0477691
0.0473884
0.0467292
0.046327
0.0466519
0.0481957
0.0516073
0.0576649
0.0670684
0.0793555
0.0910909
0.0997725
0.105626
0.109245
0.111253
0.11216
0.112373
0.112288
0.112218
0.0509211
0.0508249
0.0505568
0.0500827
0.04979
0.0500266
0.0511705
0.0537083
0.0582059
0.0651843
0.0743371
0.0830752
0.0895059
0.0938182
0.0964609
0.0978904
0.0984987
0.0986026
0.0985059
0.0984437
0.0518811
0.0518121
0.0516183
0.0512669
0.0510472
0.051215
0.0520455
0.0539028
0.0572256
0.0624245
0.0692377
0.0757555
0.0805221
0.0836969
0.0856111
0.0866238
0.087031
0.0870702
0.0869759
0.0869229
0.0512836
0.0512329
0.0510938
0.0508365
0.050675
0.050801
0.0514173
0.0527936
0.0552541
0.0591019
0.0641709
0.0690008
0.0725223
0.0748469
0.076234
0.0769499
0.0772177
0.077217
0.0771291
0.0770843
0.0495306
0.0494921
0.0493916
0.0492041
0.049086
0.0491797
0.0496349
0.0506531
0.0524773
0.0553321
0.059091
0.0626635
0.0652597
0.0669605
0.0679625
0.0684666
0.0686408
0.0686202
0.0685431
0.0685056
0.0469323
0.0469025
0.046829
0.0466933
0.0466091
0.0466808
0.0470195
0.0477736
0.0491225
0.0512349
0.054017
0.056655
0.0585648
0.0598052
0.0605267
0.0608801
0.0609909
0.0609605
0.0608935
0.0608618
0.0437176
0.0436942
0.0436391
0.0435397
0.0434791
0.0435337
0.043785
0.0443426
0.0453395
0.0469006
0.0489531
0.0508959
0.0522949
0.0531958
0.0537122
0.0539576
0.0540263
0.0539935
0.0539373
0.0539111
0.0400505
0.040032
0.0399895
0.0399149
0.0398695
0.0399089
0.0400931
0.0405037
0.0412383
0.0423883
0.043899
0.0453266
0.0463458
0.0469979
0.0473664
0.0475357
0.0475753
0.0475415
0.0474938
0.0474721
0.0360486
0.0360341
0.0360008
0.0359435
0.0359076
0.0359341
0.0360676
0.036367
0.0369044
0.0377474
0.0388544
0.0398972
0.0406386
0.0411081
0.0413682
0.0414826
0.0415024
0.0414698
0.0414298
0.0414123
0.031797
0.0317857
0.0317593
0.0317137
0.0316834
0.0316988
0.0317928
0.0320086
0.0323994
0.0330142
0.033821
0.0345788
0.035114
0.035449
0.0356307
0.0357054
0.035712
0.035681
0.035647
0.0356327
0.0273582
0.0273494
0.0273282
0.0272913
0.027265
0.0272721
0.0273362
0.0274892
0.0277698
0.0282133
0.0287954
0.0293399
0.0297216
0.0299573
0.0300818
0.0301297
0.0301285
0.0301008
0.0300726
0.0300608
0.0227801
0.0227732
0.022756
0.0227258
0.0227027
0.0227036
0.0227454
0.0228515
0.0230493
0.0233636
0.0237768
0.0241627
0.024431
0.0245937
0.0246767
0.0247047
0.024698
0.0246736
0.0246504
0.024641
0.0180992
0.018094
0.0180802
0.0180554
0.0180351
0.0180313
0.0180563
0.0181267
0.0182615
0.0184786
0.0187654
0.0190325
0.0192167
0.0193266
0.0193791
0.0193925
0.0193817
0.019359
0.0193391
0.0193315
0.0133419
0.013338
0.0133269
0.0133066
0.0132887
0.0132821
0.0132956
0.0133393
0.0134264
0.0135685
0.0137576
0.0139327
0.0140525
0.0141217
0.0141528
0.0141579
0.0141464
0.0141265
0.0141098
0.0141038
0.0085282
0.00852534
0.00851704
0.00850158
0.00848734
0.00848032
0.00848577
0.00851034
0.00856152
0.00864547
0.00875601
0.00885844
0.00892625
0.00896437
0.00898022
0.00898003
0.00896939
0.00895389
0.00894101
0.00893633
0.00123214
0.00123208
0.00122791
0.00122173
0.0012176
0.00121655
0.0012181
0.0012224
0.00123014
0.00124254
0.00125626
0.00126692
0.00127403
0.00127738
0.00127799
0.00127609
0.00127198
0.00126658
0.00126454
0.00381333
-2.05619
-1.15643
-0.628272
-0.296806
-0.0476679
0.145408
0.300758
0.434852
0.568272
0.655636
-0.775941
-0.486819
-0.243599
-0.0414648
0.125221
0.264063
0.380047
0.475424
0.535965
0.549187
-0.295234
-0.13493
0.0118191
0.14509
0.259874
0.35763
0.438298
0.499793
0.540798
0.56381
-0.00959055
0.0934379
0.191463
0.283438
0.36418
0.433172
0.489848
0.534186
0.567769
0.589668
0.185881
0.257024
0.327
0.392706
0.451306
0.501949
0.544536
0.579486
0.607537
0.626276
0.334072
0.382299
0.437845
0.486545
0.53141
0.571122
0.605453
0.634482
0.658178
0.673593
0.452549
0.49142
0.534435
0.5743
0.611266
0.644938
0.674591
0.699861
0.720243
0.732848
0.555059
0.589643
0.626674
0.662893
0.696618
0.727507
0.754761
0.777749
0.795602
0.806029
0.652296
0.687199
0.723947
0.760206
0.793415
0.82327
0.849137
0.870447
0.88631
0.895631
0.758024
0.797082
0.836106
0.873615
0.90683
0.935579
0.95977
0.979276
0.993619
1.00335
0.88704
0.930519
0.970296
1.0065
1.03744
1.06361
1.08561
1.10355
1.11731
1.12876
1.04981
1.09176
1.12578
1.15523
1.18003
1.20191
1.2218
1.23944
1.25463
1.2685
1.24114
1.27081
1.29269
1.31208
1.33057
1.34811
1.36442
1.38027
1.39711
1.41444
1.4382
1.44893
1.46134
1.47604
1.4907
1.50369
1.51511
1.52607
1.53889
1.55451
1.62549
1.63512
1.64478
1.64682
1.64741
1.65173
1.66269
1.67913
1.69652
1.70124
1.93029
1.87146
1.81977
1.77971
1.75744
1.75346
1.767
1.80074
1.85677
1.93612
0.465433
0.408353
0.36603
0.332589
0.308394
0.291151
0.278842
0.270083
0.264094
0.260643
0.26009
0.262591
0.267637
0.275189
0.285758
0.300449
0.320994
0.349572
0.387901
0.435914
0.269652
0.27878
0.285061
0.285835
0.282057
0.275922
0.26958
0.264219
0.260419
0.258659
0.259572
0.262811
0.267718
0.273871
0.280457
0.285847
0.287647
0.284128
0.275593
0.26835
0.244825
0.246961
0.251744
0.255766
0.25905
0.261095
0.261151
0.259622
0.25756
0.255955
0.255751
0.25726
0.259553
0.261736
0.26276
0.261803
0.259103
0.255529
0.251142
0.246561
0.238283
0.239207
0.242008
0.245075
0.247408
0.249158
0.250563
0.251375
0.251465
0.251295
0.251453
0.252045
0.252575
0.252442
0.251509
0.25008
0.248186
0.245525
0.242455
0.240268
0.232649
0.233122
0.234963
0.23776
0.240392
0.24243
0.243865
0.24493
0.245742
0.246315
0.246705
0.246857
0.246656
0.246074
0.245094
0.24355
0.241307
0.238586
0.236187
0.234982
0.228543
0.228747
0.230082
0.232404
0.234775
0.237075
0.239139
0.240695
0.241772
0.242501
0.242982
0.243152
0.242846
0.241968
0.240433
0.238422
0.236239
0.233943
0.232027
0.231356
0.22694
0.227035
0.227765
0.229125
0.230622
0.232048
0.233421
0.234818
0.236118
0.237165
0.23781
0.23787
0.237413
0.236584
0.235613
0.234474
0.233142
0.231798
0.230734
0.230396
0.225466
0.225516
0.22592
0.226724
0.227697
0.228873
0.230193
0.231503
0.23271
0.233781
0.234534
0.234776
0.234523
0.233897
0.232983
0.232072
0.231264
0.230491
0.229931
0.229756
0.223235
0.223261
0.223486
0.223975
0.224624
0.225351
0.226269
0.227366
0.228545
0.22968
0.23058
0.230984
0.230939
0.230634
0.23023
0.229808
0.22937
0.228954
0.228677
0.228591
0.220328
0.220339
0.220487
0.220866
0.221377
0.222068
0.222898
0.223819
0.224903
0.226073
0.227146
0.227841
0.228118
0.228116
0.227957
0.227755
0.227506
0.227224
0.227054
0.227014
0.217109
0.217115
0.21722
0.217518
0.217978
0.218556
0.219292
0.220225
0.22136
0.222672
0.223984
0.224963
0.225523
0.225796
0.225888
0.225825
0.225718
0.225577
0.225501
0.225488
0.213555
0.213564
0.213645
0.213882
0.214272
0.214809
0.215533
0.21649
0.217718
0.219214
0.22084
0.222182
0.223071
0.223616
0.223928
0.224074
0.224116
0.224105
0.224102
0.224103
0.209605
0.209611
0.209694
0.209909
0.210277
0.21082
0.211591
0.212653
0.214065
0.215859
0.217888
0.219646
0.220891
0.221717
0.222243
0.222561
0.222739
0.222833
0.222883
0.222894
0.205191
0.205196
0.205285
0.205511
0.205899
0.206493
0.207363
0.208598
0.210282
0.212475
0.215017
0.217295
0.218927
0.220082
0.220846
0.221337
0.221641
0.221821
0.221913
0.221933
0.200237
0.200243
0.200343
0.200602
0.201049
0.201745
0.202781
0.204272
0.206334
0.209054
0.212253
0.215149
0.217304
0.218796
0.219816
0.220486
0.220913
0.221172
0.221303
0.221331
0.194628
0.194635
0.194759
0.195072
0.195614
0.196464
0.197738
0.199583
0.20215
0.205556
0.209586
0.213263
0.21599
0.217917
0.219233
0.220106
0.220667
0.221008
0.22118
0.221217
0.188204
0.188213
0.18837
0.188763
0.189442
0.190509
0.192109
0.194427
0.197657
0.201947
0.207025
0.211663
0.215104
0.217542
0.219213
0.220323
0.221037
0.221473
0.221691
0.221738
0.180754
0.180766
0.180967
0.18147
0.182339
0.183701
0.185738
0.188681
0.192775
0.198195
0.204591
0.210418
0.214735
0.217795
0.219892
0.221287
0.222184
0.22273
0.223004
0.223063
0.171982
0.171998
0.17226
0.172913
0.174046
0.175818
0.178441
0.182196
0.187409
0.194271
0.20232
0.209617
0.215007
0.218823
0.22144
0.223179
0.224297
0.224976
0.225315
0.225389
0.16148
0.161501
0.161846
0.162706
0.1642
0.166511
0.1699
0.17477
0.181446
0.19015
0.200263
0.209367
0.216067
0.220806
0.224055
0.226217
0.227605
0.228443
0.22886
0.228951
0.148691
0.14872
0.149181
0.150328
0.152325
0.155378
0.159857
0.166184
0.174762
0.185813
0.198489
0.209796
0.218084
0.223943
0.227967
0.230651
0.232377
0.233417
0.233931
0.234037
0.132828
0.132871
0.133496
0.135063
0.137787
0.1419
0.147847
0.156155
0.167251
0.181277
0.197097
0.211057
0.221251
0.228463
0.233433
0.236767
0.238923
0.240222
0.240856
0.240987
0.112705
0.112768
0.113647
0.115872
0.119694
0.125356
0.133431
0.144487
0.158878
0.176626
0.196234
0.213325
0.22577
0.234606
0.240734
0.244882
0.247594
0.249239
0.250028
0.250185
0.0864106
0.0865054
0.0878329
0.0912076
0.0968268
0.104938
0.116177
0.131031
0.149706
0.172028
0.19609
0.216785
0.231829
0.242583
0.250134
0.255322
0.258773
0.260902
0.261936
0.262133
0.0506751
0.050851
0.0531425
0.058776
0.0676152
0.0797501
0.0957247
0.1158
0.139935
0.167728
0.196867
0.221577
0.239535
0.252512
0.2618
0.268345
0.272833
0.275674
0.277068
0.277329
-0.000731495
-0.000152648
0.0050403
0.0157628
0.0306697
0.0493974
0.0722471
0.0992056
0.129995
0.164052
0.198749
0.227759
0.248857
0.26431
0.275654
0.283959
0.289943
0.293979
0.296078
0.296484
-0.0763613
-0.0729205
-0.0584985
-0.0372401
-0.0125005
0.0154859
0.0470446
0.0821035
0.120368
0.161301
0.202048
0.235805
0.260507
0.278949
0.292945
0.303726
0.312126
0.318371
0.322159
0.323369
-0.156246
-0.148235
-0.122557
-0.0906352
-0.0558686
-0.0184737
0.0218051
0.0650067
0.110977
0.159305
0.206992
0.246567
0.275883
0.29825
0.315759
0.329806
0.341274
0.350775
0.358269
0.360106
-0.220524
-0.212267
-0.179779
-0.139519
-0.0963692
-0.0505536
-0.00212233
0.0488715
0.102238
0.157587
0.211692
0.256415
0.289552
0.314911
0.33484
0.350843
0.363863
0.374334
0.381782
0.383764
-0.271552
-0.262655
-0.226536
-0.18112
-0.131768
-0.0793364
-0.0240942
0.0337068
0.0937304
0.155491
0.215371
0.264425
0.300424
0.327665
0.348764
0.365434
0.378829
0.389488
0.396911
0.399117
-0.312859
-0.303832
-0.265643
-0.21626
-0.162295
-0.104775
-0.0440141
0.0195676
0.0854426
0.152916
0.217891
0.270654
0.308941
0.337529
0.359375
0.376393
0.389863
0.400399
0.407724
0.410036
-0.347705
-0.338664
-0.299227
-0.246869
-0.189173
-0.127433
-0.0620586
0.00645178
0.0774697
0.150145
0.219872
0.276031
0.316312
0.346001
0.36837
0.385541
0.398942
0.409315
0.416494
0.418854
-0.37826
-0.369259
-0.328975
-0.274241
-0.213522
-0.148239
-0.0788663
-0.00596786
0.0697244
0.147185
0.221305
0.280638
0.322803
0.353528
0.376397
0.393747
0.407131
0.417403
0.424422
0.426814
-0.405885
-0.396891
-0.35595
-0.299327
-0.23608
-0.167786
-0.0949329
-0.0181532
0.0617568
0.143679
0.2221
0.284667
0.3288
0.360644
0.384091
0.40168
0.415108
0.425293
0.432189
0.434577
-0.431468
-0.422468
-0.380975
-0.322711
-0.257356
-0.186496
-0.110638
-0.0303957
0.0534254
0.139647
0.222355
0.288274
0.334538
0.367648
0.391788
0.409705
0.423239
0.43342
0.440125
0.442516
-0.45563
-0.446586
-0.404604
-0.344939
-0.277771
-0.204672
-0.126149
-0.0427733
0.0446654
0.134984
0.221983
0.291452
0.3401
0.374704
0.399704
0.418067
0.431777
0.441977
0.448523
0.450912
-0.478709
-0.469598
-0.427177
-0.366337
-0.297581
-0.222511
-0.14163
-0.0554555
0.0353025
0.129553
0.220882
0.294152
0.345501
0.381882
0.407962
0.426921
0.440906
0.451164
0.457616
0.459941
-0.500992
-0.491767
-0.448898
-0.387095
-0.31695
-0.240181
-0.157234
-0.0685455
0.0252781
0.123279
0.218953
0.296267
0.350671
0.389179
0.416614
0.436365
0.450759
0.46116
0.467542
0.469744
-0.522538
-0.513226
-0.469829
-0.407334
-0.335937
-0.257705
-0.172961
-0.0820443
0.0145577
0.116082
0.21606
0.297633
0.35547
0.396506
0.425645
0.446435
0.4614
0.472038
0.478403
0.48043
-0.543481
-0.534007
-0.490322
-0.427019
-0.354572
-0.275092
-0.188802
-0.0959451
0.00314051
0.107929
0.212088
0.298071
0.359693
0.403717
0.434968
0.457104
0.472832
0.483817
0.490217
0.492062
-0.56384
-0.554216
-0.510238
-0.446176
-0.372857
-0.292321
-0.204717
-0.110202
-0.00894459
0.0988104
0.206948
0.297394
0.363101
0.410558
0.444403
0.468272
0.485033
0.496499
0.502942
0.504625
-0.583585
-0.573815
-0.529514
-0.464801
-0.390754
-0.309333
-0.220644
-0.124743
-0.021623
0.0887627
0.20059
0.295417
0.365388
0.416689
0.453691
0.479798
0.497895
0.50997
0.51643
0.517906
-0.602654
-0.592768
-0.548078
-0.482849
-0.408196
-0.326067
-0.236494
-0.139475
-0.0348051
0.0778349
0.192982
0.29197
0.366248
0.421739
0.462523
0.491543
0.511386
0.524141
0.5305
0.531672
-0.620992
-0.611022
-0.565952
-0.500289
-0.425131
-0.342438
-0.252193
-0.154297
-0.048393
0.0661274
0.184148
0.286939
0.365403
0.425266
0.470385
0.503222
0.525578
0.539064
0.544898
0.54554
-0.638639
-0.628563
-0.583123
-0.517074
-0.44151
-0.358374
-0.267645
-0.169104
-0.0622666
0.0537474
0.174171
0.28029
0.362608
0.426704
0.476518
0.514281
0.540647
0.555413
0.559642
0.558875
-0.655499
-0.645246
-0.59957
-0.533152
-0.457264
-0.373822
-0.282766
-0.183799
-0.076298
0.0408323
0.163144
0.272013
0.357738
0.425558
0.479895
0.5235
0.556193
0.574934
0.577082
0.57178
-0.671568
-0.661244
-0.615235
-0.548531
-0.472418
-0.388809
-0.297582
-0.198416
-0.0905223
0.0273518
0.151025
0.261946
0.350538
0.42144
0.479333
0.528768
0.570037
0.598105
0.605163
0.589415
-0.686919
-0.676455
-0.630262
-0.563342
-0.487177
-0.403624
-0.312444
-0.213404
-0.105486
0.0126543
0.137096
0.249336
0.340146
0.413512
0.472763
0.525724
0.574264
0.607092
0.617969
0.575863
-0.701821
-0.690602
-0.64463
-0.577461
-0.501436
-0.418161
-0.327165
-0.228529
-0.120928
-0.0029897
0.121548
0.234305
0.32623
0.401715
0.459163
0.507821
0.55272
0.581629
0.547
0.477911
-0.717364
-0.703081
-0.658221
-0.590961
-0.515458
-0.432575
-0.341957
-0.243766
-0.13683
-0.0195478
0.10435
0.216754
0.308228
0.385801
0.440475
0.468763
0.500616
0.493107
0.428818
0.35287
-0.732952
-0.734648
-0.671503
-0.601619
-0.52694
-0.444501
-0.356338
-0.258494
-0.152463
-0.0362005
0.0862529
0.197037
0.286286
0.367634
0.411538
0.388199
0.408058
0.357404
0.277484
0.192786
-0.705867
-0.7039
-0.649381
-0.580834
-0.502366
-0.417005
-0.324732
-0.224226
-0.114774
0.0054512
0.121707
0.218244
0.29583
0.368037
0.409726
0.303734
0.21412
0.1414
0.0569455
-0.123346
-0.741427
-0.716698
-0.65997
-0.590913
-0.512935
-0.42841
-0.337223
-0.23793
-0.129938
-0.011694
0.101181
0.193476
0.265173
0.31204
0.286423
0.137635
-0.00633178
-0.106556
-0.210327
-0.412494
-0.761929
-0.732218
-0.675471
-0.606044
-0.528763
-0.444982
-0.354394
-0.256624
-0.15059
-0.0350446
0.0737628
0.160131
0.223667
0.242779
0.153662
-0.058455
-0.237289
-0.368766
-0.516889
-0.804821
-0.78086
-0.748818
-0.691372
-0.62155
-0.544628
-0.461479
-0.371922
-0.275829
-0.171971
-0.0596643
0.0442976
0.123801
0.176715
0.163303
-0.0103563
-0.270351
-0.499785
-0.686344
-0.905626
-1.37687
-0.798077
-0.765497
-0.707333
-0.637151
-0.56053
-0.478106
-0.389876
-0.295534
-0.193999
-0.0852341
0.0133136
0.0854739
0.123769
0.0634225
-0.182663
-0.484648
-0.780793
-1.04763
-1.37364
-2.28903
-0.814261
-0.782053
-0.723549
-0.653285
-0.57699
-0.495375
-0.408533
-0.316069
-0.217127
-0.111987
-0.0193309
0.0444762
0.0640031
-0.04757
-0.346471
-0.67686
-1.0133
-1.30888
-1.62743
-2.72527
-0.830365
-0.798494
-0.740217
-0.67004
-0.594152
-0.5134
-0.42797
-0.337526
-0.24135
-0.140106
-0.0536222
0.000493303
0.000443333
-0.173097
-0.493442
-0.826107
-1.16082
-1.39095
-1.4491
-1.52321
-0.846712
-0.815184
-0.757303
-0.687466
-0.612171
-0.532503
-0.448777
-0.360757
-0.267788
-0.170903
-0.0913594
-0.0486344
-0.0757248
-0.314242
-0.629145
-0.933598
-1.22004
-1.37937
-1.40039
-1.40897
-0.863477
-0.832264
-0.774684
-0.705345
-0.630815
-0.55247
-0.470795
-0.385678
-0.2965
-0.204354
-0.131851
-0.102066
-0.165356
-0.450801
-0.759688
-1.02018
-1.26426
-1.37105
-1.36883
-1.36113
-0.88056
-0.849569
-0.792246
-0.723439
-0.649826
-0.573063
-0.493817
-0.412126
-0.327332
-0.24007
-0.175062
-0.159723
-0.266582
-0.58699
-0.897116
-1.09243
-1.24145
-1.29694
-1.31585
-1.3155
-0.897682
-0.866808
-0.80969
-0.741428
-0.668911
-0.593976
-0.517666
-0.439966
-0.360422
-0.278106
-0.219804
-0.221337
-0.380961
-0.735788
-1.05396
-1.18151
-1.13192
-1.25686
-1.3287
-1.34413
-0.91417
-0.88355
-0.826539
-0.758818
-0.687536
-0.614752
-0.541812
-0.468801
-0.395901
-0.317895
-0.264585
-0.28143
-0.500491
-0.925124
-1.2841
-1.48089
-1.42357
-1.45317
-1.48888
-1.50132
-0.929495
-0.899035
-0.84208
-0.77504
-0.705064
-0.634681
-0.565622
-0.498611
-0.432123
-0.360171
-0.308603
-0.33419
-0.617851
-1.16078
-1.62774
-1.97586
-1.83947
-1.75875
-1.7489
-1.74966
-0.942706
-0.912464
-0.855635
-0.789262
-0.720642
-0.652929
-0.588495
-0.528756
-0.470743
-0.406416
-0.349288
-0.382087
-0.726261
-1.33525
-1.86139
-2.17354
-2.0924
-2.01128
-1.99843
-2.00042
-0.952754
-0.922683
-0.866151
-0.800334
-0.733228
-0.668454
-0.609322
-0.558355
-0.513641
-0.459522
-0.399761
-0.444642
-0.812686
-1.40269
-1.97618
-2.31266
-2.40206
-2.36481
-2.30196
-2.29684
-0.958257
-0.928524
-0.872191
-0.807055
-0.741554
-0.679945
-0.626894
-0.587342
-0.562996
-0.533412
-0.483802
-0.533519
-0.88804
-1.46615
-2.10762
-2.64793
-2.88205
-2.84778
-2.67144
-2.57205
-0.95799
-0.928586
-0.872544
-0.808091
-0.7442
-0.685906
-0.639801
-0.615144
-0.622239
-0.651386
-0.65125
-0.684825
-0.938839
-1.40351
-1.95195
-2.515
-2.73543
-2.6837
-2.47538
-2.39433
-0.950604
-0.921492
-0.86571
-0.802097
-0.739714
-0.684591
-0.645799
-0.639383
-0.695038
-0.845883
-0.976677
-0.923863
-0.89311
-1.01611
-1.18134
-1.39532
-1.4362
-1.30302
-1.08835
-0.966677
-0.934658
-0.905822
-0.850521
-0.787779
-0.726623
-0.674039
-0.641962
-0.655869
-0.778815
-1.13215
-1.48013
-1.20781
-0.819219
-0.39313
0.0429304
0.379369
0.59934
0.793523
0.923705
0.978293
-0.909063
-0.880496
-0.825862
-0.763977
-0.703591
-0.652296
-0.624375
-0.654075
-0.845695
-1.42368
-2.04135
-1.46136
-0.663037
0.193463
0.93003
1.48363
1.86703
2.02987
2.09058
2.10341
-0.873303
-0.844948
-0.791021
-0.729917
-0.66957
-0.617559
-0.590361
-0.619371
-0.826333
-1.47869
-2.14691
-1.38445
-0.450027
0.530615
1.22222
1.69279
1.97329
2.09916
2.14672
2.15707
-0.826765
-0.798788
-0.745901
-0.685473
-0.624469
-0.568926
-0.531095
-0.54181
-0.691772
-1.16539
-1.49606
-0.813289
-0.0170919
0.707543
1.19228
1.49992
1.67814
1.77363
1.82088
1.83311
-0.769166
-0.742588
-0.69095
-0.631484
-0.570111
-0.510358
-0.460165
-0.437432
-0.484614
-0.649869
-0.629015
-0.153906
0.377273
0.803778
1.08616
1.27058
1.38848
1.46265
1.50271
1.51852
-0.699848
-0.676406
-0.626786
-0.569796
-0.509224
-0.446832
-0.386
-0.333108
-0.296883
-0.259404
-0.115264
0.204189
0.530458
0.769887
0.939114
1.05851
1.14411
1.20457
1.24258
1.25387
-0.618241
-0.597159
-0.553731
-0.501961
-0.444575
-0.382497
-0.316581
-0.246962
-0.16984
-0.0622765
0.107633
0.314258
0.509631
0.658739
0.769636
0.852594
0.916618
0.967271
1.00079
1.00958
-0.517541
-0.505999
-0.47263
-0.427695
-0.37633
-0.319135
-0.255078
-0.182603
-0.0961704
0.0191804
0.165551
0.313676
0.441692
0.540858
0.615272
0.671172
0.711952
0.741307
0.760543
0.767321
-0.406635
-0.40121
-0.378503
-0.344482
-0.303878
-0.256542
-0.201033
-0.135405
-0.0552077
0.0489299
0.170995
0.285763
0.381084
0.454415
0.508546
0.547384
0.574774
0.593465
0.603247
0.605122
-0.301318
-0.299164
-0.284695
-0.261135
-0.231447
-0.195077
-0.150335
-0.0951549
-0.0258147
0.0633973
0.162977
0.25213
0.323574
0.377282
0.415823
0.442407
0.459865
0.47044
0.475621
0.476537
-0.203757
-0.202717
-0.195076
-0.180917
-0.161487
-0.135901
-0.102364
-0.0586355
-0.00192008
0.0713401
0.151434
0.220862
0.274929
0.314496
0.342045
0.360298
0.37162
0.37797
0.380668
0.38081
-0.119027
-0.119321
-0.116809
-0.110319
-0.0994255
-0.0830482
-0.0594402
-0.0265462
0.0179675
0.0763938
0.139977
0.193882
0.234812
0.264065
0.283842
0.296299
0.303523
0.307205
0.308551
0.308456
-0.0544805
-0.0553206
-0.0560237
-0.05491
-0.0502491
-0.0405338
-0.0244569
-0.000302981
0.0337644
0.0793054
0.128854
0.170337
0.2013
0.22285
0.236943
0.245589
0.250367
0.252535
0.253211
0.253046
-0.0109321
-0.0118275
-0.0137048
-0.0149377
-0.0136675
-0.00852266
0.00200179
0.0193579
0.0450006
0.0800198
0.11822
0.149883
0.173101
0.189086
0.199402
0.205473
0.208578
0.209832
0.210141
0.209965
0.0161445
0.0154376
0.0136549
0.0121201
0.0122407
0.0150661
0.021823
0.0340024
0.0529979
0.0795995
0.108778
0.132912
0.150438
0.162248
0.169567
0.173717
0.175723
0.176372
0.176445
0.176286
0.0323639
0.0318832
0.030578
0.0293022
0.0291344
0.0309577
0.0357118
0.0444696
0.0584081
0.0783699
0.10048
0.118689
0.131679
0.140277
0.145579
0.148489
0.149759
0.150044
0.150002
0.14987
0.0420792
0.0417651
0.0409042
0.0400144
0.0398307
0.0409929
0.0443155
0.0507343
0.0611376
0.0761017
0.092689
0.106321
0.116029
0.122423
0.126248
0.128252
0.129053
0.129152
0.129069
0.128963
0.0478389
0.0476311
0.0470615
0.0464677
0.0463758
0.0472409
0.0496269
0.0542619
0.0619175
0.0731082
0.0855867
0.0958113
0.103022
0.107677
0.110419
0.11182
0.112331
0.112341
0.112251
0.112166
0.0508729
0.0507292
0.0503229
0.0498929
0.0498247
0.0504616
0.0522358
0.0556793
0.0613597
0.0696818
0.0789805
0.0865781
0.0919012
0.0953217
0.0973035
0.0982785
0.0985972
0.0985583
0.0984713
0.0984026
0.0518458
0.0517442
0.0514458
0.0511249
0.0510703
0.0515299
0.0528228
0.055356
0.0595739
0.0657715
0.0727029
0.0783544
0.0822914
0.0847903
0.0862118
0.0868892
0.0870839
0.0870237
0.0869456
0.0868908
0.0512572
0.0511848
0.0509682
0.0507318
0.0506929
0.0510349
0.0519935
0.0538699
0.0569891
0.061593
0.0667417
0.0709243
0.073821
0.0756417
0.0766622
0.0771294
0.0772411
0.0771716
0.0771029
0.0770593
0.0495105
0.0494574
0.0493005
0.0491274
0.0490996
0.0493524
0.0500609
0.0514496
0.0537652
0.0571804
0.0609946
0.0640833
0.0662119
0.067537
0.0682665
0.0685871
0.0686474
0.0685793
0.0685209
0.0684859
0.0469167
0.0468768
0.0467631
0.0466381
0.0466203
0.0468097
0.047335
0.0483625
0.050076
0.0526031
0.0554242
0.057701
0.0592607
0.0602219
0.0607417
0.06096
0.0609877
0.0609244
0.0608745
0.0608464
0.0437055
0.0436747
0.0435906
0.0434997
0.0434882
0.0436293
0.0440184
0.044778
0.0460437
0.0479101
0.0499902
0.0516633
0.0528016
0.0534954
0.053863
0.0540097
0.0540184
0.053963
0.0539215
0.0538989
0.040041
0.0400166
0.0399529
0.0398851
0.0398758
0.0399789
0.0402648
0.0408246
0.041757
0.0431321
0.0446632
0.0458868
0.0467131
0.0472127
0.0474717
0.0475685
0.0475644
0.0475153
0.0474806
0.0474626
0.0360413
0.036022
0.0359727
0.0359203
0.035911
0.0359846
0.0361928
0.0366014
0.0372847
0.0382929
0.0394122
0.0403053
0.0409041
0.0412604
0.0414406
0.0415019
0.0414903
0.0414476
0.0414191
0.041405
0.0317913
0.031776
0.031737
0.0316948
0.0316839
0.0317339
0.0318827
0.0321789
0.0326767
0.0334117
0.0342272
0.034874
0.0353041
0.0355564
0.035679
0.0357155
0.0356993
0.0356619
0.035638
0.035627
0.0273538
0.0273417
0.0273103
0.0272755
0.0272633
0.0272954
0.0273996
0.0276111
0.0279696
0.0285008
0.0290873
0.0295509
0.0298558
0.0300314
0.0301137
0.030134
0.0301166
0.030085
0.0300652
0.0300565
0.0227767
0.0227669
0.0227414
0.0227123
0.0226994
0.0227183
0.0227889
0.0229374
0.0231909
0.0235675
0.0239843
0.0243115
0.0245242
0.0246437
0.0246963
0.0247047
0.024687
0.0246605
0.0246445
0.0246377
0.0180967
0.018089
0.0180683
0.0180439
0.0180306
0.0180394
0.0180848
0.0181849
0.018359
0.0186201
0.0189092
0.0191348
0.0192801
0.019359
0.0193898
0.0193895
0.0193711
0.0193476
0.0193341
0.0193291
0.0133401
0.013334
0.0133172
0.0132968
0.0132835
0.0132859
0.013313
0.0133766
0.0134901
0.0136619
0.0138518
0.0139996
0.0140928
0.0141413
0.014158
0.0141538
0.014137
0.0141169
0.0141059
0.0141021
0.00852688
0.00852237
0.00850971
0.00849393
0.00848267
0.00848118
0.0084953
0.00853214
0.00859934
0.00869988
0.00881156
0.00889655
0.00894855
0.00897474
0.00898184
0.00897572
0.0089619
0.00894649
0.00893787
0.00893509
0.00367214
0.00367062
0.00366664
0.00365781
0.00364894
0.00364337
0.00364379
0.00365281
0.00367285
0.00370638
0.00375094
0.00379227
0.00382054
0.00383649
0.00384231
0.00383985
0.00383243
0.00382268
0.00381565
0.00381251
-1.4983
-0.849999
-0.450347
-0.166148
0.0536056
0.225695
0.370511
0.499132
0.630627
0.610464
-0.586214
-0.360244
-0.137066
0.0458456
0.197927
0.324539
0.43071
0.51152
0.547833
0.553171
-0.199353
-0.0607392
0.0808666
0.204715
0.310839
0.400176
0.471635
0.522626
0.554818
0.570601
0.0511206
0.142806
0.238769
0.325289
0.400178
0.463079
0.513499
0.552186
0.580785
0.598429
0.229157
0.292849
0.360595
0.423
0.477637
0.524234
0.562918
0.594352
0.618709
0.636489
0.365949
0.412355
0.462519
0.509603
0.551939
0.588954
0.620627
0.647022
0.667442
0.685028
0.47747
0.513174
0.554757
0.593156
0.628569
0.660292
0.687803
0.710715
0.727864
0.745371
0.575934
0.607818
0.645084
0.680077
0.712467
0.741625
0.766834
0.787389
0.801894
0.819399
0.671892
0.705168
0.742411
0.777206
0.808796
0.836736
0.860401
0.879123
0.891742
0.909454
0.778882
0.816402
0.855333
0.890777
0.921768
0.948255
0.970131
0.987097
0.998803
1.01705
0.909887
0.950651
0.989035
1.0226
1.05107
1.07511
1.09511
1.11088
1.123
1.1415
1.07203
1.10926
1.14119
1.1681
1.19125
1.21209
1.23094
1.24729
1.26156
1.27962
1.25683
1.2824
1.30253
1.32143
1.33948
1.35644
1.37232
1.3885
1.40584
1.42499
1.44304
1.45488
1.4685
1.48355
1.49742
1.50958
1.52053
1.53209
1.5465
1.56512
1.62662
1.64119
1.64637
1.64694
1.64885
1.65633
1.67035
1.68839
1.70104
1.71456
1.89923
1.84492
1.79771
1.76624
1.75328
1.7579
1.78117
1.82593
1.89332
1.98883
0.329158
0.324527
0.317244
0.305504
0.292707
0.281435
0.27251
0.265882
0.261482
0.259523
0.260475
0.264088
0.269869
0.277817
0.288061
0.300382
0.313216
0.322931
0.328799
0.332153
0.250942
0.258126
0.264261
0.268668
0.270168
0.268669
0.265356
0.26173
0.25881
0.257372
0.258205
0.260872
0.26454
0.268384
0.27115
0.27134
0.26836
0.262995
0.255982
0.250069
0.241286
0.244441
0.248055
0.250924
0.2533
0.255103
0.255745
0.255198
0.254187
0.253604
0.254189
0.25554
0.256763
0.25701
0.255886
0.253843
0.251334
0.248103
0.244502
0.242155
0.235432
0.237022
0.239701
0.242446
0.244484
0.245921
0.247063
0.247935
0.248443
0.248794
0.249072
0.24919
0.248895
0.24815
0.247082
0.245523
0.243198
0.240372
0.238227
0.237171
0.230227
0.231171
0.23347
0.236209
0.238781
0.240932
0.242475
0.243499
0.244213
0.24471
0.24505
0.245076
0.244676
0.243735
0.242099
0.239865
0.237297
0.234691
0.233098
0.232603
0.227579
0.228062
0.229581
0.231475
0.233333
0.235115
0.236822
0.238303
0.239425
0.240205
0.240536
0.240339
0.239596
0.238403
0.236931
0.23531
0.233526
0.231794
0.230828
0.230634
0.226277
0.226535
0.227373
0.228507
0.229749
0.231102
0.232383
0.233631
0.234773
0.235676
0.236112
0.236001
0.235491
0.234695
0.233741
0.232641
0.231631
0.230688
0.230185
0.230084
0.224462
0.224602
0.225072
0.225798
0.226656
0.227679
0.228903
0.230152
0.231338
0.232358
0.232938
0.232977
0.232607
0.231987
0.231275
0.230634
0.230043
0.229543
0.229291
0.229234
0.221832
0.221908
0.222214
0.222737
0.223364
0.22403
0.224969
0.226025
0.227159
0.228264
0.229043
0.229362
0.229337
0.229098
0.22894
0.228606
0.228258
0.227964
0.227833
0.227803
0.218756
0.218803
0.219032
0.21947
0.220028
0.220748
0.221588
0.22261
0.223791
0.225052
0.226086
0.22669
0.226952
0.227027
0.226798
0.226677
0.226476
0.226301
0.226239
0.226225
0.215378
0.21541
0.215582
0.215927
0.216406
0.217038
0.217858
0.218907
0.220195
0.221668
0.22301
0.223932
0.224486
0.224784
0.224908
0.224917
0.224855
0.224793
0.224779
0.22477
0.211635
0.211667
0.211813
0.212112
0.212564
0.213196
0.214061
0.215213
0.216682
0.218464
0.220191
0.221478
0.222335
0.222876
0.22319
0.223355
0.223425
0.223455
0.223473
0.223465
0.207463
0.207499
0.207643
0.207936
0.208396
0.209075
0.21004
0.211369
0.213123
0.215316
0.217522
0.219234
0.220417
0.221217
0.221731
0.222046
0.22223
0.222332
0.222375
0.222367
0.202788
0.202825
0.202989
0.203312
0.203829
0.204609
0.205744
0.207336
0.209478
0.212206
0.214997
0.2172
0.218798
0.219883
0.220603
0.221065
0.22135
0.221513
0.221577
0.221568
0.197527
0.197571
0.197764
0.198146
0.198763
0.199702
0.201084
0.203042
0.205702
0.209119
0.212655
0.215493
0.217527
0.21894
0.219888
0.220505
0.220893
0.221115
0.221202
0.221191
0.191534
0.191589
0.19183
0.192302
0.193066
0.194232
0.195953
0.198402
0.201738
0.206037
0.210499
0.214083
0.216674
0.218477
0.219691
0.220487
0.220988
0.221275
0.221386
0.221373
0.184626
0.184697
0.185005
0.185605
0.186571
0.188044
0.19022
0.193316
0.197529
0.20295
0.208569
0.213079
0.21634
0.218611
0.220144
0.221151
0.221787
0.222151
0.222291
0.222274
0.176553
0.176647
0.177047
0.17782
0.179057
0.180938
0.183717
0.187665
0.193011
0.199854
0.206916
0.212566
0.216647
0.219487
0.221406
0.222668
0.223469
0.223928
0.224103
0.22408
0.166974
0.167099
0.167627
0.168634
0.170233
0.172673
0.176274
0.181323
0.188118
0.196759
0.205613
0.212662
0.217743
0.221278
0.223667
0.225242
0.226247
0.226824
0.227041
0.227011
0.155414
0.155588
0.156296
0.157627
0.159728
0.162935
0.167595
0.174107
0.182787
0.193693
0.204756
0.213512
0.21981
0.224189
0.227151
0.229108
0.230364
0.231091
0.231364
0.231325
0.141191
0.141439
0.142417
0.144211
0.147025
0.151274
0.157416
0.165882
0.176981
0.190714
0.204469
0.215284
0.223049
0.228456
0.232119
0.234543
0.236105
0.237015
0.237355
0.23731
0.12331
0.123685
0.125083
0.127567
0.131434
0.137214
0.145407
0.156468
0.17068
0.187909
0.204899
0.21816
0.227681
0.234335
0.238865
0.241873
0.243816
0.244957
0.245387
0.245333
0.100276
0.100884
0.102953
0.106522
0.112019
0.120056
0.131152
0.145728
0.16392
0.185406
0.206204
0.222317
0.233908
0.242072
0.24769
0.251458
0.25391
0.255362
0.25592
0.25585
0.0696629
0.070727
0.0739863
0.0794387
0.0876256
0.0991515
0.114437
0.13371
0.156876
0.183402
0.208556
0.227902
0.241881
0.251854
0.258844
0.263634
0.26681
0.268709
0.269428
0.26934
0.0269791
0.0291111
0.035029
0.0442252
0.0571626
0.0741935
0.0954083
0.120755
0.149911
0.182185
0.212133
0.235012
0.251652
0.263734
0.272439
0.27861
0.282873
0.285517
0.286498
0.286368
-0.0358578
-0.0297439
-0.0174569
-0.000731884
0.0204168
0.0456231
0.0747088
0.107478
0.143496
0.182027
0.217019
0.243584
0.263056
0.277478
0.288218
0.296208
0.302024
0.305864
0.307353
0.307042
-0.111034
-0.100246
-0.077445
-0.0496227
-0.0185276
0.015759
0.0533028
0.0939858
0.137456
0.183107
0.224248
0.25568
0.279171
0.297117
0.311061
0.322041
0.330781
0.336107
0.338109
0.338728
-0.186005
-0.16689
-0.134325
-0.0967072
-0.0562556
-0.0130931
0.0327573
0.0812486
0.132128
0.184894
0.232183
0.268401
0.295727
0.316949
0.333821
0.34744
0.358472
0.366109
0.370195
0.370924
-0.243798
-0.221438
-0.183127
-0.138528
-0.0905882
-0.0398832
0.0134262
0.06914
0.126923
0.186256
0.239039
0.279226
0.309384
0.332652
0.350958
0.365533
0.377145
0.38544
0.389745
0.390567
-0.290348
-0.266046
-0.223677
-0.174076
-0.120566
-0.063901
-0.00438311
0.0576014
0.121565
0.186794
0.244298
0.28763
0.31976
0.344206
0.363182
0.378116
0.389867
0.398332
0.402553
0.403413
-0.328533
-0.303518
-0.258255
-0.204755
-0.146884
-0.085393
-0.0206824
0.0467203
0.116141
0.186679
0.248482
0.294586
0.328338
0.353674
0.373068
0.388108
0.399784
0.408213
0.412357
0.413177
-0.361487
-0.336021
-0.288576
-0.231982
-0.170494
-0.104923
-0.0357573
0.0364234
0.110822
0.186301
0.252068
0.300669
0.335845
0.36191
0.381605
0.39671
0.408341
0.416703
0.420819
0.421582
-0.390758
-0.365026
-0.315945
-0.256814
-0.192309
-0.123237
-0.0501211
0.0263633
0.105298
0.185362
0.254948
0.306042
0.342664
0.3695
0.389552
0.404775
0.41639
0.42472
0.42881
0.429505
-0.417475
-0.391588
-0.341095
-0.279875
-0.212828
-0.140749
-0.0641995
0.0161311
0.0992964
0.183848
0.257308
0.311008
0.349196
0.376906
0.397391
0.412791
0.424451
0.43274
0.436829
0.43739
-0.442528
-0.416405
-0.36471
-0.301705
-0.232492
-0.157816
-0.078202
0.00566243
0.0928186
0.181747
0.259157
0.315658
0.355616
0.384367
0.405408
0.421062
0.432799
0.441087
0.445138
0.445564
-0.466277
-0.439919
-0.387192
-0.322691
-0.251569
-0.174593
-0.0922515
-0.00518189
0.0857024
0.178911
0.260431
0.320005
0.362014
0.39203
0.413788
0.429802
0.441678
0.449964
0.453998
0.45433
-0.489066
-0.462425
-0.408785
-0.343051
-0.270269
-0.191283
-0.106521
-0.0165441
0.0778448
0.175252
0.261027
0.323991
0.36839
0.399962
0.422646
0.439155
0.45125
0.459561
0.463574
0.463838
-0.51109
-0.484131
-0.429781
-0.362917
-0.288689
-0.207962
-0.121063
-0.0284533
0.0691903
0.170667
0.26081
0.327498
0.374665
0.40814
0.432017
0.449203
0.461631
0.470037
0.473967
0.474219
-0.532454
-0.505161
-0.450233
-0.382319
-0.306854
-0.224626
-0.135866
-0.0409194
0.0597078
0.165078
0.25964
0.33034
0.380685
0.416459
0.441863
0.459966
0.472878
0.481437
0.485293
0.485522
-0.553216
-0.525557
-0.47009
-0.401272
-0.324774
-0.241263
-0.150904
-0.0539208
0.0493932
0.158418
0.257367
0.332293
0.386232
0.424772
0.452103
0.471406
0.484987
0.493793
0.497557
0.497706
-0.573327
-0.545383
-0.489363
-0.419779
-0.342411
-0.25783
-0.166124
-0.0673968
0.0382767
0.150658
0.253839
0.333111
0.391045
0.432892
0.462622
0.483456
0.49787
0.506978
0.510658
0.51065
-0.592825
-0.564596
-0.507996
-0.437801
-0.359705
-0.27425
-0.181443
-0.0812669
0.0264364
0.141812
0.248968
0.332572
0.394764
0.440446
0.47318
0.496019
0.511491
0.520906
0.524425
0.524212
-0.611557
-0.583081
-0.525986
-0.455282
-0.376598
-0.290437
-0.19677
-0.095427
0.0139639
0.131916
0.242692
0.330463
0.396953
0.446875
0.483396
0.508982
0.525819
0.535366
0.538491
0.538058
-0.629624
-0.600805
-0.543324
-0.472174
-0.393019
-0.306323
-0.212002
-0.10976
0.00096371
0.121063
0.23498
0.326612
0.397245
0.45162
0.492732
0.522244
0.541203
0.550484
0.552494
0.55174
-0.646857
-0.617814
-0.559949
-0.488423
-0.408911
-0.32183
-0.227056
-0.124176
-0.0124315
0.109373
0.22588
0.320909
0.395364
0.454006
0.500288
0.535302
0.55833
0.567493
0.566295
0.564462
-0.663392
-0.634039
-0.575818
-0.503977
-0.424206
-0.336881
-0.241816
-0.138535
-0.0260805
0.0969856
0.215512
0.313304
0.391106
0.453351
0.504599
0.546498
0.577036
0.590151
0.584309
0.564551
-0.679111
-0.649503
-0.591052
-0.519012
-0.43917
-0.351788
-0.256686
-0.153304
-0.0405215
0.0833219
0.203241
0.303135
0.383833
0.448595
0.503431
0.552268
0.59342
0.615258
0.605979
0.619093
-0.694175
-0.664212
-0.605624
-0.533472
-0.453766
-0.36649
-0.271641
-0.168438
-0.0557297
0.0683357
0.188961
0.289975
0.37296
0.439036
0.493016
0.54435
0.585096
0.60992
0.558005
0.527829
-0.709197
-0.678514
-0.619262
-0.546989
-0.467606
-0.380602
-0.286491
-0.183674
-0.0713984
0.0523065
0.172796
0.273776
0.358119
0.425188
0.470976
0.513556
0.543443
0.524947
0.455022
0.405636
-0.725202
-0.692791
-0.631363
-0.559172
-0.480278
-0.393932
-0.300901
-0.198826
-0.0874073
0.035338
0.154813
0.254687
0.338526
0.408592
0.447002
0.458378
0.451915
0.396002
0.31368
0.264149
-0.362404
-0.264952
-0.159387
-0.043725
0.0776065
0.186724
0.273783
0.0907133
-0.735924
-0.718932
-0.683861
-0.622073
-0.54814
-0.466883
-0.378505
-0.282719
-0.178679
-0.0649198
0.0544158
0.161063
0.245525
0.313033
0.357741
0.31777
0.161577
0.0575132
-0.0250637
-0.751682
-0.739044
-0.697188
-0.634323
-0.560368
-0.479682
-0.392354
-0.297737
-0.195192
-0.0834284
0.0329796
0.135154
0.214072
0.268349
0.264848
0.141016
-0.0448968
-0.179837
-0.293605
-0.770032
-0.757753
-0.713278
-0.649627
-0.575785
-0.495531
-0.408807
-0.315283
-0.214446
-0.105069
0.00749025
0.103935
0.175169
0.214454
0.156004
-0.0470756
-0.269947
-0.444915
-0.603556
-0.787757
-0.775454
-0.729828
-0.665247
-0.59148
-0.511709
-0.425905
-0.333815
-0.234994
-0.128391
-0.0199846
0.0701228
0.132537
0.151642
0.036395
-0.239694
-0.514314
-0.756623
-0.9964
-0.804279
-0.79242
-0.746384
-0.681098
-0.607429
-0.528185
-0.443462
-0.353011
-0.256368
-0.15261
-0.0485077
0.0347921
0.0870789
0.0739203
-0.112201
-0.42498
-0.749392
-1.05243
-1.33781
-0.820131
-0.808872
-0.762946
-0.697483
-0.623981
-0.545298
-0.461639
-0.372877
-0.278492
-0.17774
-0.0782803
-0.00264257
0.0391601
-0.0187477
-0.261559
-0.58524
-0.932406
-1.25347
-1.46312
-1.6235
-0.83633
-0.825419
-0.779723
-0.714458
-0.641315
-0.563331
-0.480908
-0.394039
-0.302227
-0.204982
-0.11066
-0.0437105
-0.0155549
-0.116851
-0.407119
-0.721652
-1.04653
-1.31501
-1.40857
-1.44271
-0.852759
-0.842263
-0.79688
-0.731904
-0.659291
-0.582221
-0.50131
-0.416748
-0.328019
-0.234632
-0.145649
-0.0879488
-0.0782458
-0.220046
-0.546013
-0.838839
-1.11695
-1.33326
-1.39119
-1.38478
-0.869649
-0.859344
-0.814287
-0.749624
-0.677672
-0.601719
-0.522636
-0.440765
-0.355557
-0.266512
-0.183257
-0.13554
-0.147746
-0.340096
-0.68293
-0.950423
-1.17122
-1.32274
-1.34847
-1.3388
-0.886721
-0.87651
-0.831739
-0.767383
-0.696201
-0.621556
-0.544626
-0.465873
-0.384762
-0.300686
-0.223023
-0.18622
-0.225473
-0.478203
-0.827398
-1.07333
-1.15404
-1.22439
-1.28798
-1.31446
-0.903591
-0.893422
-0.848866
-0.784797
-0.714442
-0.641373
-0.566953
-0.491935
-0.415459
-0.337167
-0.264281
-0.237871
-0.309865
-0.637504
-0.998265
-1.26738
-1.23048
-1.2732
-1.36655
-1.40231
-0.919379
-0.909556
-0.865117
-0.801293
-0.731873
-0.660528
-0.589011
-0.518402
-0.447673
-0.376169
-0.306916
-0.287071
-0.39134
-0.815411
-1.24343
-1.63888
-1.70757
-1.61044
-1.61009
-1.61892
-0.933579
-0.924089
-0.879763
-0.816232
-0.747764
-0.678273
-0.610057
-0.544724
-0.482162
-0.418295
-0.351106
-0.332597
-0.466141
-0.970869
-1.53146
-1.9932
-2.09347
-1.92377
-1.88038
-1.87502
-0.945316
-0.935924
-0.891316
-0.828697
-0.761136
-0.693676
-0.629232
-0.5704
-0.518082
-0.46432
-0.399825
-0.379583
-0.522393
-1.07739
-1.65885
-2.10333
-2.22711
-2.1888
-2.13967
-2.1264
-0.953297
-0.943919
-0.899634
-0.837347
-0.770826
-0.705579
-0.645349
-0.594123
-0.554087
-0.517543
-0.464703
-0.442284
-0.592418
-1.14782
-1.73896
-2.3168
-2.60536
-2.67956
-2.55831
-2.45919
-0.956085
-0.946755
-0.902883
-0.840978
-0.775535
-0.712604
-0.656985
-0.614945
-0.592807
-0.586804
-0.571656
-0.553747
-0.702104
-1.18537
-1.77111
-2.41472
-2.83306
-2.9383
-2.80135
-2.62519
-0.952399
-0.942914
-0.899856
-0.838135
-0.77388
-0.713198
-0.662444
-0.631269
-0.635051
-0.687849
-0.772455
-0.787832
-0.83036
-1.07544
-1.43791
-1.89876
-2.24381
-2.2636
-2.06074
-1.86061
-0.940873
-0.931393
-0.888607
-0.827553
-0.764459
-0.705756
-0.659509
-0.640202
-0.678123
-0.83394
-1.10604
-1.17307
-0.949005
-0.802461
-0.648274
-0.522606
-0.454235
-0.322534
-0.140672
-0.00515383
-0.920048
-0.910654
-0.868214
-0.808249
-0.745984
-0.688616
-0.645687
-0.636568
-0.710907
-1.0075
-1.59241
-1.64507
-1.03608
-0.421836
0.280058
0.820698
1.22675
1.49363
1.62992
1.69321
-0.888937
-0.879708
-0.83788
-0.778999
-0.717399
-0.660338
-0.61842
-0.612852
-0.7082
-1.10341
-1.96653
-1.96955
-1.01044
-0.0991907
0.785392
1.42853
1.87775
2.1019
2.19045
2.21862
-0.847322
-0.83835
-0.797271
-0.739373
-0.678105
-0.619845
-0.574246
-0.56203
-0.644117
-1.00384
-1.77593
-1.61368
-0.689569
0.212524
0.956316
1.43992
1.74156
1.89868
1.97325
2.00181
-0.79446
-0.785867
-0.746121
-0.689647
-0.628678
-0.568325
-0.515656
-0.486165
-0.520249
-0.718597
-1.06794
-0.785518
-0.131918
0.512451
0.97911
1.27799
1.46258
1.57111
1.63365
1.65723
-0.72918
-0.720721
-0.685115
-0.630758
-0.57096
-0.509197
-0.449506
-0.399858
-0.376977
-0.406502
-0.42243
-0.137176
0.28322
0.659638
0.919094
1.09716
1.21642
1.29666
1.34659
1.36388
-0.653856
-0.646657
-0.613876
-0.564357
-0.507315
-0.446071
-0.38238
-0.318398
-0.256792
-0.191125
-0.0689567
0.147656
0.412434
0.634071
0.793252
0.909385
0.993909
1.05461
1.09308
1.1123
-0.568611
-0.564605
-0.536827
-0.491328
-0.439145
-0.381375
-0.318173
-0.249041
-0.171412
-0.0744135
0.0641632
0.235805
0.402407
0.539182
0.642299
0.719951
0.779215
0.823761
0.852922
0.865658
-0.461773
-0.459371
-0.441941
-0.406893
-0.363876
-0.314714
-0.258497
-0.193908
-0.117969
-0.0226475
0.101527
0.238297
0.359643
0.457479
0.531561
0.5863
0.625984
0.654607
0.674669
0.683559
-0.353283
-0.353
-0.342722
-0.317866
-0.285842
-0.247517
-0.201599
-0.146488
-0.0792659
0.005672
0.111498
0.220639
0.312749
0.385157
0.438889
0.477346
0.504039
0.521688
0.531867
0.535623
-0.250928
-0.251176
-0.24573
-0.230481
-0.208841
-0.181353
-0.146586
-0.102641
-0.0467872
0.0247236
0.1123
0.198788
0.269147
0.322972
0.361936
0.388848
0.406561
0.417508
0.423452
0.42543
-0.158704
-0.159535
-0.157298
-0.149499
-0.137063
-0.119519
-0.0952744
-0.0623568
-0.018423
0.0392572
0.109772
0.178099
0.232179
0.272422
0.300769
0.319713
0.331536
0.338252
0.341477
0.342322
-0.0835284
-0.0843619
-0.0845984
-0.0827457
-0.0774397
-0.0675381
-0.0516043
-0.0279269
0.00545509
0.0506804
0.106319
0.159615
0.20094
0.231116
0.251765
0.264989
0.272865
0.277053
0.278817
0.279162
-0.0299457
-0.0306425
-0.0319615
-0.0332771
-0.0323828
-0.027612
-0.0176559
-0.00104579
0.0238493
0.0585411
0.101653
0.142802
0.174259
0.196685
0.211716
0.221196
0.226617
0.229244
0.230204
0.230326
0.00451738
0.00400971
0.00260533
0.000623505
-2.46987e-05
0.00191272
0.00776089
0.0190571
0.037265
0.0635787
0.096685
0.128129
0.151925
0.168757
0.179856
0.186556
0.19017
0.191771
0.192225
0.192221
0.0254527
0.0251132
0.0240287
0.0223153
0.0214264
0.0224184
0.0262131
0.0339652
0.0470665
0.0666964
0.0918269
0.115814
0.133815
0.146251
0.154205
0.158922
0.161371
0.162308
0.162449
0.162387
0.0379384
0.0377062
0.0369834
0.0357746
0.0350313
0.0355458
0.0381499
0.0437915
0.0534616
0.06808
0.0869594
0.104992
0.118388
0.127593
0.133463
0.136837
0.138468
0.138989
0.138975
0.138898
0.0454332
0.0452714
0.0448046
0.0440014
0.0435038
0.0438569
0.0456421
0.0496401
0.0567353
0.0676691
0.0818502
0.0954097
0.105468
0.112306
0.11656
0.118937
0.120038
0.120329
0.120258
0.120184
0.0497046
0.0495905
0.0492737
0.0487205
0.048383
0.0486676
0.0500066
0.052953
0.0581632
0.0662498
0.076866
0.0869924
0.0944642
0.0994816
0.102575
0.104271
0.105014
0.105165
0.105072
0.105005
0.0516251
0.051544
0.0513158
0.0509068
0.0506516
0.0508474
0.0518179
0.0539882
0.0578599
0.0638906
0.0717826
0.0793332
0.0848706
0.0885754
0.090826
0.0920294
0.0925282
0.0925958
0.0924993
0.0924416
0.0517503
0.0516915
0.0515274
0.0512262
0.0510375
0.0511833
0.051899
0.0534963
0.0563522
0.0608237
0.0667051
0.0723186
0.0764178
0.0791345
0.0807638
0.0816158
0.0819471
0.0819641
0.0818725
0.0818234
0.050531
0.0504871
0.050369
0.0501487
0.0500099
0.0501178
0.0506473
0.051832
0.0539524
0.0572673
0.0616321
0.0657857
0.0688102
0.0707988
0.0719782
0.0725795
0.0727965
0.0727849
0.0727025
0.0726613
0.048321
0.0482871
0.0482012
0.0480416
0.0479421
0.0480243
0.0484172
0.0492934
0.0508616
0.0533175
0.0565531
0.0596239
0.0618518
0.063305
0.0641552
0.0645771
0.0647165
0.0646903
0.0646187
0.0645843
0.0453899
0.0453633
0.0452998
0.0451843
0.0451136
0.0451767
0.0454688
0.0461176
0.0472773
0.0490937
0.0514835
0.0537483
0.0553834
0.0564414
0.0570524
0.0573473
0.0574346
0.057402
0.0573407
0.0573122
0.041932
0.0419111
0.0418629
0.0417774
0.0417253
0.0417719
0.0419874
0.0424659
0.0433215
0.044662
0.0464245
0.0480913
0.0492861
0.0500525
0.0504893
0.0506934
0.0507457
0.0507112
0.0506589
0.0506354
0.0380859
0.0380696
0.0380321
0.0379667
0.0379262
0.0379587
0.0381157
0.0384668
0.039096
0.0400819
0.0413758
0.0425961
0.0434655
0.0440197
0.0443297
0.0444695
0.0444984
0.0444647
0.0444204
0.0444009
0.0339499
0.0339371
0.0339074
0.0338563
0.0338235
0.0338445
0.0339568
0.0342115
0.0346704
0.0353905
0.0363363
0.0372262
0.037857
0.0382543
0.0384719
0.0385646
0.0385774
0.0385461
0.0385094
0.0384932
0.0295974
0.0295873
0.0295636
0.0295227
0.0294949
0.0295062
0.0295842
0.0297663
0.030098
0.0306212
0.0313078
0.0319515
0.0324042
0.0326855
0.0328358
0.0328957
0.0328979
0.032869
0.0328383
0.0328251
0.0250838
0.0250759
0.0250569
0.0250238
0.0249992
0.0250025
0.0250544
0.0251825
0.0254188
0.0257931
0.0262848
0.0267439
0.0270645
0.027261
0.0273633
0.0274008
0.0273965
0.0273702
0.0273445
0.027334
0.0204506
0.0204446
0.0204293
0.020402
0.0203802
0.0203784
0.0204114
0.0204983
0.0206625
0.020925
0.0212707
0.0215931
0.0218164
0.0219508
0.0220176
0.0220375
0.0220284
0.0220047
0.0219832
0.0219746
0.0157281
0.0157235
0.0157113
0.0156893
0.0156704
0.0156653
0.015684
0.0157398
0.0158492
0.0160261
0.0162608
0.016479
0.016629
0.0167172
0.0167579
0.0167666
0.0167555
0.0167349
0.0167171
0.0167101
0.010941
0.0109377
0.0109283
0.0109105
0.0108942
0.0108871
0.0108959
0.0109293
0.0109973
0.0111086
0.0112564
0.0113933
0.0114854
0.0115377
0.01156
0.0115617
0.0115504
0.0115332
0.0115194
0.0115143
0.00610521
0.00610305
0.00609621
0.00608348
0.00607216
0.0060662
0.00606884
0.00608495
0.00611982
0.00617774
0.00625391
0.00632419
0.0063709
0.00639707
0.00640774
0.00640631
0.00639694
0.00638328
0.00637221
0.00636886
0.00367124
0.00366938
0.00366254
0.00365313
0.00364566
0.00364267
0.00364708
0.00366128
0.00368778
0.00372854
0.00377338
0.00380806
0.00382988
0.00384062
0.00384195
0.00383664
0.00382757
0.00381853
0.0038141
0.00126438
-1.18387
-0.735902
-0.413943
-0.159467
0.0430307
0.20768
0.343711
0.461508
0.545617
0.548475
-0.508098
-0.288148
-0.102597
0.0596232
0.197316
0.313866
0.411239
0.487054
0.535018
0.554844
-0.139957
-0.0100922
0.109534
0.219257
0.315123
0.396975
0.464217
0.515594
0.5525
0.575212
0.0952542
0.180709
0.263371
0.34098
0.409261
0.467902
0.516666
0.555674
0.586391
0.60661
0.264305
0.321816
0.384684
0.441019
0.491864
0.536249
0.574218
0.605844
0.631617
0.648506
0.396211
0.438555
0.487112
0.530844
0.571094
0.607264
0.638949
0.665835
0.687742
0.70156
0.504931
0.541274
0.580325
0.618059
0.652982
0.684907
0.7132
0.737162
0.756186
0.767491
0.603544
0.637608
0.673863
0.709982
0.743291
0.773534
0.800091
0.8222
0.838978
0.848573
0.703077
0.739685
0.777398
0.814544
0.847932
0.877333
0.902483
0.92291
0.937936
0.947108
0.818651
0.860275
0.900091
0.937663
0.970267
0.997984
1.02112
1.0397
1.05355
1.06391
0.964015
1.00755
1.04563
1.07938
1.10771
1.13188
1.15287
1.17052
1.18472
1.19711
1.14292
1.18023
1.2086
1.23295
1.25432
1.27393
1.29237
1.30964
1.32596
1.34142
1.34093
1.36049
1.37639
1.39275
1.40954
1.42512
1.43885
1.45209
1.4677
1.48566
1.53026
1.53807
1.55006
1.56183
1.57176
1.58103
1.59145
1.60289
1.61427
1.6216
1.74941
1.74768
1.73961
1.72265
1.71138
1.71089
1.72306
1.74795
1.78166
1.80928
2.15794
1.97112
1.86962
1.81236
1.78334
1.7767
1.79204
1.83267
1.90846
2.05478
-0.708926
-0.710781
-0.672615
-0.608783
-0.534497
-0.452224
0.350571
0.422101
0.418581
0.346568
0.270322
0.189044
-0.107433
-0.40912
-0.774468
-1.27198
-1.91317
)
;

boundaryField
{
    wall-4
    {
        type            zeroGradient;
    }
    pressure-outlet-7
    {
        type            fixedValue;
        value           uniform 0;
    }
    velocity-inlet-6
    {
        type            zeroGradient;
    }
    velocity-inlet-5
    {
        type            zeroGradient;
    }
    frontAndBackPlanes
    {
        type            empty;
    }
}


// ************************************************************************* //
