/*--------------------------------*- C++ -*----------------------------------*\
  =========                 |
  \\      /  F ield         | OpenFOAM: The Open Source CFD Toolbox
   \\    /   O peration     | Website:  https://openfoam.org
    \\  /    A nd           | Version:  9
     \\/     M anipulation  |
\*---------------------------------------------------------------------------*/
FoamFile
{
    format      ascii;
    class       volVectorField;
    location    "2";
    object      U;
}
// * * * * * * * * * * * * * * * * * * * * * * * * * * * * * * * * * * * * * //

dimensions      [0 1 -1 0 0 0 0];

internalField   nonuniform List<vector> 
2200
(
(0.836905 -0.0264527 0)
(0.971901 -0.042172 0)
(0.978567 -0.029499 0)
(0.974863 -0.0225341 0)
(0.971766 -0.0165504 0)
(0.969718 -0.0118849 0)
(0.968436 -0.00830586 0)
(0.967663 -0.00546846 0)
(0.967213 -0.00307961 0)
(0.966986 -0.000869732 0)
(0.966971 0.00129958 0)
(0.967181 0.00346564 0)
(0.967617 0.0057971 0)
(0.968382 0.0085739 0)
(0.969658 0.0120939 0)
(0.971704 0.0167077 0)
(0.974801 0.0226479 0)
(0.978506 0.0295795 0)
(0.971836 0.042215 0)
(0.836862 0.0264616 0)
(0.789657 -0.0127801 0)
(1.00554 -0.027715 0)
(1.0149 -0.0220227 0)
(1.00811 -0.0215732 0)
(1.00192 -0.0186529 0)
(0.997514 -0.0151863 0)
(0.994535 -0.0115008 0)
(0.992626 -0.00791086 0)
(0.991486 -0.00452237 0)
(0.99092 -0.00120098 0)
(0.990892 0.00204635 0)
(0.99144 0.00523412 0)
(0.992568 0.00851317 0)
(0.994463 0.0119856 0)
(0.997435 0.0155643 0)
(1.00184 0.0189324 0)
(1.00804 0.0217586 0)
(1.01481 0.0221411 0)
(1.00542 0.027753 0)
(0.789523 0.0127906 0)
(0.75697 -0.00773894 0)
(1.02606 -0.0132156 0)
(1.04767 -0.01167 0)
(1.04502 -0.0120423 0)
(1.0412 -0.0113644 0)
(1.03765 -0.0102561 0)
(1.03458 -0.00858072 0)
(1.03216 -0.00639749 0)
(1.03046 -0.00379628 0)
(1.02951 -0.000854759 0)
(1.02935 0.0022588 0)
(1.03019 0.00510607 0)
(1.0318 0.00752909 0)
(1.03416 0.00951698 0)
(1.03718 0.0109837 0)
(1.04069 0.0118987 0)
(1.04448 0.0124069 0)
(1.04713 0.0119108 0)
(1.02552 0.0133654 0)
(0.756655 0.00778305 0)
(0.70627 -0.00269354 0)
(1.00726 -0.00712713 0)
(1.03151 -0.00710444 0)
(1.0299 -0.00841311 0)
(1.027 -0.00861371 0)
(1.02413 -0.00823318 0)
(1.02147 -0.00718427 0)
(1.01922 -0.00553595 0)
(1.01753 -0.00333252 0)
(1.01653 -0.000729719 0)
(1.01643 0.0021312 0)
(1.01728 0.00475481 0)
(1.01887 0.00677326 0)
(1.02105 0.00822404 0)
(1.02366 0.00907132 0)
(1.02649 0.00926918 0)
(1.02936 0.00889304 0)
(1.03102 0.00744529 0)
(1.00682 0.00734611 0)
(0.705762 0.0027853 0)
(0.694975 0.000379076 0)
(0.989291 -0.000413485 0)
(1.01371 -0.0015492 0)
(1.01367 -0.00273609 0)
(1.01233 -0.00345753 0)
(1.01075 -0.00375998 0)
(1.00906 -0.00355714 0)
(1.00742 -0.00283198 0)
(1.00599 -0.00158746 0)
(1.00499 5.49234e-05 0)
(1.00493 0.00189251 0)
(1.00548 0.00347266 0)
(1.0066 0.00445325 0)
(1.00803 0.00490167 0)
(1.00958 0.00484203 0)
(1.01108 0.00431162 0)
(1.01238 0.00339653 0)
(1.0124 0.0020255 0)
(0.987785 0.000647367 0)
(0.693373 -0.000334582 0)
(0.698101 0.000146034 0)
(0.990575 -0.00011699 0)
(1.01492 -0.000770803 0)
(1.01532 -0.00144909 0)
(1.01451 -0.00201781 0)
(1.0134 -0.00235953 0)
(1.0121 -0.00234002 0)
(1.01074 -0.00188696 0)
(1.00949 -0.000968335 0)
(1.00855 0.000370344 0)
(1.00847 0.00183059 0)
(1.00891 0.00299519 0)
(1.00981 0.00363748 0)
(1.01092 0.00377232 0)
(1.01204 0.00346261 0)
(1.01305 0.00282655 0)
(1.0138 0.00201498 0)
(1.01329 0.00113043 0)
(0.988639 0.000304147 0)
(0.696209 -0.0001099 0)
(0.699243 -5.53682e-05 0)
(0.991526 -0.00019902 0)
(1.01597 -0.000384446 0)
(1.01674 -0.00055916 0)
(1.01647 -0.000718768 0)
(1.01601 -0.000827298 0)
(1.01536 -0.000839011 0)
(1.0145 -0.000546163 0)
(1.01358 5.95012e-05 0)
(1.01278 0.000963701 0)
(1.01249 0.0019582 0)
(1.01252 0.00253314 0)
(1.01284 0.00271104 0)
(1.01328 0.00257376 0)
(1.01371 0.00222654 0)
(1.01406 0.00176864 0)
(1.01428 0.00128074 0)
(1.01343 0.000820206 0)
(0.98879 0.000383992 0)
(0.696949 9.17613e-05 0)
(0.698614 -2.92201e-05 0)
(0.990972 -0.000111573 0)
(1.01544 -0.000172479 0)
(1.01624 -0.000217259 0)
(1.01601 -0.000230861 0)
(1.01563 -0.000170488 0)
(1.01511 4.12649e-05 0)
(1.01447 0.000349017 0)
(1.01371 0.000841522 0)
(1.01296 0.00151924 0)
(1.01248 0.0020866 0)
(1.01235 0.00241539 0)
(1.01251 0.00243942 0)
(1.01276 0.00224966 0)
(1.01301 0.00191474 0)
(1.0132 0.00151293 0)
(1.0133 0.00109998 0)
(1.01236 0.000714188 0)
(0.987725 0.000360085 0)
(0.695965 9.77084e-05 0)
(0.698425 2.56871e-05 0)
(0.990734 5.84686e-05 0)
(1.01524 0.000118314 0)
(1.01606 0.000198868 0)
(1.01588 0.000315543 0)
(1.0156 0.000490918 0)
(1.01518 0.000742151 0)
(1.0146 0.00109096 0)
(1.01389 0.00153951 0)
(1.01309 0.00206816 0)
(1.01246 0.00243454 0)
(1.01208 0.00252935 0)
(1.01192 0.00239814 0)
(1.01189 0.00210045 0)
(1.01191 0.00172455 0)
(1.01194 0.00132606 0)
(1.01194 0.000942671 0)
(1.01096 0.000594887 0)
(0.98634 0.000288441 0)
(0.694926 7.34554e-05 0)
(0.698682 5.40726e-05 0)
(0.990969 0.000152601 0)
(1.01553 0.000296976 0)
(1.01645 0.000493089 0)
(1.01632 0.000738392 0)
(1.01606 0.00102658 0)
(1.01565 0.00137822 0)
(1.01509 0.00179374 0)
(1.01434 0.00225534 0)
(1.01344 0.00270625 0)
(1.01259 0.00295668 0)
(1.01198 0.00289193 0)
(1.01161 0.00261034 0)
(1.0114 0.00220799 0)
(1.01128 0.00176656 0)
(1.01122 0.00133459 0)
(1.01116 0.000939786 0)
(1.01014 0.000593075 0)
(0.985521 0.00029336 0)
(0.694337 7.96369e-05 0)
(0.699275 8.3415e-05 0)
(0.991641 0.000267432 0)
(1.01622 0.000520365 0)
(1.01712 0.00081364 0)
(1.01697 0.00115744 0)
(1.01669 0.00156024 0)
(1.01626 0.00202474 0)
(1.01565 0.00253705 0)
(1.01481 0.00305635 0)
(1.01374 0.00348891 0)
(1.01263 0.00364462 0)
(1.01176 0.0034478 0)
(1.01117 0.00303088 0)
(1.01079 0.00251947 0)
(1.01055 0.00199378 0)
(1.0104 0.00149868 0)
(1.01029 0.00105544 0)
(1.00924 0.000669535 0)
(0.984612 0.000336076 0)
(0.69364 9.44155e-05 0)
(0.700022 0.000109767 0)
(0.992551 0.000368769 0)
(1.01711 0.000717153 0)
(1.01799 0.00112243 0)
(1.01782 0.0015947 0)
(1.01751 0.00213797 0)
(1.01702 0.00274557 0)
(1.01631 0.00339036 0)
(1.0153 0.00400866 0)
(1.01399 0.00446881 0)
(1.01256 0.00455781 0)
(1.01138 0.00423152 0)
(1.01055 0.00366858 0)
(1.00999 0.00302127 0)
(1.00963 0.00237682 0)
(1.0094 0.00178104 0)
(1.00924 0.00125323 0)
(1.00817 0.00079599 0)
(0.983526 0.000400966 0)
(0.692794 0.00011384 0)
(0.701021 0.000143531 0)
(0.993761 0.000484077 0)
(1.01831 0.000943157 0)
(1.01916 0.00148017 0)
(1.01896 0.00210415 0)
(1.01858 0.00281654 0)
(1.01799 0.00360295 0)
(1.01712 0.00442123 0)
(1.01589 0.0051816 0)
(1.01424 0.00570852 0)
(1.0124 0.00574945 0)
(1.01085 0.00528359 0)
(1.00975 0.00454755 0)
(1.00899 0.00372711 0)
(1.0085 0.00292311 0)
(1.00818 0.00218638 0)
(1.00797 0.00153699 0)
(1.00687 0.000975846 0)
(0.982208 0.0004916 0)
(0.691765 0.000139893 0)
(0.702329 0.000185817 0)
(0.99535 0.00062844 0)
(1.01989 0.00122515 0)
(1.02071 0.00192373 0)
(1.02045 0.00273316 0)
(1.01998 0.0036539 0)
(1.01924 0.004664 0)
(1.01815 0.00570442 0)
(1.01659 0.00665426 0)
(1.0145 0.00728423 0)
(1.01215 0.00728527 0)
(1.01016 0.00665597 0)
(1.00872 0.00570505 0)
(1.00774 0.00466277 0)
(1.00709 0.0036505 0)
(1.00668 0.0027278 0)
(1.00641 0.001917 0)
(1.00526 0.00121753 0)
(0.980582 0.000613898 0)
(0.690494 0.000175321 0)
(0.704017 0.000239682 0)
(0.997402 0.000811042 0)
(1.02193 0.00158093 0)
(1.02271 0.00248284 0)
(1.02237 0.00352611 0)
(1.02177 0.00471026 0)
(1.02084 0.00600408 0)
(1.01945 0.00732802 0)
(1.01747 0.00852281 0)
(1.01481 0.00929222 0)
(1.01181 0.00925279 0)
(1.00926 0.00842267 0)
(1.00742 0.00720086 0)
(1.00615 0.00587504 0)
(1.00531 0.00459429 0)
(1.00478 0.00343056 0)
(1.00444 0.00240989 0)
(1.00325 0.00153034 0)
(0.978542 0.000771583 0)
(0.688898 0.000220436 0)
(0.706199 0.000309617 0)
(1.00005 0.00104611 0)
(1.02456 0.0020367 0)
(1.02529 0.00319738 0)
(1.02484 0.00453804 0)
(1.02408 0.00605747 0)
(1.02288 0.00771294 0)
(1.0211 0.00939849 0)
(1.01857 0.0109057 0)
(1.01517 0.0118534 0)
(1.01135 0.0117639 0)
(1.00809 0.0106795 0)
(1.00575 0.00911356 0)
(1.00413 0.00742652 0)
(1.00306 0.00580301 0)
(1.00239 0.00433102 0)
(1.00196 0.00304161 0)
(1.00071 0.00193119 0)
(0.97597 0.000973578 0)
(0.686887 0.000278093 0)
(0.709014 0.000400061 0)
(1.00347 0.00135043 0)
(1.02796 0.00262638 0)
(1.0286 0.0041216 0)
(1.02802 0.00584515 0)
(1.02703 0.00779441 0)
(1.02549 0.00991127 0)
(1.02319 0.0120555 0)
(1.01994 0.0139554 0)
(1.0156 0.0151221 0)
(1.01073 0.0149611 0)
(1.0066 0.0135492 0)
(1.00362 0.0115442 0)
(1.00157 0.00939762 0)
(1.00022 0.00733833 0)
(0.99936 0.00547442 0)
(0.998819 0.00384328 0)
(0.997506 0.00243942 0)
(0.972722 0.00122927 0)
(0.684349 0.000351038 0)
(0.712658 0.000519237 0)
(1.00787 0.00174735 0)
(1.03233 0.00339197 0)
(1.03287 0.00532029 0)
(1.03211 0.00753905 0)
(1.03082 0.010043 0)
(1.02881 0.0127518 0)
(1.02584 0.0154782 0)
(1.02166 0.0178671 0)
(1.01609 0.0192934 0)
(1.0099 0.0190234 0)
(1.00467 0.0171857 0)
(1.00091 0.0146206 0)
(0.998321 0.0118911 0)
(0.996614 0.00928031 0)
(0.995532 0.00692101 0)
(0.994856 0.00485797 0)
(0.993457 0.00308289 0)
(0.96862 0.00155288 0)
(0.681147 0.000443009 0)
(0.717397 0.000677725 0)
(1.01358 0.00227303 0)
(1.038 0.00440158 0)
(1.03839 0.00689712 0)
(1.03737 0.00975949 0)
(1.03568 0.0129798 0)
(1.03305 0.016446 0)
(1.02918 0.0199057 0)
(1.02377 0.0228936 0)
(1.01665 0.0246136 0)
(1.00879 0.0241724 0)
(1.00219 0.0217786 0)
(0.997454 0.0184998 0)
(0.994201 0.0150324 0)
(0.992053 0.0117248 0)
(0.990691 0.00873995 0)
(0.989846 0.00613221 0)
(0.98834 0.0038898 0)
(0.963439 0.00195824 0)
(0.677108 0.000558077 0)
(0.723605 0.00089112 0)
(1.02102 0.00297128 0)
(1.04537 0.00573871 0)
(1.04557 0.00898326 0)
(1.04419 0.0126928 0)
(1.04193 0.0168471 0)
(1.03845 0.0212846 0)
(1.03338 0.0256602 0)
(1.02636 0.0293634 0)
(1.01724 0.031391 0)
(1.00731 0.030679 0)
(0.999016 0.0275588 0)
(0.993076 0.0233762 0)
(0.988995 0.0189821 0)
(0.986296 0.0148007 0)
(0.984583 0.0110307 0)
(0.983524 0.00773796 0)
(0.981882 0.00490707 0)
(0.956901 0.00246856 0)
(0.672016 0.000702944 0)
(0.731779 0.00118985 0)
(1.03073 0.00394578 0)
(1.05498 0.0075671 0)
(1.05488 0.0118178 0)
(1.05301 0.0166425 0)
(1.04995 0.0220118 0)
(1.04529 0.0276832 0)
(1.03858 0.0331792 0)
(1.02946 0.0377008 0)
(1.0178 0.0400046 0)
(1.0053 0.0388652 0)
(0.994941 0.0348001 0)
(0.987526 0.0294833 0)
(0.98242 0.0239348 0)
(0.979034 0.018664 0)
(0.976879 0.0139126 0)
(0.975552 0.009762 0)
(0.973741 0.0061912 0)
(0.948662 0.00311596 0)
(0.665607 0.000886317 0)
(0.742905 0.00159848 0)
(1.04381 0.00520286 0)
(1.06787 0.0100423 0)
(1.06726 0.015658 0)
(1.06459 0.0220138 0)
(1.06031 0.0289935 0)
(1.05395 0.0362285 0)
(1.04499 0.043053 0)
(1.0331 0.0484441 0)
(1.01826 0.0509099 0)
(1.00264 0.0491077 0)
(0.989794 0.0438241 0)
(0.980588 0.037105 0)
(0.974208 0.030139 0)
(0.969938 0.0235205 0)
(0.967192 0.0175399 0)
(0.965488 0.0123029 0)
(0.963428 0.00779754 0)
(0.938214 0.00390823 0)
(0.657474 0.00111254 0)
(0.757626 0.00230569 0)
(1.06097 0.00756468 0)
(1.0847 0.013893 0)
(1.08337 0.0214664 0)
(1.07946 0.0297832 0)
(1.07337 0.038781 0)
(1.06454 0.0478557 0)
(1.05251 0.0561075 0)
(1.03704 0.0622689 0)
(1.01828 0.064622 0)
(0.998944 0.0618018 0)
(0.98317 0.0549728 0)
(0.971833 0.0465698 0)
(0.963902 0.0379237 0)
(0.958527 0.0297006 0)
(0.955029 0.0222373 0)
(0.952852 0.01567 0)
(0.950506 0.00997373 0)
(0.925128 0.00508863 0)
(0.647378 0.00144663 0)
(0.780599 0.00334372 0)
(1.08589 0.00958429 0)
(1.1085 0.0192355 0)
(1.10544 0.0294802 0)
(1.09921 0.0407925 0)
(1.09011 0.0524594 0)
(1.07762 0.0636832 0)
(1.06139 0.0733286 0)
(1.04136 0.0799574 0)
(1.01788 0.0817401 0)
(0.994264 0.0774268 0)
(0.975172 0.0686637 0)
(0.961351 0.0582754 0)
(0.951507 0.0476717 0)
(0.944641 0.0375373 0)
(0.939985 0.0282249 0)
(0.936912 0.0198936 0)
(0.933854 0.0126145 0)
(0.907964 0.00612448 0)
(0.633461 0.00180374 0)
(0.808179 0.00601069 0)
(1.11812 0.0193763 0)
(1.13985 0.0304967 0)
(1.13367 0.0447766 0)
(1.12357 0.0589424 0)
(1.10984 0.0730011 0)
(1.09217 0.0858355 0)
(1.07046 0.0961209 0)
(1.04488 0.102342 0)
(1.01597 0.102669 0)
(0.987555 0.0961597 0)
(0.96473 0.0850517 0)
(0.948122 0.0724741 0)
(0.936075 0.0598304 0)
(0.927429 0.0477782 0)
(0.92136 0.0366684 0)
(0.917226 0.0266451 0)
(0.913392 0.0176421 0)
(0.887528 0.00989667 0)
(0.619364 0.00271241 0)
(0.883973 0.0134467 0)
(1.1695 0.025577 0)
(1.18263 0.0483354 0)
(1.16999 0.0678582 0)
(1.15342 0.0856859 1.21408e-33)
(1.13285 0.102058 -5.23705e-34)
(1.10829 0.115754 0)
(1.07983 0.125636 0)
(1.04784 0.130364 0)
(1.01295 0.128262 0)
(0.979626 0.118791 0)
(0.953136 0.104881 0)
(0.933621 0.0899336 0)
(0.919076 0.0751662 0)
(0.908164 0.0610519 0)
(0.899966 0.0477717 0)
(0.893785 0.0354175 0)
(0.887663 0.0236296 0)
(0.8558 0.0119181 0)
(0.585873 0.00507647 0)
(0.934594 0.0370128 9.67657e-20)
(1.23309 0.0567259 -7.44892e-20)
(1.23304 0.0893857 0)
(1.21081 0.108709 5.51853e-20)
(1.18516 0.127121 -4.4581e-20)
(1.15611 0.143247 5.52529e-34)
(1.1236 0.155743 0)
(1.08766 0.163672 2.67858e-20)
(1.04857 0.165771 -8.60887e-20)
(1.00691 0.160443 1.72242e-20)
(0.967648 0.147618 0)
(0.936344 0.130899 -3.99742e-20)
(0.912794 0.1138 -4.71708e-20)
(0.894544 0.0973849 8.24005e-20)
(0.880006 0.0820515 -6.45436e-20)
(0.868126 0.0679613 0)
(0.858152 0.0552459 -2.29054e-20)
(0.848404 0.0442263 0)
(0.816799 0.0313901 -1.28066e-19)
(0.558342 0.0188589 1.4991e-19)
(0.966605 0.0867031 -1.51538e-20)
(1.27884 0.128911 2.52305e-19)
(1.27814 0.153682 -2.25682e-20)
(1.24748 0.165849 -1.56355e-19)
(1.21275 0.181676 -9.44187e-20)
(1.17532 0.194784 1.52564e-19)
(1.13492 0.204534 0)
(1.09147 0.209737 0)
(1.04518 0.208934 1.37105e-19)
(0.996522 0.200476 0)
(0.950724 0.184688 1.46555e-19)
(0.913991 0.165843 4.28796e-20)
(0.886099 0.147681 9.53176e-22)
(0.864103 0.13119 -8.82159e-20)
(0.846201 0.116663 0)
(0.831272 0.104134 0)
(0.818582 0.0934068 -3.72765e-19)
(0.806685 0.0845562 9.41303e-19)
(0.777064 0.0758601 -5.56753e-19)
(0.536111 0.0468142 -6.54468e-19)
(0.982202 0.139555 -1.83201e-19)
(1.31123 0.215193 7.00584e-20)
(1.30991 0.225264 3.20485e-20)
(1.27327 0.234871 2.77591e-19)
(1.23259 0.245474 1.33722e-20)
(1.18897 0.253524 -4.02944e-19)
(1.14215 0.258944 1.32586e-19)
(1.09224 0.260212 0)
(1.03956 0.255643 -2.90406e-19)
(0.984647 0.24346 2.41263e-19)
(0.933249 0.224362 -3.92821e-19)
(0.892245 0.203274 1.8089e-19)
(0.861323 0.184036 -1.09997e-19)
(0.837152 0.167353 2.52264e-19)
(0.817756 0.153245 0)
(0.801912 0.141516 -8.89815e-20)
(0.788798 0.13182 0)
(0.777038 0.122971 5.0652e-19)
(0.747958 0.11614 -1.20132e-18)
(0.519577 0.0739424 7.42256e-19)
(0.991677 0.192172 6.58897e-19)
(1.32884 0.294019 -2.97407e-19)
(1.32772 0.295813 -5.9046e-20)
(1.28761 0.305426 0)
(1.24395 0.311314 -1.9808e-19)
(1.19642 0.314971 2.41153e-19)
(1.14491 0.316159 -1.4197e-19)
(1.08978 0.313272 0)
(1.03158 0.304574 2.06461e-19)
(0.971117 0.288212 -1.70681e-19)
(0.914908 0.265304 3.33207e-19)
(0.870579 0.241479 0)
(0.837632 0.22063 -2.32093e-19)
(0.812309 0.203102 1.33897e-19)
(0.79237 0.188633 3.22441e-19)
(0.7764 0.176821 -2.8262e-19)
(0.763428 0.167259 4.53231e-19)
(0.752133 0.158272 -1.00657e-18)
(0.723918 0.150993 6.36695e-19)
(0.504239 0.0986376 -7.90515e-19)
(0.998088 0.243459 -3.33284e-19)
(1.33843 0.368601 2.58757e-19)
(1.33743 0.364685 -1.93869e-19)
(1.29454 0.374565 3.31601e-19)
(1.24893 0.376361 -2.82871e-19)
(1.19848 0.376573 8.29461e-20)
(1.14327 0.374129 2.85902e-21)
(1.0838 0.367352 -2.5668e-19)
(1.0208 0.354508 -2.17451e-19)
(0.955413 0.333691 -3.61801e-19)
(0.895025 0.306482 -7.11403e-19)
(0.848075 0.279331 -2.07417e-19)
(0.813782 0.25627 3.41137e-21)
(0.787887 0.237312 -4.30512e-19)
(0.767835 0.22193 -4.05311e-21)
(0.752008 0.209536 4.0023e-19)
(0.739307 0.19962 -1.18436e-19)
(0.728468 0.190328 -7.13703e-20)
(0.701132 0.18206 0)
(0.489399 0.120646 1.62075e-18)
(1.00259 0.293371 0)
(1.34335 0.440011 -6.61548e-20)
(1.34247 0.431929 -6.02164e-20)
(1.297 0.442065 -1.13047e-20)
(1.24976 0.440159 2.9501e-19)
(1.19665 0.437539 -1.82555e-19)
(1.13817 0.431908 1.59474e-19)
(1.07485 0.421546 4.1596e-19)
(1.00752 0.404657 -1.17417e-19)
(0.937617 0.379221 1.88083e-19)
(0.87346 0.347263 3.7971e-19)
(0.82437 0.316196 4.45341e-19)
(0.789212 0.290355 -2.57285e-19)
(0.763157 0.269475 4.56981e-19)
(0.743307 0.252769 -3.56507e-19)
(0.727851 0.239448 0)
(0.715585 0.22886 -8.83576e-19)
(0.705268 0.219095 1.19197e-18)
(0.678858 0.209671 8.7913e-20)
(0.474899 0.140172 -1.65431e-18)
(1.00588 0.341791 -1.73418e-20)
(1.34526 0.50815 3.93076e-19)
(1.3441 0.497439 4.53293e-19)
(1.29642 0.507589 -4.48919e-19)
(1.24769 0.502538 2.21422e-19)
(1.19206 0.497539 -1.88982e-19)
(1.13056 0.489054 3.31733e-19)
(1.06364 0.475384 -1.37988e-19)
(0.9922 0.454594 -4.93315e-19)
(0.917957 0.424437 8.98569e-22)
(0.850188 0.387302 -4.02759e-19)
(0.799239 0.351719 -4.67227e-19)
(0.76359 0.322542 2.7513e-19)
(0.737738 0.299302 -1.61964e-19)
(0.718391 0.280939 3.75212e-19)
(0.703532 0.266442 0)
(0.691865 0.254978 -5.29588e-19)
(0.682146 0.244631 7.79445e-19)
(0.656724 0.233993 1.49159e-18)
(0.460605 0.157417 -1.72776e-18)
(1.00839 0.388687 5.62941e-19)
(1.34502 0.573066 -3.26196e-19)
(1.34317 0.560999 -4.03493e-19)
(1.29371 0.570759 4.79471e-19)
(1.24345 0.563287 1.08805e-20)
(1.18545 0.556275 -3.95434e-19)
(1.12109 0.545263 -1.84032e-19)
(1.05071 0.528582 -1.60691e-19)
(0.975246 0.504082 -2.70275e-19)
(0.896642 0.469169 4.28444e-19)
(0.825184 0.426446 4.24258e-19)
(0.772472 0.3857 7.46559e-19)
(0.736649 0.352592 0)
(0.711378 0.326569 -1.89767e-21)
(0.692866 0.306283 -9.83922e-19)
(0.678857 0.290443 2.26276e-19)
(0.667969 0.277994 1.10133e-18)
(0.65894 0.267015 -3.22649e-19)
(0.6346 0.255169 6.83741e-19)
(0.446509 0.172568 -5.30319e-20)
(1.01039 0.434064 2.10914e-20)
(1.34319 0.634994 -2.54018e-19)
(1.34059 0.62242 -2.78977e-19)
(1.28949 0.631482 7.34241e-19)
(1.23764 0.622248 -6.66213e-19)
(1.1774 0.613514 4.14794e-19)
(1.11029 0.600313 1.95097e-19)
(1.03653 0.580949 4.99809e-19)
(0.95703 0.552997 5.63423e-19)
(0.873894 0.51338 -4.71547e-19)
(0.798448 0.464693 0)
(0.743867 0.418053 -2.64353e-19)
(0.708143 0.380314 3.03504e-19)
(0.683896 0.351049 3.52476e-19)
(0.666646 0.328608 -2.02676e-19)
(0.653812 0.311342 -4.82461e-19)
(0.643923 0.297893 -1.39997e-19)
(0.6357 0.286306 6.07284e-21)
(0.612565 0.273338 0)
(0.432769 0.185843 0)
(1.01202 0.477867 1.93683e-19)
(1.34027 0.694244 0)
(1.33706 0.681598 -2.85224e-19)
(1.28426 0.68986 1.02801e-19)
(1.23079 0.679322 7.24594e-19)
(1.1684 0.669114 -1.91693e-19)
(1.09863 0.654053 2.06965e-19)
(1.02153 0.632361 -3.49274e-19)
(0.937926 0.60129 4.46768e-19)
(0.849969 0.557135 -1.36739e-19)
(0.770014 0.502174 2.4097e-19)
(0.713207 0.448799 8.37752e-19)
(0.677797 0.405533 -2.19243e-21)
(0.655138 0.372461 -3.68732e-19)
(0.63975 0.347652 6.35366e-19)
(0.628558 0.328972 -1.36842e-21)
(0.619969 0.314642 1.4978e-19)
(0.61271 0.302569 -6.8969e-19)
(0.590925 0.288697 7.23943e-19)
(0.419721 0.197529 -8.39411e-19)
(1.01335 0.520032 2.4346e-22)
(1.33663 0.751103 0)
(1.33298 0.738513 0)
(1.27837 0.746018 -1.2703e-19)
(1.2233 0.734451 -2.49201e-19)
(1.15884 0.722985 2.26027e-19)
(1.08649 0.706373 -4.18588e-19)
(1.00611 0.682729 0)
(0.918311 0.648952 -6.44259e-19)
(0.825161 0.600567 6.78985e-19)
(0.739953 0.539135 6.62029e-19)
(0.680247 0.478072 -2.99431e-19)
(0.645233 0.428071 -3.32799e-19)
(0.6249 0.390388 7.61472e-19)
(0.612273 0.362962 -2.23815e-19)
(0.603454 0.343017 -2.61147e-19)
(0.596618 0.328127 -1.45644e-19)
(0.59056 0.315871 -7.00026e-19)
(0.570321 0.301524 1.04673e-19)
(0.407883 0.20803 8.4474e-19)
(1.0144 0.56056 6.47702e-20)
(1.3325 0.805739 1.49302e-19)
(1.32855 0.793149 2.59046e-20)
(1.27205 0.800004 1.59582e-21)
(1.21546 0.787567 -1.57793e-19)
(1.14902 0.775038 4.52331e-19)
(1.07419 0.757166 0)
(0.990595 0.731962 2.07087e-19)
(0.898547 0.695976 -1.6328e-19)
(0.799791 0.643839 1.16911e-18)
(0.708382 0.575929 -1.34129e-19)
(0.644712 0.506158 1.59425e-19)
(0.609906 0.447775 0)
(0.592819 0.404228 -4.02308e-19)
(0.58431 0.373775 4.38325e-19)
(0.579055 0.352861 0)
(0.574697 0.338039 -3.03339e-19)
(0.570183 0.3261 8.97593e-19)
(0.551617 0.312339 1.01206e-19)
(0.398725 0.217839 -9.86821e-19)
(1.01516 0.599514 1.32969e-19)
(1.32806 0.858238 -1.80998e-19)
(1.32388 0.845564 0)
(1.26548 0.851872 -2.71791e-19)
(1.20748 0.838657 0)
(1.13918 0.825231 -5.06765e-19)
(1.06201 0.806355 0)
(0.97533 0.779986 0)
(0.879015 0.742359 -1.91827e-19)
(0.774244 0.687132 -1.10073e-18)
(0.675499 0.612997 -1.21302e-18)
(0.606316 0.533535 1.65648e-19)
(0.571071 0.464598 5.49827e-19)
(0.558261 0.413184 4.00045e-19)
(0.555924 0.378906 -1.3783e-18)
(0.556256 0.357507 -5.15425e-19)
(0.555673 0.344054 3.06965e-19)
(0.553331 0.333476 0)
(0.536703 0.321439 8.2516e-19)
(0.393269 0.228711 -9.8293e-19)
(1.01563 0.636965 -1.27316e-19)
(1.32338 0.908596 1.80058e-19)
(1.31901 0.895734 0)
(1.25878 0.901531 -1.03552e-20)
(1.19947 0.88759 1.23093e-19)
(1.12945 0.873405 0)
(1.05012 0.853766 1.30807e-19)
(0.960526 0.826635 1.32043e-19)
(0.860008 0.788006 -3.92024e-19)
(0.748884 0.730567 1.61191e-19)
(0.641572 0.65083 0)
(0.564788 0.560886 7.33107e-19)
(0.52773 0.478679 -7.78445e-21)
(0.520091 0.416197 2.03481e-19)
(0.526945 0.376386 2.36624e-19)
(0.536328 0.354885 0)
(0.541567 0.344849 -4.28053e-19)
(0.541621 0.337961 8.45801e-19)
(0.526258 0.3292 -9.11447e-19)
(0.392722 0.240915 1.89936e-18)
(1.0158 0.672954 0)
(1.31851 0.956738 0)
(1.31398 0.943686 1.28401e-19)
(1.25205 0.949027 0)
(1.19158 0.934437 0)
(1.12001 0.919627 -5.3991e-19)
(1.03874 0.899438 1.38379e-19)
(0.946472 0.871913 1.58765e-20)
(0.841917 0.832936 -9.91454e-20)
(0.724219 0.774325 0)
(0.60704 0.690008 -1.75647e-19)
(0.519972 0.589183 -5.84886e-19)
(0.478653 0.490598 -6.41183e-19)
(0.476619 0.412276 -2.2839e-19)
(0.497179 0.363755 2.18012e-19)
(0.521769 0.342912 -4.83966e-19)
(0.536525 0.338599 7.93145e-19)
(0.54207 0.339973 -3.03975e-20)
(0.527246 0.339754 -7.54845e-19)
(0.40086 0.257565 -1.02233e-19)
(1.01565 0.707489 0)
(1.31349 1.00274 1.38229e-19)
(1.30885 0.989456 -1.24354e-19)
(1.2453 0.994323 0)
(1.18381 0.979065 0)
(1.11088 0.963678 1.13959e-18)
(1.02789 0.943072 0)
(0.933219 0.915457 0)
(0.824879 0.876778 -9.04904e-19)
(0.700562 0.818227 2.01268e-19)
(0.572383 0.730932 -1.74821e-18)
(0.471876 0.619483 0)
(0.42231 0.501069 -6.90311e-19)
(0.425021 0.399689 -3.44054e-20)
(0.46527 0.33584 -6.52861e-19)
(0.513206 0.314781 2.44421e-19)
(0.541374 0.319319 -2.52093e-20)
(0.553976 0.334427 -7.05574e-19)
(0.541349 0.345266 3.34501e-19)
(0.414584 0.271829 1.09278e-19)
(1.01519 0.740557 0)
(1.30833 1.04655 1.02765e-19)
(1.30359 1.03298 -1.34726e-19)
(1.23861 1.03736 -4.38823e-19)
(1.17625 1.02146 -1.60012e-19)
(1.10217 1.0056 1.44733e-19)
(1.01775 0.984775 -1.29459e-19)
(0.920989 0.957409 1.06135e-18)
(0.809228 0.919693 9.68061e-19)
(0.67847 0.862566 1.69613e-18)
(0.538304 0.774426 1.46038e-18)
(0.420619 0.653712 2.35788e-19)
(0.356635 0.512409 9.59008e-19)
(0.361416 0.378487 4.48632e-19)
(0.429767 0.290205 4.42979e-19)
(0.518667 0.271886 -1.54953e-19)
(0.583276 0.301592 -2.00077e-19)
(0.60254 0.345235 2.35278e-19)
(0.583218 0.375823 -1.21746e-19)
(0.464657 0.318423 2.64852e-19)
(1.01439 0.772146 -5.49391e-20)
(1.30302 1.08809 -1.72221e-19)
(1.29824 1.07433 -6.70295e-20)
(1.23199 1.07819 1.91597e-20)
(1.16893 1.0617 4.80725e-19)
(1.0939 1.04543 -3.24539e-19)
(1.00826 1.02446 1.35082e-19)
(0.909753 0.997494 -1.34785e-20)
(0.794988 0.961131 -1.16468e-18)
(0.658239 0.906583 -1.82558e-18)
(0.505825 0.820035 1.10352e-19)
(0.368049 0.692401 0)
(0.282503 0.525064 0)
(0.280298 0.343359 -2.8762e-19)
(0.381875 0.206566 -5.26666e-19)
(0.535115 0.175112 2.32454e-19)
(0.623316 0.210641 6.08767e-20)
(0.667746 0.289579 0)
(0.641066 0.358369 3.59072e-19)
(0.509601 0.321618 -1.92472e-19)
(1.01333 0.802135 4.15695e-20)
(1.2976 1.12742 -3.00721e-20)
(1.29286 1.11351 1.26149e-19)
(1.22539 1.11682 2.13887e-19)
(1.16179 1.09971 1.5422e-19)
(1.08599 1.08301 -9.08724e-20)
(0.999417 1.06195 0)
(0.89954 1.03555 -1.36021e-18)
(0.782254 1.00097 1.32796e-19)
(0.640029 0.950365 0)
(0.474941 0.86908 0)
(0.311198 0.740427 1.33171e-19)
(0.187561 0.548669 9.35148e-20)
(0.165808 0.301267 -2.8534e-19)
(0.319166 0.0873636 3.23191e-19)
(0.59659 0.0553599 3.37528e-20)
(0.798994 0.188911 -9.60847e-20)
(0.830604 0.365255 4.44322e-20)
(0.794008 0.464415 -6.58036e-20)
(0.690635 0.478078 4.74301e-20)
(1.01174 0.830937 -4.14286e-21)
(1.29211 1.16479 0)
(1.28742 1.15055 0)
(1.21883 1.15325 8.31605e-20)
(1.15493 1.13551 -6.71981e-20)
(1.07855 1.11843 -2.22027e-20)
(0.991336 1.09737 5.57714e-19)
(0.890456 1.07172 1.48527e-18)
(0.771193 1.03927 2.19185e-18)
(0.624387 0.993438 -1.36899e-19)
(0.448605 0.919819 2.64162e-19)
(0.264409 0.79441 -1.41706e-18)
(0.113009 0.576609 -1.19323e-18)
(0.0436481 0.226959 -1.54656e-19)
(0.152011 -0.14462 0)
(0.445276 -0.0837923 9.19773e-20)
(0.711288 0.236888 -2.29386e-19)
(0.788314 0.498039 -4.49405e-20)
(0.749279 0.534805 5.76836e-20)
(0.623715 0.478156 1.19597e-19)
(1.00984 0.858846 -3.72397e-21)
(1.28661 1.20011 5.54852e-21)
(1.28179 1.18571 8.07277e-21)
(1.21237 1.18786 -5.41948e-20)
(1.14827 1.1696 0)
(1.07139 1.15226 -6.69755e-19)
(0.983701 1.13136 -7.54425e-19)
(0.882059 1.10665 4.96958e-20)
(0.761255 1.0767 -1.16776e-18)
(0.610451 1.03658 -1.37432e-19)
(0.423026 0.974333 1.27558e-19)
(0.202101 0.864591 1.23985e-18)
(-0.0595601 0.650115 1.15441e-18)
(-0.343369 0.331012 1.50049e-19)
(-0.37226 0.284835 -1.85158e-19)
(-0.0629249 0.693005 0)
(0.367712 0.89617 0)
(0.318231 1.18951 -8.45002e-20)
(0.172185 1.62015 8.64648e-20)
(0.041687 2.19719 -5.04617e-19)
(1.00779 0.884937 8.70616e-21)
(1.28097 1.23332 -9.30974e-20)
(1.276 1.21914 2.83147e-19)
(1.20596 1.22092 -3.07e-19)
(1.14164 1.20227 8.99417e-20)
(1.06439 1.18486 -7.22743e-19)
(0.976434 1.16432 0)
(0.874381 1.14086 -1.2916e-18)
(0.752692 1.11393 0)
(0.59922 1.08084 2.11876e-18)
(0.403754 1.03448 -1.42022e-19)
(0.16329 0.957384 1.59099e-19)
(-0.125256 0.823624 1.43592e-18)
(-0.45873 0.711522 -8.75448e-20)
(-0.739647 0.933999 2.89653e-19)
(-0.606083 1.643 0)
(-0.0618003 2.38936 0)
(0.0294307 2.76121 0)
(0.0408228 3.0441 6.51002e-20)
(0.0684752 3.17669 -3.06173e-20)
(1.00558 0.909596 0)
(1.27517 1.26454 0)
(1.27014 1.25076 -9.15074e-20)
(1.19957 1.25224 2.70112e-19)
(1.13511 1.23336 -2.99576e-19)
(1.05774 1.21604 6.81118e-19)
(0.969775 1.19604 9.3241e-20)
(0.867708 1.17406 -7.25931e-20)
(0.745891 1.15052 1.61939e-19)
(0.591481 1.12533 -2.43468e-18)
(0.39228 1.09752 2.77513e-19)
(0.140438 1.06151 1.34485e-18)
(-0.180636 1.01874 -1.47601e-18)
(-0.577024 1.07755 -1.02832e-18)
(-0.885286 1.50734 1.97581e-19)
(-0.792037 2.26129 0)
(-0.379429 2.86187 -2.59447e-19)
(-0.239849 3.10972 -3.02603e-19)
(-0.188202 3.21578 3.33721e-19)
(-0.132916 3.22639 -1.0255e-19)
(1.00318 0.932929 0)
(1.26941 1.29404 6.03252e-21)
(1.26447 1.28075 2.71572e-20)
(1.1934 1.282 -2.54757e-19)
(1.12888 1.26306 3.14474e-19)
(1.05152 1.24599 0)
(0.96367 1.22665 0)
(0.861915 1.20624 0)
(0.740688 1.18622 1.03957e-18)
(0.587052 1.16935 1.24837e-19)
(0.388675 1.16113 0)
(0.138168 1.1691 -1.35774e-18)
(-0.178838 1.21803 0)
(-0.559054 1.39721 8.03646e-19)
(-0.851016 1.85652 -5.47902e-19)
(-0.764059 2.53672 -2.0146e-19)
(-0.395969 2.95027 2.3538e-19)
(-0.258987 3.08854 1.31401e-19)
(-0.188266 3.17735 2.3402e-19)
(-0.098473 3.15741 -1.96919e-19)
(1.00053 0.954867 -3.19448e-20)
(1.26381 1.32195 2.25554e-20)
(1.25897 1.30925 2.42152e-20)
(1.18728 1.31031 2.2516e-19)
(1.12275 1.29137 0)
(1.04547 1.27458 0)
(0.957903 1.2559 0)
(0.856819 1.23708 9.0258e-20)
(0.736841 1.22063 -1.30289e-18)
(0.585655 1.21192 0)
(0.393219 1.22192 0)
(0.158711 1.26523 0)
(-0.118604 1.37012 0)
(-0.420594 1.59757 7.68034e-19)
(-0.632064 2.02909 1.09552e-18)
(-0.574168 2.62578 5.11727e-20)
(-0.348339 2.93514 -3.96082e-20)
(-0.21593 3.00984 1.02502e-20)
(-0.172742 3.06635 -8.00583e-20)
(-0.126582 3.08068 0)
(0.997426 0.975982 3.88349e-20)
(1.258 1.34902 -7.99491e-20)
(1.25324 1.33697 9.92867e-21)
(1.18096 1.33784 1.56224e-20)
(1.11661 1.3189 -8.30419e-20)
(1.03957 1.30239 7.69931e-19)
(0.952466 1.2844 -7.05147e-20)
(0.852301 1.26718 -1.25977e-18)
(0.734123 1.25416 0)
(0.586888 1.25297 -1.43224e-19)
(0.403723 1.27908 1.30177e-19)
(0.189321 1.35202 0)
(-0.0520084 1.50333 0)
(-0.299151 1.78119 -9.34844e-19)
(-0.454901 2.18538 2.42283e-19)
(-0.415574 2.62377 -1.29908e-19)
(-0.268338 2.83047 2.18735e-19)
(-0.161789 2.87732 -6.42868e-20)
(-0.137606 2.96146 2.59455e-19)
(-0.109682 3.00473 -1.58437e-19)
(0.993708 0.997786 9.44121e-20)
(1.2516 1.377 1.1956e-19)
(1.24705 1.36552 -2.77837e-20)
(1.17427 1.36618 0)
(1.11024 1.34708 0)
(1.03346 1.33069 -5.86704e-19)
(0.946918 1.31323 5.92893e-19)
(0.847982 1.29737 1.13544e-18)
(0.732336 1.28737 6.35026e-20)
(0.590606 1.29275 2.02055e-18)
(0.419926 1.33209 -2.10265e-18)
(0.232114 1.42576 0)
(0.0411518 1.59549 0)
(-0.126814 1.8616 -7.25633e-19)
(-0.20471 2.18224 -6.6823e-19)
(-0.158353 2.49901 0)
(-0.0572321 2.72751 -1.30351e-19)
(0.00430027 2.8467 1.72069e-19)
(0.0174519 2.94321 -3.92453e-19)
(0.0421009 2.99354 1.91064e-19)
(0.989184 1.02085 -1.92564e-19)
(1.24436 1.40686 -6.72969e-20)
(1.24004 1.39568 0)
(1.16677 1.39594 0)
(1.10312 1.37639 0)
(1.02672 1.35986 0)
(0.941052 1.34269 -6.49377e-19)
(0.84385 1.32787 1.16321e-18)
(0.731481 1.32032 0)
(0.596468 1.33094 -1.84728e-18)
(0.440118 1.37983 3.82104e-18)
(0.280689 1.48523 1.47517e-19)
(0.137046 1.65782 1.61236e-19)
(0.0306297 1.90702 1.21402e-18)
(-0.00172883 2.19231 -6.00523e-19)
(0.0265524 2.46967 0)
(0.0591552 2.70634 5.22159e-20)
(0.0913242 2.84696 6.25747e-20)
(0.0512039 2.97668 2.49654e-19)
(-0.0467742 3.01079 -2.47989e-19)
(0.983482 1.04513 9.75309e-20)
(1.23583 1.43855 -1.09872e-19)
(1.23183 1.42742 0)
(1.15822 1.42712 3.79605e-20)
(1.0952 1.40692 -1.9684e-19)
(1.01942 1.39006 0)
(0.934936 1.37289 0)
(0.839779 1.35866 -2.08862e-18)
(0.731103 1.35282 -1.3658e-19)
(0.60353 1.3672 1.92534e-18)
(0.462605 1.42227 -1.84497e-18)
(0.329939 1.53391 9.87584e-19)
(0.223975 1.70416 0)
(0.159035 1.94104 -6.73111e-19)
(0.160165 2.20569 3.82253e-19)
(0.214311 2.44433 2.50945e-19)
(0.265518 2.67341 0)
(0.268795 2.89509 -1.12933e-19)
(0.228694 3.0368 -5.86268e-19)
(0.220426 3.06921 -1.35388e-19)
(0.976653 1.07098 -2.16083e-19)
(1.22592 1.47227 1.80649e-19)
(1.22255 1.46098 4.59732e-20)
(1.14874 1.45989 -8.88459e-22)
(1.08651 1.43876 2.94322e-19)
(1.01145 1.42121 0)
(0.92831 1.40357 -3.85534e-19)
(0.835462 1.38933 8.02408e-19)
(0.730977 1.38434 1.05258e-19)
(0.611644 1.40076 -1.66313e-18)
(0.486593 1.4587 -1.08101e-19)
(0.380205 1.5716 -1.1142e-18)
(0.309296 1.73622 1.18046e-18)
(0.2822 1.95465 2.58342e-19)
(0.314017 2.19922 -4.85705e-19)
(0.377623 2.40905 3.42512e-19)
(0.404838 2.62532 0)
(0.43646 2.84813 0)
(0.388754 2.97156 -8.45455e-19)
(0.186315 2.99753 1.37618e-18)
(0.968601 1.09805 1.14229e-19)
(1.21461 1.50826 1.96468e-19)
(1.21204 1.49646 -8.40864e-20)
(1.13806 1.49416 -1.4799e-20)
(1.07674 1.47168 -2.3759e-19)
(1.0026 1.45304 0)
(0.921104 1.43448 4.39138e-19)
(0.830975 1.41972 8.85432e-19)
(0.731148 1.41477 0)
(0.620527 1.43177 0)
(0.511395 1.48954 0)
(0.428982 1.59962 0)
(0.390644 1.75156 -1.34051e-18)
(0.400326 1.94228 -4.1352e-19)
(0.466852 2.16204 0)
(0.573511 2.35459 -1.29629e-19)
(0.677691 2.56278 0)
(0.818398 2.64408 1.97212e-19)
(0.943276 2.55953 -2.37103e-18)
(0.550734 2.49964 2.29738e-18)
(0.958581 1.12661 -2.66758e-19)
(1.20148 1.54622 -1.36308e-19)
(1.19966 1.53378 -7.72707e-20)
(1.12579 1.52996 1.3838e-20)
(1.06569 1.5059 1.00411e-19)
(0.992775 1.48591 0)
(0.913268 1.46612 1.07999e-19)
(0.826221 1.4504 -1.29069e-19)
(0.731408 1.44469 -7.86995e-19)
(0.62957 1.4607 0)
(0.535868 1.51544 1.01824e-19)
(0.476215 1.61682 -1.15513e-19)
(0.464746 1.7552 0)
(0.505925 1.91555 5.31516e-19)
(0.601217 2.10313 0)
(0.734571 2.29512 -1.8473e-20)
(0.833557 2.41647 1.10017e-19)
(0.963412 2.34719 -1.99987e-19)
(1.0307 1.73119 4.24612e-19)
(0.0219935 1.14526 -1.26869e-18)
(0.946429 1.15676 -3.28424e-20)
(1.18621 1.58635 -9.88416e-20)
(1.18512 1.57317 9.89853e-20)
(1.11178 1.56768 -2.60759e-20)
(1.05315 1.54193 3.57206e-21)
(0.981642 1.52038 0)
(0.90441 1.49905 -3.0699e-19)
(0.820781 1.48183 -6.32687e-19)
(0.731398 1.47445 1.45662e-18)
(0.639039 1.48787 -1.40482e-18)
(0.559906 1.53706 -1.40266e-18)
(0.51999 1.62749 0)
(0.532921 1.74612 9.11782e-19)
(0.600042 1.87823 -2.01595e-19)
(0.722226 2.01745 -1.88324e-19)
(0.883969 2.16454 0)
(0.960146 2.22527 -8.24663e-20)
(0.992194 2.11103 2.62316e-19)
(0.818094 1.28824 -3.08826e-19)
(-0.135669 0.242686 -3.41041e-19)
(0.932021 1.18872 2.59268e-19)
(1.1686 1.62893 -1.05169e-19)
(1.16803 1.61498 1.05692e-19)
(1.09582 1.60751 6.63693e-20)
(1.03876 1.57988 4.92939e-21)
(0.968845 1.55642 -1.78113e-19)
(0.894247 1.53313 5.46913e-19)
(0.814376 1.51383 6.01746e-19)
(0.7307 1.50389 -1.27764e-18)
(0.647251 1.51334 -2.47754e-20)
(0.583451 1.5544 1.29257e-19)
(0.561691 1.62825 -9.31717e-19)
(0.591759 1.7216 3.9154e-19)
(0.675272 1.81947 -6.6764e-19)
(0.808461 1.90647 3.96252e-19)
(0.995154 1.95725 -1.12144e-19)
(1.10053 1.92725 1.16449e-19)
(1.08582 1.84758 1.83103e-20)
(0.950648 1.12242 0)
(0.13536 0.251072 -3.70094e-19)
(0.914893 1.22266 0)
(1.14811 1.67353 -3.67885e-19)
(1.14773 1.65908 3.5708e-20)
(1.07746 1.6493 -6.78132e-20)
(1.02198 1.61952 0)
(0.954037 1.5938 1.13921e-19)
(0.882509 1.56811 -4.16527e-19)
(0.806752 1.54616 -5.62916e-19)
(0.72906 1.53278 1.13002e-18)
(0.655135 1.53649 1.10952e-18)
(0.602031 1.56756 1.17696e-18)
(0.594137 1.62226 2.02441e-20)
(0.635265 1.68628 -7.80056e-19)
(0.719501 1.74264 -2.09859e-19)
(0.838636 1.78088 4.25659e-19)
(0.994621 1.77357 -4.72757e-19)
(1.12381 1.65823 -1.59067e-19)
(1.08655 1.52446 1.87513e-19)
(0.955888 1.04854 0)
(0.33682 0.382017 0)
(0.894641 1.25851 -2.76885e-19)
(1.12419 1.71948 4.22658e-19)
(1.12382 1.70517 0)
(1.05629 1.69249 0)
(1.0023 1.66042 0)
(0.936875 1.63209 0)
(0.868775 1.60356 1.42923e-19)
(0.797379 1.57839 -2.06429e-20)
(0.725836 1.56073 2.25026e-20)
(0.659947 1.55779 1.29083e-19)
(0.618167 1.57671 -1.27228e-18)
(0.616586 1.61318 7.85734e-19)
(0.659043 1.64822 0)
(0.733595 1.66881 -1.76761e-20)
(0.826991 1.66764 -6.90268e-19)
(0.932364 1.63593 2.34219e-19)
(1.04254 1.51775 -2.69062e-19)
(0.995905 1.38356 -1.65259e-19)
(0.930145 1.06924 7.15799e-19)
(0.431983 0.572317 9.27636e-19)
(0.871238 1.29564 1.66012e-19)
(1.09625 1.76664 1.88832e-19)
(1.0963 1.75295 -1.43422e-20)
(1.03182 1.7368 7.08321e-20)
(0.979363 1.70227 0)
(0.916999 1.671 -8.06382e-20)
(0.85255 1.63924 7.33448e-20)
(0.785577 1.61038 -3.89496e-20)
(0.719404 1.58772 -2.83516e-20)
(0.659937 1.57726 1.15439e-19)
(0.62893 1.58366 8.40429e-19)
(0.630178 1.59948 -5.71818e-19)
(0.668205 1.6126 -5.1302e-19)
(0.727707 1.60951 -2.1348e-19)
(0.796132 1.58564 4.41189e-19)
(0.860352 1.544 -8.29234e-19)
(0.932424 1.4574 4.72153e-19)
(0.895222 1.3604 -6.27048e-19)
(0.85443 1.18059 1.77778e-18)
(0.486666 0.740211 -1.31531e-18)
(0.844678 1.33256 -1.56572e-19)
(1.06366 1.81471 0)
(1.06488 1.80211 -1.30956e-19)
(1.00341 1.78194 -1.45999e-19)
(0.952742 1.7449 0)
(0.893932 1.71033 4.69651e-20)
(0.833314 1.67504 0)
(0.770896 1.64208 2.19321e-19)
(0.710009 1.61403 -3.15439e-19)
(0.656154 1.59464 7.48422e-19)
(0.630731 1.58899 -7.15565e-19)
(0.632945 1.58665 2.70887e-19)
(0.665903 1.5831 1.12424e-18)
(0.709375 1.56457 -3.91894e-19)
(0.756425 1.53099 4.55837e-19)
(0.794241 1.48737 2.64156e-19)
(0.83286 1.42844 -6.99523e-19)
(0.814698 1.36364 8.09324e-19)
(0.787204 1.26239 -1.03715e-20)
(0.502147 0.829291 1.44936e-19)
(0.813332 1.36876 3.36527e-19)
(1.02526 1.86379 -2.06526e-19)
(1.02935 1.85205 1.68713e-19)
(0.970166 1.8277 7.45846e-20)
(0.921909 1.78791 3.94581e-20)
(0.867055 1.74981 2.98034e-20)
(0.810475 1.71067 0)
(0.752771 1.67322 -3.20648e-20)
(0.697429 1.63947 0)
(0.64905 1.61117 -7.02182e-19)
(0.62638 1.59255 6.73048e-19)
(0.627424 1.57864 -1.17918e-19)
(0.651128 1.55994 -9.04906e-19)
(0.682493 1.53165 -3.7993e-19)
(0.712678 1.49481 2.13513e-19)
(0.735091 1.45381 -2.81296e-19)
(0.754298 1.41051 9.95305e-19)
(0.74907 1.3661 6.22316e-19)
(0.727734 1.29353 2.73201e-19)
(0.486746 0.865717 -1.18919e-18)
(0.77634 1.4044 2.61725e-20)
(0.980412 1.91359 1.37546e-19)
(0.988699 1.90234 0)
(0.930915 1.87361 1.40856e-19)
(0.886246 1.83095 -1.48466e-19)
(0.835716 1.78902 4.16892e-20)
(0.78335 1.74586 2.92367e-21)
(0.730433 1.70355 -2.09776e-19)
(0.680258 1.66363 2.81376e-19)
(0.636835 1.62712 -8.56385e-20)
(0.615496 1.59634 6.22014e-19)
(0.614392 1.5719 9.40505e-19)
(0.628233 1.54188 -2.51733e-21)
(0.649913 1.50828 7.02526e-19)
(0.668074 1.47124 4.41401e-19)
(0.681269 1.434 -7.86543e-19)
(0.690935 1.39879 6.71633e-19)
(0.69079 1.36474 -3.89017e-19)
(0.671023 1.30275 3.97962e-21)
(0.459976 0.882169 1.15203e-18)
(0.733769 1.43729 6.57423e-19)
(0.928685 1.96311 -1.46791e-19)
(0.94134 1.95195 -2.74997e-19)
(0.884907 1.91925 2.23718e-19)
(0.845302 1.87323 -4.85689e-20)
(0.799165 1.8276 8.15645e-20)
(0.751288 1.78018 -4.99199e-20)
(0.703193 1.73295 0)
(0.657823 1.68685 -3.37689e-19)
(0.618425 1.64247 5.84251e-20)
(0.597461 1.60224 -1.52193e-19)
(0.594174 1.56724 -8.52758e-19)
(0.600948 1.52967 -2.29896e-20)
(0.613389 1.49304 -8.19056e-21)
(0.623295 1.45663 6.34721e-19)
(0.630329 1.42235 2.80604e-19)
(0.634894 1.39155 -7.71906e-19)
(0.635937 1.36219 -3.81665e-19)
(0.615309 1.30588 -1.14678e-19)
(0.431053 0.891456 -1.0799e-18)
(0.685503 1.46782 0)
(0.869307 2.01067 1.20728e-19)
(0.886657 1.99999 -1.15116e-19)
(0.83136 1.96318 2.27675e-19)
(0.798349 1.91433 -1.65338e-19)
(0.756828 1.8648 6.88191e-20)
(0.713607 1.81328 0)
(0.670595 1.76123 0)
(0.629863 1.70944 0)
(0.594108 1.65784 -1.41393e-19)
(0.572871 1.60977 1.3263e-19)
(0.567271 1.56653 -1.84205e-19)
(0.568594 1.52368 -4.9533e-19)
(0.573406 1.48498 -3.29672e-19)
(0.577478 1.44898 5.82576e-19)
(0.580047 1.41658 -4.95056e-19)
(0.581157 1.38834 -2.13871e-20)
(0.582052 1.36142 8.96386e-19)
(0.560956 1.30814 -1.1034e-19)
(0.397183 0.898848 0)
(0.630918 1.49506 6.6402e-19)
(0.802206 2.05543 -1.12962e-19)
(0.823375 2.04547 8.77494e-21)
(0.770026 2.00487 0)
(0.745598 1.95272 -7.97421e-20)
(0.70778 1.90003 2.85507e-20)
(0.669957 1.84439 0)
(0.632292 1.78801 -4.55871e-20)
(0.596217 1.73116 3.59697e-20)
(0.563921 1.67341 0)
(0.542428 1.61832 0)
(0.533927 1.56889 3.69084e-19)
(0.530728 1.52283 4.7312e-19)
(0.530054 1.48277 -1.14131e-20)
(0.529771 1.44704 1.75638e-19)
(0.528994 1.4159 -2.28256e-19)
(0.527732 1.38905 0)
(0.527657 1.3634 5.21545e-19)
(0.506842 1.31275 8.56319e-19)
(0.361354 0.905922 -1.92253e-18)
(0.569463 1.51779 5.62329e-19)
(0.726087 2.09536 -1.14532e-19)
(0.751245 2.08645 1.22967e-19)
(0.700375 2.04282 -3.19387e-19)
(0.685838 1.98823 0)
(0.651771 1.9317 0)
(0.619878 1.87309 0)
(0.588165 1.81287 -3.89772e-20)
(0.556823 1.75175 3.07533e-20)
(0.527877 1.68902 0)
(0.506436 1.62825 0)
(0.494957 1.57418 -5.17677e-19)
(0.488038 1.52636 2.18549e-19)
(0.483364 1.4855 -2.57607e-19)
(0.479746 1.44989 -5.08897e-19)
(0.4762 1.4196 0)
(0.472222 1.39453 1.30181e-19)
(0.473058 1.36798 1.59897e-19)
(0.450454 1.32122 -1.56359e-18)
(0.325066 0.914528 1.88725e-18)
(0.501365 1.5346 -4.99129e-19)
(0.641521 2.12948 1.76614e-19)
(0.669952 2.12146 3.29198e-19)
(0.623585 2.07601 1.56445e-19)
(0.619353 2.01834 -1.28552e-19)
(0.587655 1.95928 -4.56764e-20)
(0.564173 1.89814 5.58874e-21)
(0.538098 1.83508 0)
(0.511785 1.77077 0)
(0.486231 1.70445 0)
(0.465197 1.6398 2.24208e-19)
(0.45117 1.58275 4.81327e-19)
(0.441145 1.53401 -2.04391e-19)
(0.433141 1.49277 1.19577e-19)
(0.426863 1.45773 2.47739e-21)
(0.422021 1.42686 0)
(0.413684 1.40442 -2.41731e-19)
(0.41637 1.3774 1.1996e-18)
(0.392407 1.33137 -2.77737e-18)
(0.285122 0.925254 1.60031e-18)
(0.427176 1.54226 5.38265e-19)
(0.545873 2.15403 -4.42423e-19)
(0.577845 2.146 0)
(0.540223 2.10342 8.5876e-20)
(0.543335 2.04072 4.9526e-20)
(0.51782 1.98218 6.45028e-20)
(0.502424 1.9189 -5.22478e-21)
(0.482464 1.85425 0)
(0.461559 1.78804 0)
(0.439549 1.7196 2.56255e-19)
(0.419224 1.65283 1.79784e-20)
(0.403188 1.59441 -2.69959e-19)
(0.390386 1.54559 -1.74639e-19)
(0.380141 1.50445 -3.51255e-19)
(0.370066 1.4702 6.63825e-19)
(0.365403 1.43979 -8.16228e-19)
(0.354045 1.41685 6.04287e-19)
(0.355068 1.39294 0)
(0.334504 1.34417 4.06341e-20)
(0.240771 0.937586 -1.53425e-18)
(0.350207 1.53956 5.85209e-19)
(0.441689 2.16724 0)
(0.480656 2.1605 0)
(0.451523 2.12029 0)
(0.459177 2.05517 2.65822e-20)
(0.443426 1.99718 -7.89878e-20)
(0.435107 1.9337 -6.17548e-21)
(0.422119 1.86913 0)
(0.406874 1.80278 0)
(0.388614 1.73408 -1.64378e-19)
(0.36932 1.66707 -1.08682e-19)
(0.35183 1.6089 1.30383e-19)
(0.336735 1.56094 -6.00683e-21)
(0.323799 1.52084 -1.21267e-19)
(0.31206 1.48691 3.25838e-19)
(0.304191 1.45851 -3.34256e-19)
(0.292732 1.43405 3.45657e-19)
(0.291436 1.41262 0)
(0.272164 1.36283 -3.79787e-20)
(0.197198 0.95357 -7.20743e-19)
(0.265049 1.5199 -5.28745e-19)
(0.326546 2.16078 1.7632e-19)
(0.374108 2.16029 1.97756e-19)
(0.356075 2.12241 -4.0869e-20)
(0.369644 2.05997 -9.70541e-20)
(0.365344 2.0032 -2.22848e-20)
(0.36454 1.94189 1.83799e-20)
(0.358697 1.8793 -1.03216e-20)
(0.349082 1.8148 0)
(0.334627 1.74791 -2.86893e-20)
(0.316608 1.68277 5.63051e-20)
(0.298063 1.62657 -1.04696e-19)
(0.280823 1.58071 0)
(0.265235 1.54247 9.73384e-20)
(0.251259 1.51012 0)
(0.23985 1.48278 7.54093e-20)
(0.228176 1.45915 4.3772e-20)
(0.223945 1.43809 0)
(0.205202 1.38863 0)
(0.150831 0.975451 -6.27082e-19)
(0.182733 1.48451 3.99865e-19)
(0.214268 2.13427 -1.44898e-19)
(0.268589 2.14151 8.04142e-20)
(0.260691 2.10668 -1.13699e-19)
(0.279328 2.05071 3.91776e-20)
(0.285598 1.99809 -5.82401e-21)
(0.292137 1.94168 -3.33554e-21)
(0.293461 1.88345 -4.91914e-21)
(0.289649 1.82304 4.93818e-21)
(0.279323 1.76019 3.36682e-20)
(0.263054 1.6991 3.33237e-21)
(0.244036 1.64685 0)
(0.225055 1.60466 3.11764e-20)
(0.207013 1.56966 0)
(0.190368 1.54008 0)
(0.175641 1.51484 0)
(0.161961 1.49301 3.00093e-19)
(0.154256 1.47294 -7.72671e-19)
(0.134483 1.42419 1.84407e-21)
(0.101823 1.00783 5.42793e-19)
(0.0979995 1.40699 5.91725e-20)
(0.096443 2.06917 4.51574e-20)
(0.163577 2.1027 -3.66853e-20)
(0.169136 2.07469 -1.73861e-20)
(0.19451 2.02776 1.41198e-20)
(0.210443 1.98163 5.44544e-21)
(0.223464 1.93233 1.96267e-22)
(0.230836 1.88078 0)
(0.231949 1.82686 4.28728e-21)
(0.225166 1.77056 5.13562e-21)
(0.21051 1.71586 -3.27846e-20)
(0.191302 1.66957 0)
(0.1708 1.63296 -9.19816e-24)
(0.150225 1.60322 -3.39123e-20)
(0.130273 1.57855 0)
(0.111478 1.55777 0)
(0.0935804 1.54 -1.76235e-20)
(0.0807324 1.52371 0)
(0.058198 1.47772 -1.30774e-20)
(0.0469709 1.06057 0)
(0.0328165 1.30727 0)
(0.012643 1.97473 0)
(0.0754087 2.03436 0)
(0.0879335 2.01898 0)
(0.118778 1.98828 -2.34206e-34)
(0.142349 1.95421 8.67662e-35)
(0.161678 1.9157 0)
(0.175068 1.87347 0)
(0.181504 1.8278 0)
(0.179341 1.77904 0)
(0.168244 1.73144 0)
(0.15127 1.69167 0)
(0.131971 1.66093 0)
(0.11199 1.63679 0)
(0.0921715 1.6176 0)
(0.0729698 1.60224 0)
(0.0542456 1.5899 0)
(0.0385312 1.57937 0)
(0.0155791 1.53864 0)
(0.0124343 1.12055 0)
(0.0098317 1.25176 0)
(-0.00313182 1.89066 0)
(0.0368148 1.9546 0)
(0.0476747 1.95174 0)
(0.0734696 1.93722 0)
(0.0955373 1.91721 0)
(0.115461 1.89136 0)
(0.131276 1.85999 0)
(0.141156 1.82355 0)
(0.14299 1.78271 0)
(0.135698 1.742 0)
(0.121716 1.70808 0)
(0.104742 1.68235 0)
(0.0867889 1.66287 0)
(0.0689398 1.64826 0)
(0.051902 1.63751 0)
(0.0359224 1.62985 0)
(0.0229694 1.62385 0)
(0.00667022 1.58629 0)
(0.00390047 1.15412 0)
(0.00296199 1.243 0)
(5.50788e-05 1.83988 0)
(0.0231882 1.89879 0)
(0.0332839 1.90036 0)
(0.0512763 1.89354 0)
(0.0682075 1.88226 0)
(0.0847391 1.8658 0)
(0.0991544 1.8437 0)
(0.109462 1.81598 0)
(0.11317 1.78318 0)
(0.108498 1.74949 0)
(0.0972582 1.7214 0)
(0.0830373 1.70056 0)
(0.0679696 1.68544 0)
(0.0532355 1.67483 0)
(0.0395465 1.6677 0)
(0.0271404 1.66317 0)
(0.0169526 1.65949 0)
(0.00570667 1.6221 0)
(0.00175191 1.1725 0)
(0.000504984 1.24554 0)
(0.00189863 1.81326 0)
(0.0153488 1.86713 0)
(0.0247566 1.86861 0)
(0.0377404 1.86418 0)
(0.0507598 1.85669 0)
(0.0638742 1.84535 0)
(0.0758937 1.82942 0)
(0.0851716 1.80845 0)
(0.0893216 1.78258 0)
(0.0862973 1.75531 0)
(0.0774111 1.7325 0)
(0.0658837 1.71582 0)
(0.0536921 1.70403 0)
(0.0418873 1.69601 0)
(0.0310214 1.69079 0)
(0.0212573 1.68755 0)
(0.0129653 1.68447 0)
(0.00478831 1.64609 0)
(0.000878981 1.1822 0)
(0.000128094 1.24424 0)
(0.00253258 1.79487 0)
(0.0106236 1.84578 0)
(0.0182853 1.8471 0)
(0.0278657 1.8439 0)
(0.0380318 1.83843 0)
(0.0485084 1.83006 0)
(0.0583895 1.8181 0)
(0.0663569 1.80201 0)
(0.0703498 1.78163 0)
(0.0683863 1.75978 0)
(0.0614033 1.74143 0)
(0.0521552 1.72809 0)
(0.0423525 1.71874 0)
(0.032882 1.71243 0)
(0.0241986 1.70835 0)
(0.0164725 1.70583 0)
(0.00985201 1.70306 0)
(0.00380155 1.66383 0)
(0.000550039 1.18965 0)
(0.000177878 1.2398 0)
(0.00255229 1.78002 0)
(0.00793107 1.82897 0)
(0.0138256 1.83037 0)
(0.0209083 1.82814 0)
(0.0287291 1.82419 0)
(0.0369917 1.81799 0)
(0.0449986 1.80894 0)
(0.0516771 1.79653 0)
(0.055287 1.78051 0)
(0.0540248 1.76309 0)
(0.0485469 1.74841 0)
(0.0411577 1.73776 0)
(0.0333085 1.73035 0)
(0.0257478 1.72539 0)
(0.0188584 1.72222 0)
(0.0127936 1.7203 0)
(0.00759243 1.71779 0)
(0.00299875 1.67789 0)
(0.000407983 1.19599 0)
(0.00019411 1.23554 0)
(0.00219227 1.76848 0)
(0.00611588 1.81596 0)
(0.010643 1.81741 0)
(0.0159757 1.81581 0)
(0.0219706 1.81293 0)
(0.0284084 1.80833 0)
(0.034784 1.80149 0)
(0.0402537 1.79192 0)
(0.04338 1.77937 0)
(0.0425758 1.76555 0)
(0.0382885 1.75386 0)
(0.0324196 1.74541 0)
(0.0261809 1.73956 0)
(0.0201909 1.73569 0)
(0.0147573 1.73324 0)
(0.01 1.73177 0)
(0.00591526 1.72945 0)
(0.00234945 1.68895 0)
(0.000308495 1.20103 0)
(0.000180885 1.23202 0)
(0.00177547 1.75968 0)
(0.00474753 1.80608 0)
(0.00823252 1.80756 0)
(0.0123136 1.80637 0)
(0.0169358 1.8042 0)
(0.0219437 1.80074 0)
(0.0269738 1.79553 0)
(0.0313806 1.78815 0)
(0.0340061 1.77833 0)
(0.0334961 1.76741 0)
(0.0301491 1.75815 0)
(0.0255126 1.75146 0)
(0.0205803 1.74685 0)
(0.0158522 1.74382 0)
(0.0115722 1.74191 0)
(0.00783347 1.74076 0)
(0.00462287 1.73857 0)
(0.0018318 1.69759 0)
(0.00023264 1.20492 0)
(0.000157931 1.22918 0)
(0.00141042 1.75289 0)
(0.00369164 1.7985 0)
(0.00638029 1.80002 0)
(0.00952901 1.79911 0)
(0.0131089 1.79746 0)
(0.0170095 1.79482 0)
(0.020965 1.79082 0)
(0.0244829 1.78511 0)
(0.0266444 1.77743 0)
(0.0263221 1.76883 0)
(0.0237124 1.76151 0)
(0.0200607 1.75623 0)
(0.0161715 1.7526 0)
(0.0124457 1.75021 0)
(0.00907731 1.74872 0)
(0.0061388 1.74781 0)
(0.003617 1.74572 0)
(0.00142746 1.70433 0)
(0.000176169 1.20792 0)
(0.000132131 1.22688 0)
(0.00111199 1.74761 0)
(0.00287525 1.79262 0)
(0.0049563 1.79418 0)
(0.00739513 1.79349 0)
(0.0101737 1.79222 0)
(0.0132147 1.79019 0)
(0.0163204 1.7871 0)
(0.0191136 1.78267 0)
(0.0208701 1.77668 0)
(0.0206672 1.76991 0)
(0.0186325 1.76413 0)
(0.0157614 1.75997 0)
(0.0127003 1.75711 0)
(0.00976895 1.75524 0)
(0.0071209 1.75407 0)
(0.00481244 1.75335 0)
(0.00283251 1.75134 0)
(0.00111293 1.70962 0)
(0.000133688 1.21025 0)
(0.000107278 1.22505 0)
(0.000873888 1.7435 0)
(0.00224446 1.78805 0)
(0.00386069 1.78964 0)
(0.00575474 1.78912 0)
(0.00791507 1.78814 0)
(0.0102871 1.78657 0)
(0.0127222 1.78418 0)
(0.0149304 1.78074 0)
(0.0163438 1.77605 0)
(0.0162161 1.77073 0)
(0.0146297 1.76619 0)
(0.0123755 1.76291 0)
(0.00996989 1.76066 0)
(0.00766628 1.75919 0)
(0.00558586 1.75827 0)
(0.00377255 1.7577 0)
(0.0022181 1.75575 0)
(0.000867392 1.71377 0)
(0.000101357 1.21206 0)
(8.62499e-05 1.22362 0)
(0.00068569 1.74029 0)
(0.00175286 1.78449 0)
(0.00300953 1.78611 0)
(0.00448349 1.78571 0)
(0.00616691 1.78496 0)
(0.00801933 1.78374 0)
(0.00992758 1.78189 0)
(0.0116682 1.7792 0)
(0.0127975 1.77554 0)
(0.0127173 1.77136 0)
(0.0114806 1.76779 0)
(0.0097132 1.76521 0)
(0.00782532 1.76345 0)
(0.00601683 1.76229 0)
(0.00438322 1.76157 0)
(0.00295901 1.76111 0)
(0.00173853 1.75921 0)
(0.000676928 1.71702 0)
(7.73248e-05 1.21347 0)
(6.86942e-05 1.22248 0)
(0.000537868 1.73779 0)
(0.00136967 1.78172 0)
(0.00234846 1.78336 0)
(0.00349756 1.78306 0)
(0.00481076 1.78247 0)
(0.00625794 1.78152 0)
(0.00775249 1.78008 0)
(0.00912196 1.77799 0)
(0.01002 1.77513 0)
(0.00997006 1.77185 0)
(0.00900577 1.76905 0)
(0.00762065 1.76702 0)
(0.00613911 1.76563 0)
(0.00471896 1.76473 0)
(0.00343614 1.76416 0)
(0.002318 1.76379 0)
(0.00136079 1.76193 0)
(0.000527663 1.71957 0)
(5.88234e-05 1.21456 0)
(5.40914e-05 1.22159 0)
(0.000420691 1.73583 0)
(0.00106974 1.77956 0)
(0.00183391 1.78121 0)
(0.0027313 1.78099 0)
(0.00375686 1.78053 0)
(0.00488791 1.77979 0)
(0.00605804 1.77867 0)
(0.00713408 1.77704 0)
(0.0078457 1.7748 0)
(0.00781487 1.77223 0)
(0.00706273 1.77003 0)
(0.00597742 1.76844 0)
(0.00481506 1.76735 0)
(0.00370034 1.76664 0)
(0.00269346 1.76619 0)
(0.00181594 1.7659 0)
(0.00106535 1.76406 0)
(0.000411461 1.72157 0)
(4.50194e-05 1.21541 0)
(4.25895e-05 1.22089 0)
(0.000329256 1.7343 0)
(0.000836641 1.77787 0)
(0.00143364 1.77954 0)
(0.00213408 1.77937 0)
(0.00293522 1.77901 0)
(0.00381967 1.77844 0)
(0.00473619 1.77756 0)
(0.00558128 1.77629 0)
(0.0061437 1.77454 0)
(0.00612453 1.77253 0)
(0.00553705 1.7708 0)
(0.00468624 1.76955 0)
(0.00377441 1.76869 0)
(0.00290017 1.76813 0)
(0.00211088 1.76778 0)
(0.00142298 1.76754 0)
(0.000834919 1.76574 0)
(0.000321727 1.72314 0)
(3.47451e-05 1.21607 0)
(3.33606e-05 1.22035 0)
(0.000257908 1.7331 0)
(0.000655281 1.77654 0)
(0.00112227 1.77823 0)
(0.00166935 1.7781 0)
(0.00229547 1.77782 0)
(0.00298715 1.77738 0)
(0.00370487 1.77669 0)
(0.004368 1.7757 0)
(0.00481137 1.77433 0)
(0.0047993 1.77275 0)
(0.00434015 1.7714 0)
(0.00367332 1.77042 0)
(0.00295838 1.76975 0)
(0.00227288 1.76931 0)
(0.00165401 1.76904 0)
(0.00111448 1.76884 0)
(0.000653396 1.76705 0)
(0.000250924 1.72437 0)
(2.6481e-05 1.21659 0)
(2.64225e-05 1.21992 0)
(0.000202119 1.73216 0)
(0.000512483 1.77551 0)
(0.000877495 1.7772 0)
(0.0013053 1.77711 0)
(0.00179537 1.77689 0)
(0.00233689 1.77654 0)
(0.0028991 1.77601 0)
(0.00341909 1.77523 0)
(0.00376797 1.77416 0)
(0.00376042 1.77293 0)
(0.00340168 1.77186 0)
(0.00287967 1.7711 0)
(0.00231988 1.77057 0)
(0.00178295 1.77023 0)
(0.00129785 1.77002 0)
(0.000874455 1.76985 0)
(0.000512411 1.76808 0)
(0.000196054 1.72533 0)
(2.03355e-05 1.21699 0)
(2.04741e-05 1.21958 0)
(0.000158048 1.73143 0)
(0.000401249 1.77471 0)
(0.000687191 1.7764 0)
(0.00102223 1.77634 0)
(0.00140615 1.77617 0)
(0.00183039 1.7759 0)
(0.00227094 1.77548 0)
(0.00267866 1.77488 0)
(0.00295297 1.77404 0)
(0.00294833 1.77307 0)
(0.00266794 1.77224 0)
(0.002259 1.77164 0)
(0.00182013 1.77123 0)
(0.00139894 1.77096 0)
(0.00101831 1.77079 0)
(0.000686073 1.77066 0)
(0.000401986 1.76889 0)
(0.000153954 1.72609 0)
(1.59886e-05 1.2173 0)
(1.65537e-05 1.21931 0)
(0.000124166 1.73084 0)
(0.000313309 1.77406 0)
(0.000536369 1.77576 0)
(0.000797918 1.77572 0)
(0.0010977 1.77559 0)
(0.00142905 1.77537 0)
(0.00177349 1.77505 0)
(0.00209298 1.77457 0)
(0.00230906 1.77392 0)
(0.00230702 1.77316 0)
(0.0020884 1.77251 0)
(0.0017687 1.77204 0)
(0.00142526 1.77172 0)
(0.00109538 1.77151 0)
(0.000797113 1.77138 0)
(0.00053671 1.77126 0)
(0.000313959 1.76951 0)
(0.000119191 1.72666 0)
(1.17973e-05 1.21753 0)
(1.26698e-05 1.21912 0)
(9.83531e-05 1.73043 0)
(0.000249186 1.7736 0)
(0.00042658 1.7753 0)
(0.000633922 1.77528 0)
(0.000871086 1.77518 0)
(0.00113256 1.77501 0)
(0.00140365 1.77476 0)
(0.00165437 1.77439 0)
(0.00182345 1.77387 0)
(0.00182147 1.77328 0)
(0.00164957 1.77277 0)
(0.00139764 1.7724 0)
(0.00112667 1.77215 0)
(0.000866142 1.77198 0)
(0.00063048 1.77188 0)
(0.000424797 1.77178 0)
(0.000249082 1.77003 0)
(9.5849e-05 1.72716 0)
(1.03965e-05 1.21774 0)
(9.63396e-06 1.21893 0)
(7.32376e-05 1.73001 0)
(0.00018648 1.77314 0)
(0.000319691 1.77485 0)
(0.000476788 1.77484 0)
(0.000657604 1.77476 0)
(0.000858722 1.77463 0)
(0.0010696 1.77443 0)
(0.00126754 1.77414 0)
(0.00140385 1.77373 0)
(0.00140536 1.77327 0)
(0.00127227 1.77288 0)
(0.00107723 1.77259 0)
(0.000867818 1.7724 0)
(0.000666907 1.77227 0)
(0.000485352 1.77219 0)
(0.000326966 1.77211 0)
(0.000191458 1.77037 0)
(7.25791e-05 1.72746 0)
(7.02504e-06 1.21786 0)
(1.06801e-05 1.21885 0)
(6.74444e-05 1.72983 0)
(0.000161615 1.77294 0)
(0.000273247 1.77465 0)
(0.000402589 1.77465 0)
(0.000549576 1.77459 0)
(0.00071003 1.77449 0)
(0.000874515 1.77433 0)
(0.00102488 1.77411 0)
(0.00112594 1.7738 0)
(0.00112848 1.77343 0)
(0.00102756 1.77312 0)
(0.000874209 1.77289 0)
(0.000706826 1.77273 0)
(0.00054435 1.77263 0)
(0.000396693 1.77256 0)
(0.0002673 1.77249 0)
(0.000156992 1.77075 0)
(6.04487e-05 1.72783 0)
(6.90915e-06 1.21802 0)
(3.51209e-06 1.21867 0)
(4.38358e-05 1.7295 0)
(0.000117361 1.77257 0)
(0.000204312 1.77429 0)
(0.000307499 1.7743 0)
(0.000425881 1.77425 0)
(0.000557936 1.77417 0)
(0.000697091 1.77405 0)
(0.000827738 1.77387 0)
(0.000916662 1.77361 0)
(0.000904181 1.77333 0)
(0.000811854 1.77309 0)
(0.000684116 1.77293 0)
(0.000549746 1.77281 0)
(0.000422479 1.77274 0)
(0.000307919 1.77269 0)
(0.000208866 1.77263 0)
(0.000124209 1.7709 0)
(5.06375e-05 1.72796 0)
(6.93864e-06 1.21807 0)
(1.44535e-06 1.21865 0)
(2.59697e-05 1.7294 0)
(7.41133e-05 1.77245 0)
(0.00012975 1.77417 0)
(0.000195573 1.77418 0)
(0.000273251 1.77415 0)
(0.000361119 1.77409 0)
(0.000454828 1.774 0)
(0.000545389 1.77388 0)
(0.000611691 1.7737 0)
(0.000627982 1.77349 0)
(0.000579572 1.77331 0)
(0.000500298 1.77318 0)
(0.000410144 1.77309 0)
(0.000319017 1.77303 0)
(0.00023453 1.77299 0)
(0.000158259 1.77293 0)
(9.28031e-05 1.7712 0)
(3.50778e-05 1.72825 0)
(2.94718e-06 1.21822 0)
(5.26351e-06 1.21862 0)
(3.201e-05 1.72929 0)
(7.90788e-05 1.77236 0)
(0.000131529 1.77408 0)
(0.000190971 1.77411 0)
(0.000257803 1.77407 0)
(0.000332139 1.77402 0)
(0.000409866 1.77394 0)
(0.000482517 1.77383 0)
(0.000532669 1.77367 0)
(0.000536916 1.7735 0)
(0.000488073 1.77335 0)
(0.00041196 1.77324 0)
(0.000329356 1.77317 0)
(0.000251338 1.77312 0)
(0.000181967 1.77309 0)
(0.000121832 1.77303 0)
(7.02154e-05 1.7713 0)
(2.43195e-05 1.72834 0)
(1.19756e-06 1.21824 0)
(3.9351e-06 1.21853 0)
(1.69279e-05 1.72916 0)
(3.94645e-05 1.77218 0)
(7.40923e-05 1.7739 0)
(0.000117252 1.77392 0)
(0.000167548 1.77389 0)
(0.000223636 1.77385 0)
(0.000281894 1.7738 0)
(0.000334951 1.77372 0)
(0.000370369 1.77361 0)
(0.000370261 1.77348 0)
(0.000337659 1.77337 0)
(0.000290018 1.7733 0)
(0.000239 1.77325 0)
(0.000189489 1.77322 0)
(0.00014314 1.77321 0)
(0.000101083 1.77317 0)
(6.33673e-05 1.77145 0)
(2.66686e-05 1.72849 0)
(3.93197e-06 1.21831 0)
(-0.456164 2.06423 1.47695e-22)
(0.33857 2.97213 -1.52254e-19)
(-0.121442 3.00624 2.30817e-19)
(0.0873208 2.99964 0)
(-0.0857415 3.0296 0)
(-0.0941277 3.07985 1.37129e-20)
(-0.0500248 3.11735 1.06132e-20)
(-0.09285 3.16949 5.75859e-20)
(0.0983468 3.21745 1.29195e-21)
(-0.0422625 3.02927 2.7276e-19)
(-0.125918 2.48757 6.05168e-23)
(0.164576 2.92622 9.54485e-20)
(-0.160384 3.07737 0)
(0.031702 3.07599 0)
(-0.109108 3.09321 -1.44947e-22)
(-0.062648 3.13648 3.64061e-20)
(-0.0146994 3.14939 -1.10088e-20)
(-0.0565283 3.15339 -2.02269e-21)
(0.060613 3.11634 2.13807e-21)
(-0.0683675 2.51658 0)
(-0.114314 2.41177 -7.24663e-20)
(0.104585 2.99744 5.64796e-20)
(-0.11515 3.10729 0)
(0.0415604 3.09917 4.86348e-20)
(-0.0651588 3.119 -7.44912e-22)
(-0.0173942 3.12957 -4.8435e-20)
(0.00503852 3.13322 -1.0561e-19)
(-0.0522731 3.12867 -3.98071e-22)
(0.0502845 3.11455 2.50616e-21)
(-0.0987122 2.55915 0)
(-0.102008 2.42395 8.18371e-20)
(0.0916491 3.02594 0)
(-0.100326 3.12022 -2.75719e-20)
(0.0334328 3.10699 -4.04314e-21)
(-0.0529197 3.12441 3.15798e-21)
(-0.0060247 3.13281 -7.00733e-20)
(0.00303849 3.13396 4.29121e-20)
(-0.0365546 3.13195 -2.59601e-21)
(0.0424149 3.12205 4.06839e-21)
(-0.075855 2.53871 9.2624e-20)
(-0.0854077 2.42105 -4.57852e-21)
(0.066606 3.03223 0)
(-0.0698414 3.12382 7.96505e-20)
(0.0390542 3.11094 -4.97067e-20)
(-0.0344385 3.12603 -4.49187e-22)
(0.00482568 3.12653 -9.37647e-21)
(0.0027587 3.13481 -1.14958e-20)
(-0.0289831 3.12847 -9.65017e-20)
(0.0353107 3.1271 2.77708e-21)
(-0.0608129 2.5463 -2.00246e-19)
(-0.0665915 2.45201 0)
(0.064252 3.04953 -6.92633e-20)
(-0.0573082 3.13082 1.74029e-20)
(0.0346001 3.1135 -4.74762e-21)
(-0.0278253 3.13611 4.83245e-21)
(0.00868493 3.1293 7.52335e-20)
(0.00324904 3.14312 8.1062e-20)
(-0.0184327 3.13905 1.96083e-19)
(0.0286887 3.13457 9.83926e-20)
(-0.0447757 2.53665 -1.18634e-20)
(-0.0501314 2.44907 0)
(0.0454854 3.05239 7.25072e-20)
(-0.0393187 3.13715 -7.07318e-20)
(0.0318229 3.11379 -5.77776e-21)
(-0.0172495 3.13677 1.17497e-20)
(0.0102991 3.12822 2.74837e-22)
(0.00507858 3.14518 -6.45498e-21)
(-0.00969198 3.13604 -1.08228e-19)
(0.0267078 3.13604 -1.00746e-19)
(-0.0293087 2.55021 -1.5354e-20)
(-0.0410443 2.46883 9.02607e-20)
(0.0351057 3.05298 -4.45245e-21)
(-0.0290399 3.13035 3.05358e-21)
(0.0242804 3.11217 0)
(-0.0132802 3.13628 0)
(0.00859527 3.12504 0)
(0.00801758 3.14328 0)
(-0.00303508 3.13696 1.34525e-19)
(0.0238477 3.1303 -1.41788e-19)
(-0.0116559 2.55199 1.37091e-19)
(-0.0364222 2.46576 1.84079e-20)
(0.0245737 3.0409 1.2018e-19)
(-0.0244753 3.121 0)
(0.0138815 3.10192 -7.87897e-21)
(-0.00830167 3.12418 8.02178e-21)
(0.0052439 3.11331 0)
(0.0121744 3.13376 -4.4866e-21)
(0.00145593 3.12776 -1.32057e-19)
(0.02719 3.11986 1.42341e-19)
(0.00261305 2.58056 0)
(-0.0338535 2.47761 1.22664e-20)
(0.00934796 3.04051 -1.86222e-19)
(-0.0247741 3.1151 0)
(0.00128123 3.10047 0)
(-0.0095014 3.11672 9.07238e-21)
(-0.00168115 3.10986 -7.00604e-20)
(0.0100809 3.12528 -9.62523e-21)
(0.00197321 3.12388 8.35939e-20)
(0.027252 3.11636 0)
(0.00347681 2.62261 0)
(-0.0319946 2.5249 -1.94053e-19)
(-0.0120529 3.06259 6.48817e-20)
(-0.0247676 3.1134 0)
(-0.0120133 3.10866 0)
(-0.0112375 3.11265 0)
(-0.00438212 3.11012 1.50565e-19)
(0.00707741 3.12038 0)
(0.00372517 3.12116 -8.92203e-20)
(0.0284062 3.11335 5.55577e-21)
(0.0100392 2.6741 9.82767e-20)
(-0.0356473 2.61077 7.01909e-20)
(-0.0219863 3.07502 -6.82337e-21)
(-0.0269008 3.11108 8.8763e-20)
(-0.0189086 3.10614 8.7475e-20)
(-0.0149433 3.10054 0)
(-0.00628323 3.09989 -8.39608e-20)
(0.00201229 3.10095 0)
(0.00666891 3.10398 0)
(0.0309686 3.09439 0)
(0.0170455 2.71483 -9.8733e-20)
(-0.0387721 2.67548 -8.74263e-20)
(-0.0407103 3.06623 9.10181e-20)
(-0.0295405 3.08025 -8.34124e-20)
(-0.0294876 3.07172 -1.36772e-19)
(-0.0145634 3.06036 0)
(-0.0067278 3.05819 1.28467e-20)
(0.00557683 3.05676 -6.52644e-21)
(0.0174298 3.06168 5.11005e-20)
(0.0363442 3.05628 6.32155e-20)
(0.0247917 2.76375 -6.55423e-20)
(-0.0372464 2.7399 8.95597e-20)
(-0.0506256 3.03779 -8.66991e-20)
(-0.0317378 3.03723 6.58661e-21)
(-0.0221924 3.02926 3.68478e-20)
(-0.00987607 3.02701 -5.74546e-20)
(0.00320645 3.02751 0)
(0.0171203 3.03009 6.10164e-20)
(0.0266236 3.0333 5.18516e-21)
(0.0478344 3.03535 -1.2533e-19)
(0.0286018 2.82408 -6.52062e-21)
(-0.0321016 2.85141 -2.92737e-20)
(-0.044979 3.01918 6.93926e-21)
(-0.0304402 3.01632 -3.62168e-20)
(-0.0129025 3.0106 1.50857e-20)
(-0.0047153 3.0103 7.10153e-20)
(0.00451432 3.01097 -3.03935e-20)
(0.0132064 3.01161 -2.88368e-20)
(0.0232022 3.01479 -2.98494e-20)
(0.0417323 3.01818 6.57863e-20)
(0.0255135 2.90132 3.10466e-20)
(-0.0143784 2.949 2.35028e-20)
(-0.0264986 3.00137 1.03776e-20)
(-0.0121693 2.9991 1.98857e-20)
(-0.00683996 3.00007 -4.10665e-20)
(-0.00201639 3.00133 1.39487e-20)
(0.00216899 3.00143 2.79984e-20)
(0.00598251 3.00007 -2.93506e-20)
(0.00993878 2.99927 -3.07732e-20)
(0.0194922 2.99863 4.30603e-21)
(0.0147574 2.95611 3.03487e-20)
)
;

boundaryField
{
    wall-4
    {
        type            noSlip;
    }
    pressure-outlet-7
    {
        type            zeroGradient;
    }
    velocity-inlet-6
    {
        type            fixedValue;
        value           uniform (0 3 0);
    }
    velocity-inlet-5
    {
        type            fixedValue;
        value           uniform (1 0 0);
    }
    frontAndBackPlanes
    {
        type            empty;
    }
}


// ************************************************************************* //
