/*--------------------------------*- C++ -*----------------------------------*\
  =========                 |
  \\      /  F ield         | OpenFOAM: The Open Source CFD Toolbox
   \\    /   O peration     | Website:  https://openfoam.org
    \\  /    A nd           | Version:  9
     \\/     M anipulation  |
\*---------------------------------------------------------------------------*/
FoamFile
{
    format      ascii;
    class       volVectorField;
    location    "40";
    object      U;
}
// * * * * * * * * * * * * * * * * * * * * * * * * * * * * * * * * * * * * * //

dimensions      [0 1 -1 0 0 0 0];

internalField   nonuniform List<vector> 
2200
(
(0.878852 -0.0304156 0)
(1.00579 -0.0512866 0)
(1.00331 -0.0353991 0)
(1.0003 -0.0244603 0)
(0.999869 -0.0166857 0)
(1 -0.0107407 0)
(1.00003 -0.00688558 0)
(1.00003 -0.00425706 0)
(1.00004 -0.00229788 0)
(1.00017 -0.000708406 0)
(1.00006 0.000903748 0)
(1.00006 0.00253248 0)
(1.00004 0.0045021 0)
(0.999991 0.00708607 0)
(1.00002 0.0108871 0)
(0.999863 0.0167147 0)
(1.00023 0.0244488 0)
(1.00348 0.0350326 0)
(1.00593 0.0513636 0)
(0.878985 0.0303353 0)
(0.711954 -0.032768 0)
(0.996614 -0.0630327 0)
(1.03324 -0.056208 0)
(1.02482 -0.046466 0)
(1.01589 -0.0361823 0)
(1.00965 -0.0264555 0)
(1.00584 -0.0181633 0)
(1.0037 -0.0114206 0)
(1.00251 -0.00604144 0)
(1.00197 -0.00157348 0)
(1.00195 0.00261176 0)
(1.00245 0.00695373 0)
(1.00359 0.0121179 0)
(1.00577 0.018759 0)
(1.00948 0.0270818 0)
(1.01566 0.0368053 0)
(1.0247 0.0472303 0)
(1.03304 0.0575644 0)
(0.996637 0.063149 0)
(0.711771 0.03298 0)
(0.535517 -0.0238939 0)
(0.969854 -0.0569396 0)
(1.05641 -0.0547148 0)
(1.05224 -0.0487593 0)
(1.03623 -0.0404468 0)
(1.02449 -0.0323325 0)
(1.01598 -0.0240896 0)
(1.01045 -0.0162421 0)
(1.00725 -0.00899679 0)
(1.00578 -0.00243986 0)
(1.00571 0.00393991 0)
(1.00708 0.0104547 0)
(1.01023 0.0176206 0)
(1.01577 0.0253418 0)
(1.02424 0.0332814 0)
(1.03603 0.0412568 0)
(1.05204 0.049313 0)
(1.05634 0.0536917 0)
(0.969228 0.0575468 0)
(0.534467 0.0239284 0)
(0.39216 -0.0136664 0)
(0.911643 -0.0464462 0)
(1.05739 -0.0470125 0)
(1.0694 -0.0444226 0)
(1.05472 -0.038274 0)
(1.03922 -0.0316169 0)
(1.02754 -0.0248276 0)
(1.01902 -0.0175968 0)
(1.0136 -0.0101025 0)
(1.01091 -0.00252379 0)
(1.0108 0.00507627 0)
(1.01331 0.0125082 0)
(1.0186 0.0197395 0)
(1.02681 0.0265871 0)
(1.03841 0.0329744 0)
(1.05402 0.0394188 0)
(1.0685 0.0454813 0)
(1.05577 0.0480841 0)
(0.910121 0.0469126 0)
(0.390207 0.0137495 0)
(0.307453 -0.00452465 0)
(0.846496 -0.0324194 0)
(1.0493 -0.0400053 0)
(1.07942 -0.0382395 0)
(1.06814 -0.0335938 0)
(1.05158 -0.0279496 0)
(1.03823 -0.022653 0)
(1.02804 -0.0166999 0)
(1.02102 -0.00987557 0)
(1.01724 -0.00237127 0)
(1.01702 0.00537717 0)
(1.02047 0.0126707 0)
(1.02715 0.0191742 0)
(1.03724 0.0248292 0)
(1.05044 0.0299334 0)
(1.06678 0.0353223 0)
(1.07778 0.0397708 0)
(1.04732 0.0414296 0)
(0.843332 0.032878 0)
(0.304259 0.00469675 0)
(0.26398 0.000103595 0)
(0.788689 -0.0200838 0)
(1.03321 -0.0314983 0)
(1.08347 -0.0321176 0)
(1.07729 -0.0288801 0)
(1.06081 -0.0239916 0)
(1.04711 -0.0194914 0)
(1.03626 -0.014465 0)
(1.02846 -0.00846773 0)
(1.02406 -0.0014904 0)
(1.02377 0.00583567 0)
(1.02764 0.0125284 0)
(1.035 0.0180759 0)
(1.04543 0.0227336 0)
(1.05884 0.0265929 0)
(1.07522 0.0311041 0)
(1.08091 0.0338713 0)
(1.02988 0.0330451 0)
(0.783612 0.0206412 0)
(0.259574 8.37753e-05 0)
(0.23997 0.00105687 0)
(0.737851 -0.0123361 0)
(1.01327 -0.0251272 0)
(1.08373 -0.0269672 0)
(1.08277 -0.0247671 0)
(1.06762 -0.0207026 0)
(1.05403 -0.016749 0)
(1.04322 -0.0122523 0)
(1.03516 -0.00695182 0)
(1.03033 -0.000701545 0)
(1.02987 0.00592749 0)
(1.03386 0.0118333 0)
(1.0414 0.0167092 0)
(1.05174 0.0206363 0)
(1.06525 0.0243022 0)
(1.08 0.0277448 0)
(1.08041 0.0294154 0)
(1.00819 0.02696 0)
(0.730051 0.0130391 0)
(0.234069 -0.000862568 0)
(0.225504 0.000939731 0)
(0.694737 -0.00811785 0)
(0.992537 -0.02091 0)
(1.08183 -0.0233685 0)
(1.08652 -0.0215897 0)
(1.07305 -0.0181636 0)
(1.05964 -0.014414 0)
(1.04905 -0.0101149 0)
(1.0411 -0.00515559 0)
(1.03623 0.000501916 0)
(1.03566 0.00635487 0)
(1.03947 0.0115694 0)
(1.04651 0.0158633 0)
(1.05656 0.0195035 0)
(1.0695 0.0224604 0)
(1.08231 0.0251914 0)
(1.07636 0.026192 0)
(0.984567 0.023015 0)
(0.683803 0.0089652 0)
(0.217983 -0.000741165 0)
(0.215799 0.000613195 0)
(0.65911 -0.00570885 0)
(0.97176 -0.017751 0)
(1.07888 -0.0204548 0)
(1.08961 -0.0189474 0)
(1.07771 -0.0158975 0)
(1.06446 -0.0123916 0)
(1.05413 -0.00829926 0)
(1.04636 -0.0036388 0)
(1.04135 0.00157163 0)
(1.04043 0.00680712 0)
(1.04395 0.011618 0)
(1.0507 0.0154561 0)
(1.06024 0.0186571 0)
(1.07306 0.0214026 0)
(1.08412 0.023647 0)
(1.07196 0.0242857 0)
(0.961051 0.0204409 0)
(0.644366 0.00683286 0)
(0.206197 -0.000381023 0)
(0.208551 0.000299659 0)
(0.630385 -0.00422784 0)
(0.952498 -0.0150229 0)
(1.07552 -0.0179906 0)
(1.09264 -0.0167624 0)
(1.08214 -0.0139592 0)
(1.06878 -0.0104812 0)
(1.05844 -0.00658535 0)
(1.05078 -0.00209677 0)
(1.04597 0.00282653 0)
(1.04505 0.00774071 0)
(1.048 0.0119677 0)
(1.0541 0.0155178 0)
(1.06332 0.0184114 0)
(1.07595 0.0208657 0)
(1.08505 0.0226485 0)
(1.06523 0.0227697 0)
(0.937035 0.0183516 0)
(0.610651 0.00560834 0)
(0.196356 -1.32302e-05 0)
(0.202704 7.63448e-05 0)
(0.607125 -0.00316861 0)
(0.934884 -0.0126923 0)
(1.07234 -0.0158518 0)
(1.09561 -0.0147411 0)
(1.08662 -0.0120647 0)
(1.07311 -0.00872498 0)
(1.06241 -0.00499101 0)
(1.05441 -0.000728402 0)
(1.04917 0.00399271 0)
(1.04757 0.00883913 0)
(1.05024 0.0128648 0)
(1.05653 0.015957 0)
(1.06596 0.0184114 0)
(1.0785 0.0205671 0)
(1.08597 0.0220529 0)
(1.05934 0.0216992 0)
(0.914645 0.0166063 0)
(0.581785 0.0048357 0)
(0.187407 0.000258666 0)
(0.197969 4.63872e-06 0)
(0.588453 -0.00228294 0)
(0.918317 -0.0102886 0)
(1.06896 -0.0135794 0)
(1.09904 -0.0127118 0)
(1.0913 -0.0101185 0)
(1.07742 -0.00666019 0)
(1.06633 -0.00297926 0)
(1.05803 0.00121513 0)
(1.05276 0.0058219 0)
(1.05118 0.0104064 0)
(1.05343 0.0140238 0)
(1.05909 0.0167186 0)
(1.06841 0.0189022 0)
(1.08113 0.0207528 0)
(1.08605 0.0216699 0)
(1.05062 0.0206934 0)
(0.891216 0.0150535 0)
(0.556004 0.00434132 0)
(0.178878 0.000432285 0)
(0.194614 1.93242e-05 0)
(0.574529 -0.00140671 0)
(0.905046 -0.00777127 0)
(1.06614 -0.010825 0)
(1.10193 -0.00999959 0)
(1.0959 -0.0076557 0)
(1.0821 -0.00449175 0)
(1.07065 -0.000932479 0)
(1.06195 0.00326231 0)
(1.05601 0.00773621 0)
(1.05347 0.0119521 0)
(1.05527 0.0153379 0)
(1.06137 0.0178271 0)
(1.07078 0.0194886 0)
(1.08275 0.020933 0)
(1.08556 0.0212676 0)
(1.04331 0.0198486 0)
(0.870166 0.0137431 0)
(0.53379 0.00395846 0)
(0.170938 0.000504181 0)
(0.192591 5.56392e-05 0)
(0.564385 -0.000667883 0)
(0.892507 -0.005696 0)
(1.06306 -0.00843774 0)
(1.10521 -0.00747702 0)
(1.1006 -0.00495654 0)
(1.08675 -0.00174878 0)
(1.07497 0.00182346 0)
(1.06572 0.00582732 0)
(1.05925 0.010161 0)
(1.05658 0.0140828 0)
(1.05802 0.0170945 0)
(1.06305 0.0190025 0)
(1.07228 0.0203078 0)
(1.08363 0.0208968 0)
(1.08397 0.0211193 0)
(1.03197 0.0191716 0)
(0.846981 0.0126322 0)
(0.512681 0.00373176 0)
(0.163157 0.000538274 0)
(0.191945 4.59885e-05 0)
(0.557195 -6.13585e-05 0)
(0.8837 -0.00333095 0)
(1.06144 -0.00558974 0)
(1.10825 -0.00433262 0)
(1.10506 -0.00177816 0)
(1.0915 0.00162372 0)
(1.07948 0.0052343 0)
(1.06961 0.0093051 0)
(1.06208 0.0133783 0)
(1.05836 0.0167277 0)
(1.05957 0.0189567 0)
(1.0652 0.0202907 0)
(1.07397 0.0210663 0)
(1.08401 0.0216114 0)
(1.08202 0.0213448 0)
(1.02307 0.0189142 0)
(0.827162 0.0120668 0)
(0.494319 0.00369865 0)
(0.155859 0.000579075 0)
(0.192634 -6.93826e-05 0)
(0.554614 0.00100756 0)
(0.877151 -0.00122534 0)
(1.06047 -0.00283642 0)
(1.11241 -0.00122169 0)
(1.11034 0.00181464 0)
(1.09667 0.00533438 0)
(1.08439 0.00924364 0)
(1.07416 0.0130879 0)
(1.06609 0.0167632 0)
(1.06176 0.0195851 0)
(1.06191 0.0214467 0)
(1.06588 0.0222598 0)
(1.07428 0.0225999 0)
(1.08357 0.0227877 0)
(1.07802 0.0220517 0)
(1.00959 0.0189016 0)
(0.803868 0.011701 0)
(0.475108 0.00374522 0)
(0.14804 0.000636419 0)
(0.194928 0.000338148 0)
(0.555506 0.00162397 0)
(0.873832 0.0015384 0)
(1.06145 0.000754789 0)
(1.11685 0.00267028 0)
(1.11568 0.00561177 0)
(1.10194 0.00951767 0)
(1.08919 0.0133517 0)
(1.07827 0.0175322 0)
(1.06931 0.0214573 0)
(1.06388 0.0242024 0)
(1.063 0.0252111 0)
(1.06699 0.0253134 0)
(1.07484 0.0251245 0)
(1.08253 0.0243214 0)
(1.07455 0.0226925 0)
(0.998885 0.0191413 0)
(0.784693 0.0115268 0)
(0.45853 0.00380704 0)
(0.140634 0.000665721 0)
(0.199221 0.00068354 0)
(0.559112 0.00252913 0)
(0.874976 0.00405267 0)
(1.06316 0.00406568 0)
(1.12168 0.00659062 0)
(1.12156 0.0101394 0)
(1.10722 0.0140179 0)
(1.09354 0.0183391 0)
(1.0817 0.022614 0)
(1.07159 0.0263685 0)
(1.06455 0.0287075 0)
(1.06229 0.029531 0)
(1.06486 0.029096 0)
(1.07266 0.0279791 0)
(1.07966 0.0267734 0)
(1.0677 0.0244377 0)
(0.982238 0.0198426 0)
(0.760211 0.0115321 0)
(0.439373 0.00397958 0)
(0.132256 0.000706875 0)
(0.206481 0.000851705 0)
(0.567928 0.00392425 0)
(0.879874 0.00688665 0)
(1.06768 0.00878117 0)
(1.12735 0.0118921 0)
(1.12767 0.0153943 0)
(1.11272 0.0200354 0)
(1.09785 0.0245449 0)
(1.08441 0.0291393 0)
(1.07253 0.0332504 0)
(1.06461 0.0355153 0)
(1.06192 0.0353689 0)
(1.06462 0.0337414 0)
(1.07148 0.0316965 0)
(1.07631 0.0291846 0)
(1.06076 0.0260395 0)
(0.968363 0.0206167 0)
(0.740497 0.0119262 0)
(0.422867 0.00430415 0)
(0.124304 0.000745965 0)
(0.21544 0.00103775 0)
(0.581047 0.00524312 0)
(0.88968 0.0103718 0)
(1.07448 0.0137465 0)
(1.13397 0.0174413 0)
(1.13498 0.0221104 0)
(1.11927 0.0270935 0)
(1.10352 0.0323662 0)
(1.08888 0.0372606 0)
(1.07522 0.0409222 0)
(1.0645 0.0419216 0)
(1.05917 0.040849 0)
(1.05962 0.0387375 0)
(1.06614 0.035894 0)
(1.07051 0.0330937 0)
(1.05041 0.0287959 0)
(0.948313 0.0220433 0)
(0.714097 0.012748 0)
(0.401896 0.00476943 0)
(0.114656 0.000782305 0)
(0.228833 0.00144439 0)
(0.602242 0.00717564 0)
(0.90662 0.0148277 0)
(1.0852 0.0201391 0)
(1.14258 0.0249304 0)
(1.14344 0.0297152 0)
(1.12708 0.0356338 0)
(1.11013 0.0415359 0)
(1.09373 0.0469666 0)
(1.07787 0.0509636 0)
(1.06544 0.0519097 0)
(1.05976 0.0504183 0)
(1.0595 0.0467568 0)
(1.06385 0.0422642 0)
(1.06427 0.0375569 0)
(1.03925 0.0319246 0)
(0.930415 0.0242888 0)
(0.692297 0.0143123 0)
(0.382749 0.00548592 0)
(0.105142 0.000826887 0)
(0.245139 0.00201459 0)
(0.627811 0.00879184 0)
(0.928556 0.0188767 0)
(1.09934 0.0262965 0)
(1.15295 0.0322912 0)
(1.1535 0.0391907 0)
(1.13554 0.0461244 0)
(1.11689 0.0529818 0)
(1.09836 0.0589641 0)
(1.0799 0.0626723 0)
(1.06424 0.062235 0)
(1.05434 0.0586163 0)
(1.05117 0.0538787 0)
(1.05456 0.0488033 0)
(1.05547 0.0439005 0)
(1.02509 0.0369804 0)
(0.90581 0.0276381 0)
(0.661137 0.0165357 0)
(0.356154 0.00628187 0)
(0.0929641 0.000874408 0)
(0.267814 0.00285537 0)
(0.6625 0.0125978 0)
(0.957545 0.0253457 0)
(1.11808 0.0354114 0)
(1.16625 0.0433836 0)
(1.165 0.0514061 0)
(1.14496 0.0597461 0)
(1.12356 0.0675255 0)
(1.1017 0.0738543 0)
(1.07967 0.0771581 0)
(1.06152 0.0761973 0)
(1.05166 0.0719893 0)
(1.04892 0.0658566 0)
(1.05039 0.0585748 0)
(1.04477 0.051442 0)
(1.00786 0.0427281 0)
(0.881351 0.0321158 0)
(0.63267 0.0194095 0)
(0.330166 0.00730321 0)
(0.0806769 0.000932094 0)
(0.299551 0.00374974 0)
(0.708858 0.0156507 0)
(0.996164 0.0332167 0)
(1.14281 0.0465412 0)
(1.18299 0.0564435 0)
(1.17916 0.0675658 0)
(1.15549 0.0775396 0)
(1.13079 0.0861046 0)
(1.10545 0.0922047 0)
(1.07999 0.0942779 0)
(1.05813 0.0909372 0)
(1.04344 0.0837982 0)
(1.03612 0.0754023 0)
(1.03567 0.0672837 0)
(1.03178 0.0598192 0)
(0.988803 0.050035 0)
(0.849423 0.0372276 0)
(0.591554 0.0224867 0)
(0.294044 0.00807625 0)
(0.065098 0.000926155 0)
(0.336104 0.00723647 0)
(0.767103 0.0247867 0)
(1.04362 0.0460427 0)
(1.17333 0.0632635 0)
(1.20459 0.076231 0)
(1.19554 0.0895976 0)
(1.1675 0.100553 0)
(1.13849 0.109232 0)
(1.10863 0.114619 0)
(1.07835 0.115071 0)
(1.05268 0.10996 0)
(1.03727 0.101045 0)
(1.03148 0.0915981 0)
(1.03012 0.0813621 0)
(1.01678 0.0708243 0)
(0.964006 0.058278 0)
(0.814829 0.0433941 0)
(0.551676 0.0257413 0)
(0.259571 0.00900587 0)
(0.0504068 0.000813143 0)
(0.41716 0.0108776 0)
(0.853368 0.0357749 0)
(1.10689 0.0662717 0)
(1.21165 0.0882733 0)
(1.22997 0.102942 6.94731e-34)
(1.21383 0.119289 -3.10512e-34)
(1.17936 0.13021 0)
(1.1453 0.137863 0)
(1.11072 0.141241 0)
(1.07655 0.139069 0)
(1.04731 0.130456 0)
(1.02748 0.118483 0)
(1.01597 0.105756 0)
(1.00999 0.0933906 0)
(0.998163 0.0825517 0)
(0.937123 0.0685837 0)
(0.770325 0.0500143 0)
(0.495074 0.0290733 0)
(0.210921 0.00899272 0)
(0.031798 0.000711935 0)
(0.487953 0.0261268 5.28308e-20)
(0.953572 0.0593255 -3.99211e-20)
(1.1744 0.0999968 0)
(1.25077 0.125204 3.04517e-20)
(1.25768 0.141419 -2.46848e-20)
(1.2312 0.158697 3.27613e-34)
(1.18998 0.167801 0)
(1.15032 0.173613 1.71695e-20)
(1.11015 0.174851 -5.62291e-20)
(1.06999 0.170029 1.14354e-20)
(1.03548 0.158689 0)
(1.01364 0.144125 -2.87276e-20)
(1.00424 0.130128 -3.43175e-20)
(0.999892 0.11708 5.99826e-20)
(0.972728 0.101841 -4.73656e-20)
(0.891015 0.0819353 0)
(0.705184 0.0583238 -1.71285e-20)
(0.422029 0.0313803 0)
(0.157273 0.00977506 -9.42909e-20)
(0.0140132 0.00084258 1.11189e-19)
(0.522635 0.053861 -6.8861e-21)
(1.015 0.102656 1.23092e-19)
(1.22285 0.150038 -7.90904e-21)
(1.284 0.172775 -7.75669e-20)
(1.28175 0.190285 -5.23008e-20)
(1.24604 0.205471 8.49748e-20)
(1.19851 0.212037 0)
(1.15307 0.21548 0)
(1.10712 0.213973 8.96618e-20)
(1.06196 0.206157 0)
(1.02356 0.192142 1.04235e-19)
(0.996723 0.175574 3.08227e-20)
(0.97918 0.159938 3.59611e-22)
(0.961914 0.142114 -6.55926e-20)
(0.934459 0.125175 0)
(0.846647 0.10355 0)
(0.651184 0.0724872 -2.80567e-19)
(0.375114 0.0398771 7.0311e-19)
(0.137507 0.0122756 -4.17177e-19)
(0.00706266 0.00125019 -4.91832e-19)
(0.52953 0.0764161 -7.58999e-20)
(1.05086 0.159372 2.83277e-20)
(1.2585 0.210607 1.47627e-20)
(1.31033 0.231635 1.35858e-19)
(1.30047 0.247144 1.42696e-20)
(1.2573 0.257881 -2.22204e-19)
(1.20417 0.260689 7.52287e-20)
(1.15308 0.261161 0)
(1.10147 0.25692 -1.89999e-19)
(1.05047 0.247062 1.67396e-19)
(1.00563 0.230136 -2.81348e-19)
(0.974646 0.211584 1.31713e-19)
(0.955669 0.19291 -8.50682e-20)
(0.942245 0.17602 1.91669e-19)
(0.903252 0.155973 0)
(0.808168 0.127295 -7.01476e-20)
(0.619771 0.090459 0)
(0.36511 0.0488801 3.88143e-19)
(0.138153 0.0185369 -9.2117e-19)
(0.0103386 0.00100432 5.77011e-19)
(0.522453 0.108207 2.2822e-19)
(1.06836 0.215981 -9.85772e-20)
(1.27945 0.275707 -2.0348e-20)
(1.3276 0.296042 0)
(1.31256 0.308978 -9.9669e-20)
(1.26424 0.314359 1.22595e-19)
(1.20673 0.312561 -8.0482e-20)
(1.15091 0.309287 0)
(1.09485 0.301327 1.3509e-19)
(1.03913 0.286621 -1.1774e-19)
(0.990508 0.26677 2.43904e-19)
(0.955306 0.246646 0)
(0.929206 0.226676 -1.80836e-19)
(0.902545 0.205383 1.01992e-19)
(0.868341 0.183946 2.57135e-19)
(0.780559 0.156106 -2.26223e-19)
(0.605012 0.114552 3.61678e-19)
(0.366907 0.0665736 -8.00442e-19)
(0.152425 0.0274617 5.0554e-19)
(0.0193835 0.00339991 -6.32495e-19)
(0.509903 0.13243 -8.98666e-20)
(1.07458 0.270179 6.48361e-20)
(1.28965 0.341526 -6.719e-20)
(1.3366 0.361077 1.28669e-19)
(1.31812 0.371656 -1.18383e-19)
(1.26633 0.372216 3.9281e-20)
(1.20524 0.366124 3.66009e-21)
(1.14527 0.358961 -1.55175e-19)
(1.08417 0.347113 -1.41866e-19)
(1.02322 0.329834 -2.52922e-19)
(0.970149 0.308061 -5.24351e-19)
(0.929907 0.282803 -1.61033e-19)
(0.90227 0.260653 2.40539e-21)
(0.883208 0.241125 -3.4867e-19)
(0.840092 0.218334 -6.28792e-21)
(0.750519 0.183337 3.28935e-19)
(0.587243 0.137389 -9.94481e-20)
(0.368194 0.0842022 -5.7821e-20)
(0.165557 0.0380132 0)
(0.0280586 0.00659882 1.34354e-18)
(0.492317 0.153014 0)
(1.0679 0.319889 -9.744e-21)
(1.29168 0.405026 -1.40443e-20)
(1.33882 0.425183 -1.27076e-20)
(1.3178 0.434119 1.16353e-19)
(1.2638 0.430125 -9.06592e-20)
(1.20037 0.419944 8.82174e-20)
(1.13754 0.408851 2.54278e-19)
(1.07407 0.392951 -7.87176e-20)
(1.01114 0.371216 1.25688e-19)
(0.953751 0.342401 2.8181e-19)
(0.909892 0.316997 3.50716e-19)
(0.878089 0.293413 -2.10706e-19)
(0.844361 0.269583 3.7703e-19)
(0.808028 0.245036 -2.98477e-19)
(0.73063 0.214226 0)
(0.581718 0.163758 -7.54222e-19)
(0.376138 0.105092 1.0152e-18)
(0.179665 0.0506928 7.57726e-20)
(0.0365083 0.0105894 -1.41721e-18)
(0.477717 0.173258 -5.13402e-21)
(1.05897 0.367814 4.1158e-20)
(1.2882 0.465456 1.03314e-19)
(1.33605 0.486478 -1.22504e-19)
(1.31312 0.494248 9.39148e-20)
(1.25765 0.486565 -8.88896e-20)
(1.1924 0.472921 1.75984e-19)
(1.12708 0.458089 -7.73889e-20)
(1.05987 0.438552 -3.18566e-19)
(0.990287 0.412957 1.23661e-22)
(0.928472 0.38388 -3.05599e-19)
(0.883198 0.353578 -3.76402e-19)
(0.850693 0.327361 2.32003e-19)
(0.827654 0.303486 -1.3549e-19)
(0.784757 0.278976 3.23543e-19)
(0.705988 0.240033 0)
(0.56658 0.188679 -4.6677e-19)
(0.376992 0.124475 6.89333e-19)
(0.188446 0.0630074 1.30697e-18)
(0.0423173 0.0144362 -1.53762e-18)
(0.463167 0.190692 8.24618e-21)
(1.04597 0.412371 -1.10907e-20)
(1.28098 0.523211 -7.84065e-20)
(1.32934 0.545728 1.27749e-19)
(1.30483 0.552578 1.17523e-20)
(1.24836 0.541312 -1.75822e-19)
(1.18184 0.524478 -1.0108e-19)
(1.11469 0.506392 -9.71573e-20)
(1.04555 0.483376 -1.78588e-19)
(0.976217 0.453957 2.87926e-19)
(0.914374 0.419462 3.09821e-19)
(0.865162 0.386028 5.97451e-19)
(0.826929 0.358656 0)
(0.791131 0.330246 6.00864e-21)
(0.756932 0.303407 -8.85949e-19)
(0.689119 0.27045 2.0626e-19)
(0.560001 0.213834 1.00609e-18)
(0.379303 0.145112 -2.96718e-19)
(0.194698 0.0748304 6.19326e-19)
(0.0462877 0.0179984 -5.1679e-20)
(0.453603 0.209176 5.86859e-21)
(1.03382 0.455101 1.52128e-20)
(1.27112 0.577735 -4.30259e-20)
(1.31994 0.601555 1.5872e-19)
(1.29415 0.607611 -2.07424e-19)
(1.23702 0.593594 1.76099e-19)
(1.16962 0.574223 1.04787e-19)
(1.1012 0.553003 2.91999e-19)
(1.03013 0.526587 3.60736e-19)
(0.956667 0.493981 -3.30064e-19)
(0.887753 0.455933 0)
(0.837187 0.419183 -2.24792e-19)
(0.803425 0.386521 2.58084e-19)
(0.776605 0.361834 3.24133e-19)
(0.735383 0.334087 -1.87384e-19)
(0.664484 0.292484 -4.57191e-19)
(0.541761 0.236717 -1.3664e-19)
(0.372048 0.161429 -1.46419e-21)
(0.193013 0.0843858 0)
(0.0471945 0.0201421 0)
(0.445245 0.224676 -4.20455e-20)
(1.02121 0.495277 0)
(1.25967 0.629501 -3.00976e-20)
(1.30839 0.655125 -6.38013e-22)
(1.28152 0.660415 2.31548e-19)
(1.22397 0.643588 -5.96168e-20)
(1.15596 0.621652 1.0651e-19)
(1.08641 0.597837 -1.98341e-19)
(1.01334 0.568567 2.73752e-19)
(0.937534 0.532312 -1.06664e-19)
(0.869894 0.488948 1.76899e-19)
(0.818556 0.449407 7.12389e-19)
(0.777947 0.418084 1.39247e-20)
(0.742252 0.38579 -3.3809e-19)
(0.707785 0.354903 6.24825e-19)
(0.646461 0.320144 4.2809e-21)
(0.530557 0.257185 1.46186e-19)
(0.364699 0.177104 -6.97912e-19)
(0.187294 0.0913769 7.15223e-19)
(0.045768 0.0215678 -8.46269e-19)
(0.438736 0.243451 2.82027e-23)
(1.00931 0.533514 0)
(1.24726 0.678004 0)
(1.29563 0.705361 -1.4316e-20)
(1.26785 0.709817 -7.17805e-20)
(1.20997 0.690799 8.4646e-20)
(1.14147 0.666986 -2.01813e-19)
(1.07081 0.640752 0)
(0.996394 0.608952 -4.02901e-19)
(0.919341 0.569561 4.76924e-19)
(0.848805 0.524746 5.01639e-19)
(0.791696 0.482112 -2.61282e-19)
(0.753665 0.443463 -3.14728e-19)
(0.726562 0.413452 7.37302e-19)
(0.687314 0.383346 -2.21855e-19)
(0.622264 0.336317 -2.65012e-19)
(0.510447 0.274986 -1.58809e-19)
(0.352969 0.188528 -7.521e-19)
(0.179965 0.0956616 1.08958e-19)
(0.042834 0.0223383 9.13222e-19)
(0.435008 0.261859 -2.46981e-20)
(0.99839 0.569843 -2.84308e-20)
(1.23409 0.723728 2.35166e-20)
(1.28182 0.75312 -1.33522e-22)
(1.25332 0.756982 -6.38311e-20)
(1.19522 0.735765 1.44194e-19)
(1.12637 0.709932 0)
(1.05515 0.681624 1.18748e-19)
(0.979529 0.647398 -9.36345e-20)
(0.899436 0.605327 7.9465e-19)
(0.823634 0.555947 -1.1445e-19)
(0.768724 0.507485 1.29683e-19)
(0.729242 0.469942 0)
(0.691768 0.434227 -3.98867e-19)
(0.660312 0.398403 4.8217e-19)
(0.60341 0.360152 0)
(0.496063 0.288891 -3.42761e-19)
(0.338547 0.198125 1.00735e-18)
(0.169878 0.0978577 1.18685e-19)
(0.0387476 0.0221841 -1.12375e-18)
(0.432913 0.278688 -6.76934e-20)
(0.98843 0.604373 8.73639e-20)
(1.22086 0.766697 0)
(1.26774 0.797739 -1.26642e-20)
(1.23855 0.800883 0)
(1.18031 0.777962 -1.79445e-19)
(1.11132 0.750684 0)
(1.0394 0.720555 0)
(0.96236 0.684577 -1.21884e-19)
(0.880717 0.640497 -7.54788e-19)
(0.805909 0.588531 -9.25941e-19)
(0.747885 0.538825 1.50877e-19)
(0.702675 0.493861 5.42917e-19)
(0.676818 0.457622 4.38431e-19)
(0.639345 0.423669 -1.547e-18)
(0.578624 0.370013 -6.21765e-19)
(0.472667 0.30139 3.63796e-19)
(0.321876 0.202745 0)
(0.158997 0.0982235 1.02097e-18)
(0.0343919 0.0211239 -1.21052e-18)
(0.431535 0.294328 8.49432e-20)
(0.978722 0.636768 -1.04936e-19)
(1.20748 0.806776 0)
(1.25335 0.839794 -1.08118e-20)
(1.2236 0.842599 1.13877e-20)
(1.1653 0.81803 0)
(1.09613 0.789155 6.15403e-20)
(1.02354 0.757355 8.09129e-20)
(0.944966 0.719385 -2.30988e-19)
(0.860698 0.672661 1.00687e-19)
(0.779807 0.617443 0)
(0.717217 0.562481 6.25202e-19)
(0.678667 0.517401 4.68631e-21)
(0.640849 0.475767 2.36454e-19)
(0.610424 0.432582 2.80716e-19)
(0.557585 0.388903 0)
(0.455955 0.3084 -5.96338e-19)
(0.304719 0.206289 1.17079e-18)
(0.147446 0.0969188 -1.23879e-18)
(0.0300951 0.0196804 2.60708e-18)
(0.430473 0.309331 0)
(0.969958 0.668067 0)
(1.19466 0.844624 -4.82933e-20)
(1.23926 0.879108 0)
(1.20891 0.881328 0)
(1.15051 0.855452 -1.56635e-19)
(1.08122 0.82551 6.31646e-20)
(1.00804 0.792386 1.75105e-20)
(0.928461 0.753319 -5.33545e-20)
(0.842743 0.7059 0)
(0.762241 0.64921 -1.40199e-19)
(0.700002 0.59216 -5.09712e-19)
(0.650167 0.540083 -6.12362e-19)
(0.623702 0.494495 -2.45732e-19)
(0.588782 0.453899 3.04438e-19)
(0.532133 0.391292 -7.18062e-19)
(0.430832 0.314718 1.28329e-18)
(0.286082 0.204886 3.37443e-21)
(0.13595 0.0942192 -1.18945e-18)
(0.0263209 0.0180066 -1.75915e-19)
(0.429482 0.32402 0)
(0.961363 0.697438 -8.79512e-20)
(1.18198 0.879737 6.20777e-20)
(1.22527 0.915978 0)
(1.1944 0.918036 0)
(1.13596 0.89097 3.17939e-19)
(1.06655 0.859773 0)
(0.992846 0.825364 0)
(0.912092 0.78484 -5.06251e-19)
(0.824131 0.735152 1.37385e-19)
(0.73752 0.674894 -1.24591e-18)
(0.667505 0.615238 0)
(0.625445 0.561235 -6.62937e-19)
(0.585794 0.510735 1.08234e-20)
(0.557012 0.455583 -9.77106e-19)
(0.508798 0.404034 3.86561e-19)
(0.414198 0.312966 2.13063e-21)
(0.271015 0.20264 -1.35268e-18)
(0.126553 0.0905716 6.41686e-19)
(0.0228011 0.0162742 1.88245e-19)
(0.428631 0.338339 0)
(0.953832 0.726023 -1.30104e-19)
(1.17002 0.913172 6.55917e-20)
(1.21179 0.950535 6.33206e-20)
(1.18036 0.952058 -2.37569e-20)
(1.12186 0.924013 3.34227e-20)
(1.05249 0.892103 -4.12514e-20)
(0.978512 0.856736 4.98374e-19)
(0.896821 0.815463 5.41546e-19)
(0.806602 0.765732 1.05126e-18)
(0.719285 0.706263 1.03536e-18)
(0.651023 0.643919 1.81139e-19)
(0.595075 0.583066 9.53701e-19)
(0.56589 0.525983 5.87524e-19)
(0.532482 0.473717 7.01484e-19)
(0.481768 0.396134 -4.23611e-19)
(0.388628 0.309676 -4.9472e-19)
(0.255515 0.191303 5.7932e-19)
(0.119712 0.0877431 -3.43777e-19)
(0.0240544 0.0204573 6.09338e-19)
(0.427802 0.352229 1.87984e-19)
(0.946305 0.752507 2.02821e-19)
(1.15818 0.944045 3.93864e-20)
(1.19858 0.982814 1.62345e-20)
(1.16673 0.984225 4.36233e-20)
(1.10828 0.955336 -8.88993e-20)
(1.03895 0.922506 4.03802e-20)
(0.96445 0.886215 -2.06221e-20)
(0.881406 0.843815 -6.30067e-19)
(0.789522 0.792381 -1.13991e-18)
(0.698482 0.730336 7.20648e-20)
(0.620308 0.665531 0)
(0.56983 0.604679 0)
(0.524131 0.542799 -3.06146e-19)
(0.494301 0.46883 -1.14594e-18)
(0.452932 0.400078 9.1244e-19)
(0.375706 0.287897 5.4204e-19)
(0.260335 0.173547 0)
(0.131343 0.0637075 1.09611e-18)
(0.0176681 -0.0042432 -6.51842e-19)
(0.427106 0.365482 -9.94825e-20)
(0.939652 0.778211 8.85551e-20)
(1.14706 0.973568 -9.7701e-20)
(1.18599 1.01312 -7.00895e-20)
(1.15368 1.01399 -4.14576e-22)
(1.09525 0.984348 -2.77694e-20)
(1.02603 0.951096 0)
(0.951328 0.914159 -6.2656e-19)
(0.867691 0.871395 7.77253e-20)
(0.774303 0.820633 0)
(0.680714 0.760506 0)
(0.603033 0.695079 1.14682e-19)
(0.537599 0.627204 1.53481e-19)
(0.500493 0.556661 -3.30131e-19)
(0.463285 0.486896 8.22773e-19)
(0.415804 0.379145 -9.93846e-19)
(0.340649 0.268146 -1.15921e-18)
(0.257938 0.150236 1.02565e-18)
(0.17974 0.0989922 -3.91194e-19)
(0.113606 0.0818528 2.27879e-19)
(0.426245 0.377978 1.28212e-19)
(0.932811 0.80174 0)
(1.13606 1.00063 0)
(1.17374 1.0413 -1.7414e-20)
(1.14111 1.04207 1.40977e-20)
(1.08282 1.01181 -2.09297e-20)
(1.01369 0.977899 1.74709e-19)
(0.938665 0.940403 6.45366e-19)
(0.854081 0.896983 1.14399e-18)
(0.759071 0.844986 -8.52293e-20)
(0.662017 0.782444 1.75259e-19)
(0.575716 0.715988 -1.02614e-18)
(0.514024 0.650644 -1.01746e-18)
(0.454158 0.578247 -1.76826e-19)
(0.411267 0.47858 0)
(0.371426 0.384724 -9.15464e-21)
(0.311081 0.204668 6.36307e-19)
(0.273808 0.0493366 -1.07495e-18)
(0.234403 -0.07593 8.1775e-19)
(0.0819002 -0.096333 6.79889e-19)
(0.425421 0.38997 -2.84524e-19)
(0.926641 0.824625 -1.296e-19)
(1.12569 1.0267 6.87877e-21)
(1.16202 1.068 4.65452e-20)
(1.129 1.0683 0)
(1.07072 1.03751 -1.13668e-19)
(1.00176 1.00348 -2.47952e-19)
(0.926695 0.965734 6.55431e-22)
(0.84169 0.922405 -6.00028e-19)
(0.745051 0.871498 -8.3589e-20)
(0.645227 0.812216 7.76388e-20)
(0.558955 0.748231 9.01077e-19)
(0.478345 0.677091 9.93258e-19)
(0.426717 0.594598 1.71774e-19)
(0.374111 0.508337 8.77984e-19)
(0.300213 0.357548 0)
(0.184702 0.191459 0)
(0.0134321 0.222606 7.4273e-19)
(-0.0763329 0.629162 -3.12768e-20)
(0.00523964 1.53 -9.07562e-19)
(0.424346 0.401349 1.57797e-19)
(0.920296 0.845644 3.57458e-19)
(1.11538 1.05071 -4.78605e-19)
(1.15053 1.09309 2.27579e-19)
(1.11718 1.09352 1.37837e-22)
(1.05902 1.0625 -7.37649e-20)
(0.990157 1.02825 0)
(0.914816 0.9905 -5.40219e-19)
(0.828849 0.947178 0)
(0.73077 0.895887 1.18473e-18)
(0.628376 0.835065 -9.34847e-20)
(0.531892 0.77042 1.04822e-19)
(0.458252 0.706448 1.13236e-18)
(0.373314 0.632817 -3.7149e-19)
(0.282447 0.510672 -4.47458e-19)
(0.203581 0.415747 0)
(0.0944453 0.52636 0)
(0.0282477 1.3101 0)
(0.0736673 2.45436 -4.22347e-19)
(0.102041 2.90647 -2.59112e-19)
(0.423213 0.412138 0)
(0.914552 0.86606 0)
(1.10571 1.074 1.75594e-19)
(1.1396 1.11702 -1.8329e-19)
(1.10585 1.1172 6.77402e-20)
(1.04766 1.08599 7.70208e-20)
(0.978951 1.05205 3.15065e-20)
(0.903591 1.01456 -2.45305e-20)
(0.817325 0.971933 8.3984e-20)
(0.717715 0.922473 -1.3597e-18)
(0.611602 0.865828 1.70152e-19)
(0.516505 0.807519 8.96637e-19)
(0.418885 0.742218 -1.12882e-18)
(0.344969 0.653482 -1.2318e-18)
(0.269604 0.573814 4.15139e-19)
(0.196874 0.701859 0)
(0.128086 1.53873 5.79333e-19)
(0.127876 2.68723 6.42169e-19)
(0.135822 3.08585 -7.18315e-19)
(0.127014 3.22119 7.76186e-19)
(0.421812 0.422485 0)
(0.908643 0.884631 3.23252e-19)
(1.0961 1.09524 -4.37517e-20)
(1.12894 1.13936 2.6731e-19)
(1.09486 1.1399 -7.11043e-20)
(1.03682 1.10878 0)
(0.968199 1.07495 0)
(0.892601 1.03787 0)
(0.805486 0.995882 4.80353e-19)
(0.704812 0.947058 6.34122e-20)
(0.597729 0.890385 0)
(0.491663 0.832034 -8.92523e-19)
(0.409138 0.774718 0)
(0.295525 0.70557 8.82331e-19)
(0.209021 0.776463 -5.92379e-19)
(0.160309 1.45787 -4.77311e-19)
(0.162379 2.67565 -1.12583e-18)
(0.183444 3.1266 -5.9531e-19)
(0.174122 3.26844 -8.16727e-19)
(0.159716 3.30888 6.32822e-19)
(0.420458 0.432023 -1.13932e-19)
(0.903294 0.902659 1.53704e-20)
(1.08716 1.11598 -4.91984e-20)
(1.11888 1.16078 -2.04532e-19)
(1.08442 1.16124 0)
(1.02633 1.13019 0)
(0.95783 1.09695 0)
(0.882249 1.06051 3.74947e-20)
(0.795111 1.01972 -6.06526e-19)
(0.693266 0.973264 0)
(0.581976 0.921166 0)
(0.481364 0.870782 0)
(0.366508 0.814755 0)
(0.306489 0.796317 6.43308e-19)
(0.275146 1.17476 1.58145e-18)
(0.255979 2.37143 4.69994e-19)
(0.26788 3.08298 9.53073e-19)
(0.262094 3.28543 -7.32658e-19)
(0.212753 3.35169 2.72303e-19)
(0.179762 3.36428 0)
(0.418875 0.441238 1.17742e-19)
(0.897586 0.919388 -7.23299e-19)
(1.07801 1.13527 -1.92011e-19)
(1.10885 1.18124 -4.12723e-20)
(1.07408 1.18226 1.59864e-20)
(1.01618 1.15152 -2.15654e-20)
(0.947778 1.11863 -7.54246e-21)
(0.872082 1.08285 -4.34398e-19)
(0.784264 1.04312 0)
(0.681825 0.998153 -7.90781e-20)
(0.571804 0.947823 7.19365e-20)
(0.459654 0.897811 0)
(0.376472 0.856745 0)
(0.320752 0.979882 -8.04285e-19)
(0.279609 1.85238 9.9732e-20)
(0.275336 2.94037 -3.53974e-19)
(0.296302 3.29002 7.40334e-19)
(0.269269 3.38922 5.42785e-19)
(0.202876 3.41389 -7.45168e-19)
(0.177778 3.4231 3.70711e-19)
(0.417052 0.450597 2.33174e-19)
(0.891853 0.937154 7.08444e-19)
(1.06875 1.15593 2.29445e-19)
(1.09861 1.20254 0)
(1.06355 1.20347 0)
(1.00565 1.17281 1.78891e-20)
(0.937467 1.14057 1.02553e-19)
(0.861963 1.10557 3.88192e-19)
(0.774508 1.06719 2.45208e-20)
(0.67147 1.02492 1.02219e-18)
(0.557272 0.979068 -1.18825e-18)
(0.449089 0.93389 0)
(0.36797 0.934573 0)
(0.338681 1.34324 -5.49013e-19)
(0.340871 2.47812 -6.59772e-19)
(0.383281 3.19893 0)
(0.408028 3.37333 -7.54931e-19)
(0.338193 3.43655 4.45923e-20)
(0.267456 3.48096 3.70159e-19)
(0.244425 3.50637 -1.26116e-19)
(0.414712 0.460388 -4.44897e-19)
(0.88503 0.955042 -3.40999e-19)
(1.05827 1.17657 0)
(1.08738 1.2243 0)
(1.05212 1.22581 0)
(0.994612 1.19535 0)
(0.926742 1.16332 -1.175e-19)
(0.851427 1.12885 3.5102e-19)
(0.763663 1.09155 0)
(0.660952 1.05111 -9.31303e-19)
(0.55093 1.00834 2.1335e-18)
(0.443489 0.973559 8.66327e-20)
(0.389002 1.05938 1.13699e-19)
(0.390394 1.74517 8.96862e-19)
(0.406807 2.89607 -4.83326e-19)
(0.444221 3.32322 0)
(0.426983 3.44839 2.11957e-19)
(0.340848 3.5363 9.32964e-20)
(0.263251 3.601 1.47599e-19)
(0.187946 3.58055 -3.48959e-21)
(0.411969 0.470523 2.12318e-19)
(0.877826 0.974698 -3.51647e-19)
(1.04733 1.19948 0)
(1.07554 1.24759 -5.95151e-20)
(1.04012 1.24873 1.99713e-19)
(0.982745 1.21808 0)
(0.915365 1.18652 0)
(0.840584 1.15271 -6.13329e-19)
(0.753763 1.11662 -6.08064e-20)
(0.651259 1.07878 9.18106e-19)
(0.534248 1.03933 -1.01449e-18)
(0.444598 1.02102 5.87615e-19)
(0.40581 1.23363 0)
(0.429279 2.17985 -4.76064e-19)
(0.471901 3.1456 3.11312e-19)
(0.533968 3.428 1.97009e-19)
(0.526813 3.52536 0)
(0.462871 3.60894 -3.56571e-20)
(0.391297 3.65109 -4.11628e-19)
(0.309851 3.62218 -9.51419e-20)
(0.408446 0.48102 -4.26485e-19)
(0.869227 0.994467 5.0441e-19)
(1.03486 1.22213 3.44072e-19)
(1.06246 1.27119 -8.46817e-20)
(1.02696 1.27283 -3.05996e-19)
(0.970275 1.2422 0)
(0.903528 1.21061 -1.52101e-20)
(0.829343 1.17706 2.25012e-19)
(0.742707 1.14188 3.45284e-20)
(0.641407 1.10576 -7.93161e-19)
(0.529895 1.07185 -5.44295e-20)
(0.453374 1.08377 -6.63454e-19)
(0.448328 1.46898 7.1961e-19)
(0.500864 2.54433 1.57586e-19)
(0.565754 3.30739 -2.78073e-19)
(0.618954 3.48041 1.45615e-19)
(0.579498 3.53412 0)
(0.520223 3.53891 0)
(0.424574 3.50479 -6.87127e-19)
(0.192903 3.29674 1.26717e-18)
(0.404428 0.49134 2.05131e-19)
(0.859973 1.01611 4.99639e-19)
(1.02188 1.24751 -3.54194e-19)
(1.04878 1.2966 3.08127e-19)
(1.01329 1.29742 3.25908e-19)
(0.956981 1.26626 0)
(0.891094 1.23488 2.63465e-20)
(0.817917 1.20182 1.97677e-19)
(0.732887 1.16757 0)
(0.632795 1.13358 0)
(0.522827 1.10565 0)
(0.458437 1.15982 0)
(0.486296 1.69458 -8.12077e-19)
(0.560017 2.84782 -2.09323e-19)
(0.635669 3.40018 0)
(0.679329 3.4962 -2.554e-20)
(0.677222 3.50157 0)
(0.753894 3.34397 1.44765e-19)
(0.849643 2.97677 -1.81358e-18)
(0.451354 2.60042 1.89758e-18)
(0.399058 0.501687 -4.20077e-19)
(0.848978 1.03785 -3.21228e-19)
(1.00696 1.2723 -2.36932e-19)
(1.03353 1.32215 -2.88184e-19)
(0.99814 1.32335 -1.60179e-19)
(0.942931 1.292 0)
(0.878112 1.26031 1.05935e-20)
(0.805997 1.22716 -4.73381e-20)
(0.721752 1.19353 -2.57839e-19)
(0.623754 1.16082 0)
(0.522605 1.14175 5.32276e-20)
(0.481492 1.25485 -6.05399e-20)
(0.540496 1.95346 0)
(0.636235 3.07737 2.73622e-19)
(0.725904 3.44227 0)
(0.758317 3.47917 -1.02954e-19)
(0.763493 3.39243 2.83829e-19)
(0.755848 3.01377 -1.42871e-19)
(0.511256 2.00616 2.82309e-19)
(-0.346274 0.505928 -6.90394e-19)
(0.392751 0.512115 -1.33851e-20)
(0.836717 1.06134 -1.65515e-19)
(0.991195 1.30051 3.26039e-19)
(1.01739 1.35029 -1.93679e-20)
(0.982221 1.3503 -5.29606e-20)
(0.92767 1.31813 0)
(0.86411 1.28654 4.1817e-20)
(0.793551 1.2539 -1.12273e-19)
(0.711653 1.22116 4.64287e-19)
(0.612636 1.19017 -5.47149e-19)
(0.523007 1.18205 -6.37355e-19)
(0.500636 1.36864 0)
(0.590989 2.23835 4.16979e-19)
(0.699623 3.21365 -5.70716e-20)
(0.774572 3.42361 2.92076e-20)
(0.783536 3.41983 0)
(0.711871 3.18713 -1.49618e-19)
(0.543106 2.41322 1.61377e-19)
(0.108325 0.654887 -1.91582e-19)
(-0.252726 -0.405673 -1.77709e-19)
(0.384439 0.521829 3.95161e-19)
(0.822366 1.08488 -1.62809e-19)
(0.972861 1.32772 2.32514e-19)
(0.999142 1.37836 1.78808e-19)
(0.964304 1.37891 1.07379e-19)
(0.911346 1.34664 1.93351e-19)
(0.849367 1.31469 -1.01962e-19)
(0.780343 1.28185 4.99103e-20)
(0.699796 1.24971 -3.515e-19)
(0.603926 1.22113 3.07629e-20)
(0.528904 1.22762 9.87349e-20)
(0.53681 1.51265 -4.17364e-19)
(0.651555 2.5141 1.14751e-19)
(0.764226 3.29302 -2.20951e-19)
(0.825999 3.39962 3.5386e-20)
(0.803202 3.32 8.22178e-20)
(0.679184 2.881 -2.16267e-19)
(0.418575 1.66422 1.40569e-19)
(0.0631282 0.0564174 0)
(-0.0796035 -0.16645 -3.04265e-19)
(0.374788 0.531132 0)
(0.805876 1.10912 -6.18485e-19)
(0.953428 1.35865 2.3806e-20)
(0.979906 1.4095 -2.91446e-19)
(0.945567 1.40852 0)
(0.893705 1.37522 -1.4417e-19)
(0.833487 1.34333 1.12021e-19)
(0.766781 1.31113 -4.66901e-20)
(0.689678 1.28001 2.60115e-19)
(0.596549 1.25467 3.96709e-19)
(0.532357 1.28058 4.95905e-19)
(0.566013 1.66649 4.74256e-20)
(0.703223 2.74487 -3.07879e-19)
(0.813296 3.31909 1.27614e-20)
(0.850811 3.35455 5.7572e-21)
(0.778557 3.15197 8.12284e-20)
(0.538754 2.34959 9.21799e-20)
(0.120184 0.460428 -1.0925e-19)
(-0.135371 -0.245621 0)
(-0.114812 -0.207812 0)
(0.362732 0.538739 -3.83355e-19)
(0.786827 1.1331 6.16038e-19)
(0.93085 1.38762 0)
(0.958039 1.43969 0)
(0.924305 1.43952 0)
(0.874767 1.40627 0)
(0.816818 1.37398 -6.39825e-20)
(0.752252 1.34135 -1.57603e-20)
(0.677337 1.31074 -3.15896e-20)
(0.59137 1.28859 4.17968e-20)
(0.541297 1.34182 -4.21385e-19)
(0.60864 1.84293 3.00472e-19)
(0.763483 2.94376 0)
(0.859021 3.32779 3.67079e-20)
(0.87715 3.29853 6.15034e-20)
(0.736361 2.88386 -2.33387e-20)
(0.40733 1.71708 1.08502e-19)
(0.0140829 -0.0291383 6.08935e-20)
(-0.160832 -0.204301 -2.55183e-19)
(-0.0591496 -0.138392 -2.98898e-19)
(0.347895 0.544533 1.94971e-19)
(0.763894 1.15513 2.88031e-19)
(0.907047 1.42025 -9.23296e-21)
(0.934986 1.47343 1.56445e-19)
(0.902048 1.4713 0)
(0.854336 1.43675 2.82524e-19)
(0.798715 1.40444 -5.48693e-20)
(0.737375 1.37248 1.45989e-20)
(0.665638 1.34269 -3.52853e-20)
(0.58644 1.3258 3.10713e-20)
(0.551663 1.41128 2.83498e-19)
(0.646796 2.04013 -1.43823e-19)
(0.80881 3.06065 -1.19649e-19)
(0.889887 3.30884 1.08068e-21)
(0.875526 3.19045 -3.20143e-20)
(0.650149 2.54683 1.50602e-19)
(0.202806 0.796418 -8.51897e-20)
(-0.0803171 -0.2762 1.25522e-19)
(-0.135901 -0.227561 -3.80604e-19)
(-0.0609895 -0.132072 2.65592e-19)
(0.329684 0.547393 -1.82375e-19)
(0.737995 1.17618 0)
(0.879645 1.44941 -2.1099e-19)
(0.908544 1.5048 -3.02332e-19)
(0.876627 1.50383 0)
(0.832351 1.46961 -2.2157e-19)
(0.779737 1.43683 0)
(0.721266 1.40404 -9.63285e-20)
(0.651279 1.37474 -3.57714e-20)
(0.583564 1.36307 9.89875e-20)
(0.566113 1.48937 -1.49419e-19)
(0.6941 2.24027 7.89563e-20)
(0.856475 3.14027 1.91401e-19)
(0.925225 3.29291 1.09106e-20)
(0.865181 3.06352 -3.29388e-20)
(0.546035 2.11757 -5.06825e-20)
(0.0861632 0.147748 1.28007e-19)
(-0.174528 -0.281714 -1.44327e-19)
(-0.106075 -0.214157 5.55994e-22)
(-0.0417428 -0.0751584 -2.77647e-20)
(0.30809 0.546465 3.63892e-19)
(0.70813 1.19358 -2.77488e-19)
(0.850596 1.48116 2.2626e-19)
(0.880395 1.54011 1.45895e-19)
(0.850025 1.53686 2.76877e-20)
(0.808646 1.501 1.42707e-19)
(0.758847 1.46799 0)
(0.704636 1.4358 -3.70306e-20)
(0.638544 1.40764 0)
(0.579505 1.40355 -9.25804e-20)
(0.581514 1.57269 1.46985e-19)
(0.734076 2.41101 -6.86141e-21)
(0.893329 3.17996 -7.47418e-20)
(0.94217 3.24717 3.99219e-20)
(0.828013 2.8654 -1.20417e-20)
(0.412862 1.59858 6.19207e-20)
(-0.049613 -0.118526 -1.9417e-19)
(-0.227104 -0.267134 -1.12313e-19)
(-0.124526 -0.242102 -4.53862e-20)
(-0.0590346 -0.0731172 2.10005e-19)
(0.283194 0.540251 4.29087e-21)
(0.675178 1.20892 1.43053e-19)
(0.816778 1.50692 0)
(0.847909 1.57049 2.74365e-19)
(0.819867 1.56952 -3.88306e-19)
(0.783094 1.53433 1.44889e-19)
(0.736958 1.50093 -9.532e-20)
(0.686758 1.4673 7.96948e-20)
(0.624061 1.44026 -6.74777e-20)
(0.576371 1.443 -5.28663e-21)
(0.598816 1.65904 4.76144e-20)
(0.78014 2.56986 6.84763e-20)
(0.926188 3.19442 3.72149e-20)
(0.956932 3.20468 -5.83176e-20)
(0.777426 2.65831 -6.58557e-20)
(0.297711 1.10422 1.26985e-19)
(-0.0778923 -0.237502 -1.25913e-19)
(-0.243169 -0.303302 8.17053e-20)
(-0.133799 -0.285314 9.59122e-22)
(-0.0742078 -0.0981754 -1.89727e-19)
(0.254378 0.525911 6.79046e-19)
(0.636383 1.21526 -1.42993e-19)
(0.780543 1.53391 -3.86787e-19)
(0.813457 1.60455 3.13997e-19)
(0.78866 1.60226 -1.6907e-19)
(0.755325 1.56504 2.80114e-19)
(0.712525 1.53106 1.46201e-19)
(0.667866 1.498 0)
(0.611313 1.47192 7.72268e-20)
(0.570877 1.48446 -1.0948e-20)
(0.615108 1.74115 -1.90811e-20)
(0.816142 2.68036 -2.3254e-20)
(0.951012 3.19642 2.167e-20)
(0.959341 3.13882 1.01187e-20)
(0.72007 2.43879 -1.04251e-19)
(0.18872 0.562566 -4.87112e-20)
(-0.0750412 -0.272652 1.39574e-19)
(-0.174435 -0.338372 5.86502e-20)
(-0.128141 -0.3028 1.86676e-20)
(-0.0664132 -0.118658 1.64475e-19)
(0.221824 0.501889 0)
(0.593661 1.21702 1.33132e-19)
(0.73817 1.55147 -1.75282e-19)
(0.774255 1.6302 3.05022e-19)
(0.753878 1.63275 -3.71883e-19)
(0.725127 1.59678 1.54828e-19)
(0.686984 1.56276 0)
(0.647363 1.52742 0)
(0.597982 1.50176 0)
(0.564512 1.52284 1.43597e-20)
(0.630462 1.81519 -1.34593e-20)
(0.851299 2.77689 1.50671e-20)
(0.967789 3.19619 5.12611e-20)
(0.958589 3.07572 4.97458e-20)
(0.660607 2.24191 -8.34469e-20)
(0.162258 0.305876 8.05097e-20)
(-0.07639 -0.254023 1.33438e-21)
(-0.121471 -0.342103 -1.29902e-19)
(-0.0965108 -0.279338 1.51351e-20)
(-0.0327002 -0.106283 0)
(0.185065 0.463473 6.24134e-19)
(0.54312 1.20083 -1.24494e-19)
(0.693222 1.5678 4.62044e-21)
(0.733457 1.65969 0)
(0.717428 1.66186 -1.78508e-19)
(0.692216 1.62482 1.81932e-20)
(0.658309 1.5895 0)
(0.62542 1.55494 4.35884e-20)
(0.583726 1.52901 -3.43946e-20)
(0.557814 1.55876 0)
(0.641137 1.87345 0)
(0.875946 2.82555 -2.91268e-20)
(0.982012 3.19897 -7.90981e-20)
(0.947066 3.01713 -1.71726e-20)
(0.626908 2.06565 -1.64884e-20)
(0.0570905 0.118558 2.68624e-20)
(-0.1278 -0.224155 0)
(-0.122883 -0.332458 -7.02176e-20)
(-0.0882903 -0.253129 -1.17585e-19)
(0.0109352 -0.0289427 2.68576e-19)
(0.144993 0.409129 5.15464e-19)
(0.488617 1.17569 -1.19434e-19)
(0.640838 1.56843 1.67378e-19)
(0.687082 1.67593 -4.16091e-19)
(0.676789 1.68598 0)
(0.656917 1.65251 0)
(0.628554 1.61749 0)
(0.60153 1.5802 4.60925e-20)
(0.568502 1.55227 -3.63619e-20)
(0.547434 1.58653 0)
(0.651029 1.91617 0)
(0.898395 2.86939 1.06605e-19)
(0.987891 3.21138 -5.20519e-20)
(0.90455 2.9939 6.84513e-20)
(0.512143 1.88023 9.24405e-20)
(-0.100469 0.188274 0)
(-0.332201 -0.165977 -3.83159e-20)
(-0.321537 -0.32238 -2.08168e-20)
(-0.192895 -0.259129 2.33944e-19)
(-0.016169 0.0241088 -2.75284e-19)
(0.102671 0.333807 -4.79154e-19)
(0.424063 1.1173 1.2648e-19)
(0.586006 1.56302 3.5489e-19)
(0.63928 1.695 2.37809e-19)
(0.633023 1.70679 -1.92579e-19)
(0.61888 1.67526 -1.24809e-19)
(0.594811 1.63793 8.34737e-20)
(0.575562 1.60167 0)
(0.551417 1.57229 0)
(0.536114 1.60536 0)
(0.648351 1.92878 -6.02386e-20)
(0.922062 2.86322 -1.12495e-19)
(1.01258 3.22437 6.02047e-20)
(0.897363 3.02953 -2.08334e-20)
(0.481079 1.89637 8.99682e-20)
(-0.165427 0.500477 0)
(-0.432724 -0.222336 1.48893e-19)
(-0.507005 -0.719722 -5.09563e-19)
(-0.459802 -0.837568 1.16932e-18)
(-0.175512 -0.488633 -6.42658e-19)
(0.0564941 0.237288 5.07024e-19)
(0.35478 1.04314 -4.16553e-19)
(0.520409 1.52914 0)
(0.584183 1.69328 1.18387e-19)
(0.586377 1.72032 8.44655e-20)
(0.578144 1.69562 1.7557e-19)
(0.560006 1.65906 -7.80288e-20)
(0.546049 1.61932 0)
(0.532198 1.58563 0)
(0.520544 1.61522 -1.19451e-19)
(0.644101 1.91524 -2.84184e-21)
(0.934991 2.84041 7.2216e-20)
(1.07344 3.22435 3.43887e-20)
(1.0297 3.12037 3.26232e-19)
(0.67104 2.09037 -7.39938e-19)
(0.13991 0.573152 1.13873e-18)
(-0.283172 -0.300411 -8.12392e-19)
(-0.530115 -0.969495 0)
(-0.505582 -1.35976 -4.21855e-20)
(-0.330452 -1.09127 1.61125e-18)
(0.0183768 0.148808 5.19203e-19)
(0.26947 0.911622 0)
(0.453635 1.48076 0)
(0.5275 1.69041 0)
(0.535715 1.72783 6.94321e-20)
(0.533966 1.70892 -1.74503e-19)
(0.51979 1.67049 -7.47853e-20)
(0.513422 1.63156 0)
(0.507964 1.59348 0)
(0.505442 1.61239 7.53493e-20)
(0.622385 1.86961 2.49363e-20)
(0.967346 2.74292 -3.37059e-20)
(1.20278 3.16821 4.07319e-20)
(1.27749 3.05089 1.36512e-19)
(1.20937 2.50035 -3.59802e-19)
(0.834296 1.41455 3.70169e-19)
(0.343703 0.383993 -4.46307e-19)
(0.0225999 -0.57009 0)
(-0.341478 -1.54732 4.03966e-20)
(-0.305656 -1.48673 6.48359e-19)
(-0.00137592 0.0811 -4.84184e-19)
(0.181832 0.75446 1.66835e-19)
(0.372734 1.3755 2.55578e-19)
(0.464018 1.6535 -1.66954e-20)
(0.484149 1.72512 -1.52985e-19)
(0.487051 1.71809 -9.44745e-20)
(0.478384 1.68226 2.09299e-19)
(0.474142 1.63842 -6.58691e-21)
(0.477723 1.59202 0)
(0.482092 1.59605 2.00678e-20)
(0.581617 1.78213 -4.35944e-21)
(0.906241 2.56321 2.00383e-20)
(1.21176 3.01289 0)
(1.27034 2.92405 -4.21268e-20)
(1.20975 2.55628 0)
(1.03793 1.78482 -4.93464e-20)
(0.657088 0.809666 4.12947e-20)
(0.352383 -0.139687 0)
(0.0948136 -0.757778 0)
(-0.107768 -1.13171 -2.86398e-19)
(-0.00292102 0.0213677 3.86427e-19)
(0.0907827 0.471563 -1.44807e-19)
(0.305645 1.24169 1.13892e-19)
(0.400095 1.6022 -1.78392e-19)
(0.426406 1.71033 6.94786e-20)
(0.434304 1.7142 -2.2698e-20)
(0.429825 1.68613 1.32384e-20)
(0.427398 1.64099 -2.86119e-20)
(0.435972 1.58354 -1.70789e-20)
(0.448064 1.56752 -8.30417e-21)
(0.507166 1.67354 6.37721e-21)
(0.735592 2.29502 0)
(1.05816 2.83204 1.94586e-20)
(1.11416 2.79898 0)
(1.09298 2.5801 0)
(0.997295 2.11498 0)
(0.723746 1.35968 5.81304e-19)
(0.436797 0.586638 -1.41053e-18)
(0.178328 -0.111516 1.06359e-20)
(0.0141308 -0.452185 1.0125e-18)
(0.00563679 -0.0355958 6.80072e-20)
(0.0264477 0.192779 6.38041e-20)
(0.20831 0.972931 -5.19847e-20)
(0.331511 1.49265 -3.86375e-20)
(0.370249 1.68218 3.1236e-20)
(0.3803 1.70706 2.11896e-20)
(0.378269 1.68918 1.42913e-20)
(0.372384 1.63915 0)
(0.374751 1.57277 -6.64329e-21)
(0.386265 1.53228 -2.74456e-21)
(0.404147 1.57978 1.29668e-21)
(0.497434 1.97956 0)
(0.787385 2.67163 1.58882e-20)
(0.810164 2.7221 -3.92175e-20)
(0.795376 2.63201 0)
(0.735939 2.37755 0)
(0.587386 1.88709 -3.7298e-20)
(0.381139 1.26576 0)
(0.193077 0.668116 -2.89297e-20)
(0.0496044 0.2197 0)
(0.00644636 -0.0752832 0)
(0.00544083 0.0335577 0)
(0.101612 0.62754 0)
(0.243744 1.30802 0)
(0.298359 1.61452 -7.63271e-34)
(0.314974 1.6879 5.52445e-34)
(0.316678 1.682 0)
(0.312367 1.63829 0)
(0.309072 1.56561 0)
(0.315768 1.50725 0)
(0.318777 1.53055 0)
(0.329198 1.82016 0)
(0.564066 2.51486 0)
(0.580232 2.72228 0)
(0.558375 2.71044 0)
(0.517509 2.59497 0)
(0.437806 2.30073 0)
(0.28682 1.79175 0)
(0.141294 1.29069 0)
(0.0315214 0.752662 0)
(-0.00124723 -0.0849895 0)
(0.00820619 -0.0529616 0)
(0.0391065 0.296385 0)
(0.175512 1.1047 0)
(0.229204 1.53252 0)
(0.248261 1.66219 0)
(0.252606 1.66953 0)
(0.250736 1.63746 0)
(0.245678 1.56061 0)
(0.249261 1.49669 0)
(0.256274 1.51435 0)
(0.219691 1.75795 0)
(0.406511 2.43276 0)
(0.429737 2.74237 0)
(0.395097 2.78505 0)
(0.361381 2.73611 0)
(0.307542 2.54175 0)
(0.201759 2.1256 0)
(0.0906941 1.64214 0)
(0.0158319 1.02432 0)
(0.000287424 -0.109827 0)
(0.0271513 -0.115767 0)
(0.0238093 0.131195 0)
(0.106261 0.914251 0)
(0.157865 1.4437 0)
(0.176836 1.63272 0)
(0.184482 1.65714 0)
(0.188645 1.63312 0)
(0.185033 1.56026 0)
(0.18732 1.50105 0)
(0.20469 1.51578 0)
(0.143135 1.72424 0)
(0.280089 2.37383 0)
(0.310361 2.75999 0)
(0.271445 2.85301 0)
(0.241282 2.84119 0)
(0.20401 2.71009 0)
(0.133432 2.36862 0)
(0.0536652 1.91742 0)
(0.0048357 1.21238 0)
(0.00344193 -0.16984 0)
(0.0293482 -0.176354 0)
(0.0154292 0.107481 0)
(0.0392832 0.831494 0)
(0.0804715 1.38881 0)
(0.1021 1.60399 0)
(0.116101 1.64291 0)
(0.127651 1.62655 0)
(0.129929 1.56193 0)
(0.132689 1.50766 0)
(0.159772 1.52352 0)
(0.0915228 1.70604 0)
(0.184163 2.34014 0)
(0.213848 2.77818 0)
(0.181294 2.90668 0)
(0.15293 2.91647 0)
(0.127026 2.82799 0)
(0.0769518 2.53606 0)
(0.0210884 2.09339 0)
(-0.00659455 1.29073 0)
(0.00444652 -0.214528 0)
(0.0163804 -0.205522 0)
(-0.00323561 0.140127 0)
(-0.0188478 0.804371 0)
(0.00571683 1.35016 0)
(0.0260548 1.57709 0)
(0.050681 1.62396 0)
(0.070809 1.61547 0)
(0.0844499 1.55795 0)
(0.0867061 1.50982 0)
(0.119548 1.53041 0)
(0.0575826 1.69274 0)
(0.118979 2.31223 0)
(0.140556 2.79248 0)
(0.111674 2.94897 0)
(0.0860933 2.97677 0)
(0.0676953 2.90678 0)
(0.0338766 2.64211 0)
(-0.000291257 2.19455 0)
(-0.0121439 1.2829 0)
(0.00239436 -0.230569 0)
(-0.00677797 -0.168126 0)
(-0.0396948 0.224752 0)
(-0.0677166 0.841318 0)
(-0.0570122 1.32752 0)
(-0.0373289 1.54313 0)
(-0.00693925 1.5979 0)
(0.0201403 1.59646 0)
(0.0453866 1.54589 0)
(0.0460522 1.50683 0)
(0.0826107 1.5357 0)
(0.0329611 1.68834 0)
(0.0738622 2.29249 0)
(0.0862092 2.80146 0)
(0.0604404 2.98105 0)
(0.0413749 3.02287 0)
(0.0304656 2.96592 0)
(0.00558518 2.71557 0)
(-0.0160134 2.25794 0)
(-0.0168636 1.2465 0)
(-0.00397445 -0.196159 0)
(-0.0265672 -0.0829318 0)
(-0.0677084 0.322911 0)
(-0.0987807 0.888967 0)
(-0.0961546 1.30311 0)
(-0.0779073 1.49659 0)
(-0.047857 1.55797 0)
(-0.019577 1.56838 0)
(0.0103552 1.52812 0)
(0.0128358 1.49744 0)
(0.0509113 1.53494 0)
(0.0137773 1.68498 0)
(0.0407245 2.28108 0)
(0.0456529 2.80785 0)
(0.0235299 3.00206 0)
(0.00810659 3.05288 0)
(-0.00175251 3.00026 0)
(-0.0180226 2.74975 0)
(-0.0313795 2.25868 0)
(-0.017924 1.16482 0)
(-0.00741207 -0.128886 0)
(-0.0346869 0.0266135 0)
(-0.0779771 0.420431 0)
(-0.109027 0.931223 0)
(-0.109933 1.27994 0)
(-0.0938349 1.45154 0)
(-0.067756 1.51652 0)
(-0.0443487 1.53608 0)
(-0.0140909 1.50653 0)
(-0.0107828 1.48185 0)
(0.0260869 1.53205 0)
(-0.00298846 1.686 0)
(0.0169116 2.27294 0)
(0.0162179 2.81092 0)
(-0.000548949 3.01827 0)
(-0.0138731 3.07618 0)
(-0.0221907 3.0237 0)
(-0.0330669 2.77011 0)
(-0.0378527 2.24157 0)
(-0.0201544 1.05693 0)
(-0.00785501 -0.0499474 0)
(-0.035064 0.14487 0)
(-0.077062 0.518187 0)
(-0.106592 0.970222 0)
(-0.108702 1.26142 0)
(-0.0953658 1.41251 0)
(-0.0736748 1.47853 0)
(-0.0553835 1.50377 0)
(-0.0261503 1.4835 0)
(-0.0256095 1.46615 0)
(0.00896626 1.52737 0)
(-0.01613 1.68688 0)
(-0.00368587 2.27429 0)
(-0.00743636 2.819 0)
(-0.0190415 3.032 0)
(-0.0280188 3.09071 0)
(-0.0359519 3.03858 0)
(-0.0432368 2.77385 0)
(-0.0412123 2.20454 0)
(-0.0186512 0.943045 0)
(-0.00676625 0.02424 0)
(-0.0302764 0.251412 0)
(-0.0666936 0.600602 0)
(-0.0924043 1.00312 0)
(-0.095841 1.25331 0)
(-0.0863674 1.38723 0)
(-0.0709116 1.4505 0)
(-0.0566962 1.47654 0)
(-0.0307334 1.46426 0)
(-0.0339921 1.45427 0)
(-0.00238075 1.52417 0)
(-0.0257813 1.6868 0)
(-0.0165668 2.27218 0)
(-0.022633 2.8234 0)
(-0.0307235 3.04186 0)
(-0.037731 3.10259 0)
(-0.0418499 3.04617 0)
(-0.0466524 2.76845 0)
(-0.0399682 2.14616 0)
(-0.0139693 0.835391 0)
(-0.00473998 0.0853946 0)
(-0.0230837 0.344546 0)
(-0.0530184 0.675872 0)
(-0.0745769 1.03647 0)
(-0.0788786 1.25563 0)
(-0.074551 1.37418 0)
(-0.0655045 1.4325 0)
(-0.0547944 1.45773 0)
(-0.0338158 1.45137 0)
(-0.0385502 1.44505 0)
(-0.0107339 1.52259 0)
(-0.0310566 1.69311 0)
(-0.0268022 2.27727 0)
(-0.0314138 2.83225 0)
(-0.0377411 3.05173 0)
(-0.0420451 3.11257 0)
(-0.0449504 3.0518 0)
(-0.0454999 2.75857 0)
(-0.0357951 2.09029 0)
(-0.00900369 0.746839 0)
(-0.00286083 0.128374 0)
(-0.0156791 0.414202 0)
(-0.0386221 0.732994 0)
(-0.0553227 1.06241 0)
(-0.0602817 1.26307 0)
(-0.0591809 1.37198 0)
(-0.0551797 1.42579 0)
(-0.049436 1.44782 0)
(-0.0342111 1.44421 0)
(-0.0395149 1.43814 0)
(-0.0156807 1.51833 0)
(-0.0328086 1.69615 0)
(-0.0293263 2.28127 0)
(-0.0352277 2.83995 0)
(-0.0411747 3.05986 0)
(-0.0436242 3.11783 0)
(-0.0457038 3.05126 0)
(-0.0437186 2.73768 0)
(-0.031472 2.02355 0)
(-0.00535944 0.673871 0)
(-0.00158414 0.156939 0)
(-0.0101859 0.467398 0)
(-0.0274667 0.781598 0)
(-0.0411217 1.08753 0)
(-0.0460122 1.2725 0)
(-0.0467275 1.37258 0)
(-0.0457867 1.42184 0)
(-0.0424098 1.44174 0)
(-0.0327457 1.43988 0)
(-0.0376819 1.43326 0)
(-0.0181808 1.51485 0)
(-0.0335264 1.70095 0)
(-0.0307994 2.28793 0)
(-0.0378597 2.84661 0)
(-0.04277 3.06689 0)
(-0.0456738 3.12382 0)
(-0.047252 3.04793 0)
(-0.0439326 2.71647 0)
(-0.0280246 1.95567 0)
(-0.00287895 0.615896 0)
(-0.00082034 0.17406 0)
(-0.00633207 0.502904 0)
(-0.0191095 0.815036 0)
(-0.0290785 1.10584 0)
(-0.0351437 1.28094 0)
(-0.0363999 1.37494 0)
(-0.0369065 1.4208 0)
(-0.0360208 1.43851 0)
(-0.0286455 1.43629 0)
(-0.0343858 1.43046 0)
(-0.0189694 1.51418 0)
(-0.0326087 1.70412 0)
(-0.0315302 2.29609 0)
(-0.0382402 2.85548 0)
(-0.0441197 3.07311 0)
(-0.0468897 3.12586 0)
(-0.0446385 3.04191 0)
(-0.0416907 2.68269 0)
(-0.0241696 1.88225 0)
(-0.000961347 0.567515 0)
(-0.000508962 0.185541 0)
(-0.00424774 0.530754 0)
(-0.0142904 0.844374 0)
(-0.0223809 1.12465 0)
(-0.0281033 1.2909 0)
(-0.0298694 1.3779 0)
(-0.0316227 1.41933 0)
(-0.030066 1.43555 0)
(-0.0241644 1.43409 0)
(-0.030892 1.42915 0)
(-0.0188742 1.51443 0)
(-0.0328496 1.70777 0)
(-0.0325057 2.30045 0)
(-0.0404031 2.86169 0)
(-0.0453016 3.0772 0)
(-0.0471409 3.12532 0)
(-0.04479 3.03491 0)
(-0.0380037 2.65969 0)
(-0.0198774 1.81994 0)
(0.000696298 0.531569 0)
(-0.000321078 0.192377 0)
(-0.00273608 0.548705 0)
(-0.0104225 0.863697 0)
(-0.0156071 1.1361 0)
(-0.0205008 1.29946 0)
(-0.0228819 1.38249 0)
(-0.0254284 1.42078 0)
(-0.0254262 1.43447 0)
(-0.0205086 1.43302 0)
(-0.0291305 1.42957 0)
(-0.0189691 1.5159 0)
(-0.0329157 1.71629 0)
(-0.0375831 2.30976 0)
(-0.0444027 2.86904 0)
(-0.0477345 3.07911 0)
(-0.0476774 3.12318 0)
(-0.0456128 3.01868 0)
(-0.0372935 2.60992 0)
(-0.0166848 1.74106 0)
(0.000909496 0.50077 0)
(-0.000246432 0.197734 0)
(-0.00188446 0.564261 0)
(-0.00814961 0.882064 0)
(-0.0126858 1.14593 0)
(-0.0150777 1.30731 0)
(-0.0178662 1.3873 0)
(-0.0210782 1.42201 0)
(-0.0211423 1.43342 0)
(-0.018005 1.43384 0)
(-0.0269701 1.4303 0)
(-0.0192407 1.51684 0)
(-0.0310623 1.72171 0)
(-0.0391323 2.31598 0)
(-0.0460976 2.87332 0)
(-0.0493671 3.0794 0)
(-0.0474161 3.12009 0)
(-0.0432326 3.00793 0)
(-0.0346431 2.58245 0)
(-0.0149221 1.68614 0)
(0.00190982 0.480306 0)
(-0.000222359 0.200744 0)
(-0.00141632 0.573682 0)
(-0.00619579 0.894211 0)
(-0.00971681 1.15029 0)
(-0.0107407 1.31241 0)
(-0.0133345 1.39237 0)
(-0.0160272 1.42516 0)
(-0.0181132 1.43475 0)
(-0.0168673 1.43532 0)
(-0.025713 1.43297 0)
(-0.019956 1.51842 0)
(-0.0310304 1.73364 0)
(-0.0417499 2.32749 0)
(-0.0449877 2.87894 0)
(-0.0500697 3.07978 0)
(-0.0487816 3.11475 0)
(-0.0430349 2.98599 0)
(-0.0357503 2.52969 0)
(-0.0143053 1.60841 0)
(0.00260399 0.457991 0)
(-0.000264103 0.204282 0)
(-0.00136368 0.583873 0)
(-0.005438 0.907206 0)
(-0.00960304 1.15525 0)
(-0.00954896 1.31565 0)
(-0.0113859 1.39603 0)
(-0.0134315 1.42762 0)
(-0.0159394 1.43651 0)
(-0.0146651 1.43766 0)
(-0.0239006 1.43535 0)
(-0.0203332 1.51913 0)
(-0.0279678 1.74156 0)
(-0.0405059 2.33473 0)
(-0.0501638 2.88506 0)
(-0.0518682 3.08031 0)
(-0.0522156 3.11087 0)
(-0.0505693 2.97355 0)
(-0.0364193 2.49921 0)
(-0.0145696 1.54979 0)
(0.00255216 0.443253 0)
(-0.000352768 0.20682 0)
(-0.0015547 0.590246 0)
(-0.00464955 0.916795 0)
(-0.00885384 1.15979 0)
(-0.00944153 1.31781 0)
(-0.0102115 1.39849 0)
(-0.0115887 1.4303 0)
(-0.016688 1.43902 0)
(-0.0154501 1.43975 0)
(-0.0231103 1.43898 0)
(-0.0216181 1.52014 0)
(-0.0263428 1.75358 0)
(-0.0428599 2.34942 0)
(-0.0491337 2.89655 0)
(-0.0555947 3.08257 0)
(-0.0543759 3.10558 0)
(-0.0507946 2.94851 0)
(-0.0429358 2.43659 0)
(-0.0134185 1.45992 0)
(0.00124528 0.421594 0)
(-0.000405185 0.211024 0)
(-0.00175748 0.598806 0)
(-0.00464579 0.926846 0)
(-0.00860534 1.16545 0)
(-0.00931292 1.3186 0)
(-0.00957329 1.39971 0)
(-0.00947442 1.43376 0)
(-0.0151918 1.4429 0)
(-0.0144668 1.4415 0)
(-0.0231624 1.44211 0)
(-0.0248086 1.51932 0)
(-0.0207711 1.76328 0)
(-0.0445365 2.36003 0)
(-0.0502713 2.9039 0)
(-0.0582627 3.08485 0)
(-0.0588862 3.10438 0)
(-0.0516365 2.93471 0)
(-0.0424765 2.40044 0)
(-0.0139169 1.39944 0)
(0.00251138 0.407212 0)
(-0.000542509 0.214473 0)
(-0.0019907 0.604721 0)
(-0.00431098 0.935113 0)
(-0.0083111 1.17163 0)
(-0.00957986 1.31958 0)
(-0.00947917 1.39977 0)
(-0.00927066 1.4362 0)
(-0.014753 1.44603 0)
(-0.0150918 1.44372 0)
(-0.0266432 1.44958 0)
(-0.0298107 1.51699 0)
(-0.0202511 1.77478 0)
(-0.0463277 2.3834 0)
(-0.0552331 2.91821 0)
(-0.0649782 3.08916 0)
(-0.0652979 3.10101 0)
(-0.0622557 2.90801 0)
(-0.0448903 2.32386 0)
(-0.0155239 1.30127 0)
(0.00347369 0.386314 0)
(-0.000657875 0.219869 0)
(-0.0024453 0.612551 0)
(-0.00468326 0.9426 0)
(-0.00697148 1.1776 0)
(-0.0085101 1.32056 0)
(-0.0081234 1.40016 0)
(-0.00653401 1.43931 0)
(-0.0118818 1.45462 0)
(-0.0170056 1.4519 0)
(-0.0271017 1.45417 0)
(-0.0309261 1.51403 0)
(-0.0222089 1.78004 0)
(-0.0490437 2.39991 0)
(-0.0624464 2.93327 0)
(-0.0727398 3.09618 0)
(-0.0712381 3.09954 0)
(-0.0640227 2.88848 0)
(-0.0471138 2.27583 0)
(-0.0121341 1.23399 0)
(0.00300173 0.375168 0)
(-0.000635321 0.224835 0)
(-0.00221344 0.619051 0)
(-0.00473481 0.947674 0)
(-0.00661511 1.1816 0)
(-0.00754997 1.32072 0)
(-0.0068008 1.39814 0)
(-0.00477906 1.43861 0)
(-0.00645931 1.45647 0)
(-0.0119784 1.45566 0)
(-0.0267313 1.46193 0)
(-0.0313639 1.51357 0)
(-0.0259365 1.78686 0)
(-0.0465347 2.43326 0)
(-0.0643208 2.94774 0)
(-0.0767907 3.09743 0)
(-0.0734248 3.09305 0)
(-0.0663505 2.84573 0)
(-0.0513566 2.17482 0)
(-0.00938268 1.11615 0)
(0.000399558 0.355212 0)
(-0.000461992 0.229847 0)
(-0.00352097 0.625675 0)
(-0.00481597 0.953811 0)
(-0.00457689 1.18358 0)
(-0.00500552 1.32121 0)
(-0.00161395 1.39802 0)
(6.51468e-05 1.44 0)
(0.00352936 1.46566 0)
(-0.00619799 1.47107 0)
(-0.0209083 1.46758 0)
(-0.0299595 1.51365 0)
(-0.0397058 1.79413 0)
(-0.0598261 2.45371 0)
(-0.0821399 2.96052 0)
(-0.0865199 3.10051 0)
(-0.0845596 3.08646 0)
(-0.0771214 2.81895 0)
(-0.0515112 2.1182 0)
(-0.00842603 1.06516 0)
(-0.0048018 0.342883 0)
(-0.000318499 0.237759 0)
(-0.00146126 0.634727 0)
(-0.00269244 0.952673 0)
(-0.000693844 1.17766 0)
(0.000821993 1.31034 0)
(0.00876912 1.3818 0)
(0.0133959 1.42424 0)
(0.0265625 1.45464 0)
(0.0277734 1.47514 0)
(0.0212268 1.49369 0)
(-0.0134146 1.54531 0)
(-0.0410957 1.82162 0)
(-0.0618668 2.50179 0)
(-0.0853844 2.98185 0)
(-0.0865672 3.09976 0)
(-0.0825254 3.06657 0)
(-0.0724646 2.7457 0)
(-0.0447811 1.97479 0)
(-0.0102715 0.955486 0)
(-0.00587369 0.296474 0)
(-0.242076 1.58555 1.25632e-22)
(0.398809 3.24079 2.66934e-20)
(0.0925638 3.47005 5.74519e-20)
(0.20024 3.43779 0)
(0.160764 3.39092 0)
(0.155262 3.34333 -3.94946e-19)
(0.157606 3.31713 4.16505e-19)
(0.130151 3.27249 -4.32087e-19)
(0.115053 3.17743 7.9318e-21)
(0.0998689 2.56735 5.8877e-19)
(-0.104979 2.33498 8.74898e-24)
(0.133399 3.29566 1.68202e-19)
(0.0112687 3.44051 0)
(0.0984951 3.39283 0)
(0.0745583 3.34635 1.17382e-20)
(0.0799595 3.30838 8.18704e-19)
(0.0757577 3.27612 -4.56165e-19)
(0.0516853 3.24026 -7.65888e-21)
(0.0512398 3.08211 7.30854e-21)
(0.000820979 2.08536 0)
(-0.027492 2.07914 1.90645e-19)
(0.0869584 3.14441 -2.00963e-19)
(0.0259182 3.34767 0)
(0.0734406 3.32605 3.77048e-19)
(0.0531579 3.30358 -1.38953e-21)
(0.0542713 3.28164 -4.25423e-19)
(0.0465807 3.26665 -5.26552e-19)
(0.031287 3.24547 -2.18134e-22)
(0.0412307 3.1187 7.54937e-21)
(-0.016644 2.21098 0)
(-0.0402836 2.02264 -5.03648e-20)
(0.0284596 3.12056 0)
(-0.0130497 3.31039 -1.98725e-19)
(0.0220288 3.30809 -1.64338e-19)
(0.0169 3.28459 1.48012e-20)
(0.0232352 3.26175 -2.7446e-19)
(0.0277932 3.24604 2.45182e-19)
(0.0218653 3.23344 -8.76358e-21)
(0.0422712 3.12508 1.16056e-20)
(0.00733841 2.25006 3.00972e-19)
(-0.0525671 2.02602 -1.5477e-19)
(0.0140853 3.09119 0)
(-0.00712525 3.26757 4.28627e-19)
(0.0121681 3.26249 -2.36616e-19)
(0.0144411 3.24854 -7.08383e-22)
(0.0174802 3.23762 -1.56244e-21)
(0.0214615 3.23341 -1.55055e-20)
(0.0221713 3.22403 -3.10916e-19)
(0.0431361 3.12741 8.5498e-21)
(-0.00311372 2.31197 -6.29862e-19)
(-0.0498787 2.08649 0)
(-0.00997223 3.08668 -2.3505e-19)
(-0.0283041 3.24339 1.89512e-20)
(-0.0146 3.24728 -1.63383e-20)
(-0.0052408 3.23252 1.67556e-20)
(0.00347842 3.21992 2.78272e-19)
(0.0160586 3.21106 2.90949e-19)
(0.0211097 3.20543 6.11191e-19)
(0.0427445 3.12396 3.3839e-19)
(0.0106387 2.35413 -1.66231e-20)
(-0.0511443 2.14101 0)
(-0.0196926 3.08227 2.43126e-19)
(-0.0188549 3.2141 -2.5513e-19)
(-0.0114214 3.21287 -1.76313e-20)
(-0.00019533 3.20253 3.64524e-20)
(0.00772896 3.1959 3.68828e-22)
(0.016489 3.19554 -1.95974e-20)
(0.0219318 3.19094 -3.193e-19)
(0.0424052 3.12143 -3.29499e-19)
(0.00384242 2.4197 -1.72433e-20)
(-0.0477386 2.22933 2.79692e-19)
(-0.0285654 3.0857 -1.29773e-20)
(-0.0319944 3.19409 8.96727e-21)
(-0.0235698 3.19555 0)
(-0.0132558 3.18566 0)
(-0.00131036 3.17795 0)
(0.0134414 3.17169 0)
(0.0206799 3.16936 3.55152e-19)
(0.0411425 3.11259 -3.66312e-19)
(0.0153955 2.46388 3.61925e-19)
(-0.046217 2.30598 2.65806e-20)
(-0.0329745 3.08474 2.96843e-19)
(-0.0210306 3.16963 0)
(-0.014673 3.16543 -2.00282e-20)
(-0.00402178 3.15768 2.04835e-20)
(0.00532194 3.15322 0)
(0.0147438 3.15421 -1.10988e-20)
(0.0207452 3.15271 -3.447e-19)
(0.0401885 3.10929 3.67318e-19)
(0.0103996 2.53302 0)
(-0.0437599 2.4041 1.59397e-20)
(-0.0359077 3.08624 -4.55475e-19)
(-0.0299815 3.14982 0)
(-0.0225707 3.14694 0)
(-0.0136781 3.13918 2.19423e-20)
(-0.00217489 3.13363 -1.85049e-19)
(0.0117194 3.12893 -2.31495e-20)
(0.0191723 3.12934 1.9716e-19)
(0.0385229 3.09614 0)
(0.0192646 2.58105 0)
(-0.0397561 2.49008 -4.81181e-19)
(-0.0386261 3.08215 1.63118e-19)
(-0.0206137 3.12419 0)
(-0.0131099 3.11619 0)
(-0.00352261 3.10951 0)
(0.00555039 3.10656 3.80915e-19)
(0.0142485 3.10883 0)
(0.0201665 3.11056 -2.10339e-19)
(0.0378866 3.09049 1.29911e-20)
(0.0149275 2.65379 2.19897e-19)
(-0.0378894 2.58968 1.71506e-19)
(-0.0400678 3.07553 -1.66624e-20)
(-0.0296209 3.10121 1.99555e-19)
(-0.0211681 3.09501 1.93918e-19)
(-0.0124448 3.08842 0)
(-0.000819145 3.08419 -1.95639e-19)
(0.0126182 3.08122 0)
(0.0210291 3.08451 0)
(0.0384767 3.07217 0)
(0.0223264 2.70642 -2.20918e-19)
(-0.0348058 2.67794 -1.81144e-19)
(-0.0430531 3.06214 1.87054e-19)
(-0.0234288 3.07189 -1.88111e-19)
(-0.0132477 3.06205 -2.964e-19)
(-0.00290263 3.05691 0)
(0.0071586 3.05546 2.64992e-20)
(0.0166744 3.05883 -1.35282e-20)
(0.0248215 3.06307 1.0078e-19)
(0.0417319 3.06163 1.25138e-19)
(0.0208123 2.78042 -1.28779e-19)
(-0.0348033 2.77269 1.85867e-19)
(-0.046656 3.0448 -1.79677e-19)
(-0.0327135 3.04573 1.27931e-20)
(-0.0207297 3.04036 7.54366e-20)
(-0.0110159 3.0363 -1.08184e-19)
(0.000347178 3.03381 0)
(0.0139901 3.0319 1.16251e-19)
(0.0256478 3.0356 4.95034e-21)
(0.0446006 3.0366 -2.42152e-19)
(0.0286982 2.83262 -6.55123e-21)
(-0.0293075 2.85504 -5.29461e-20)
(-0.0437618 3.02177 1.29559e-20)
(-0.0231118 3.01783 -6.72311e-20)
(-0.0111215 3.01445 2.7512e-20)
(-0.00221469 3.01407 1.3189e-19)
(0.00626561 3.01343 -5.60172e-20)
(0.0142925 3.01437 -5.57949e-20)
(0.0233623 3.01697 -5.79964e-20)
(0.0418425 3.02183 1.24329e-19)
(0.0247994 2.9003 6.08405e-20)
(-0.0177342 2.94025 4.25647e-20)
(-0.0262479 3.00043 1.88146e-20)
(-0.0161699 3.00077 3.70515e-20)
(-0.00939491 3.00165 -7.593e-20)
(-0.00413071 3.00263 2.56717e-20)
(0.000671364 3.00216 5.21834e-20)
(0.00557421 3.00062 -5.44327e-20)
(0.0107229 2.99898 -5.68929e-20)
(0.0218056 2.99715 7.69495e-21)
(0.0165347 2.94915 5.45909e-20)
)
;

boundaryField
{
    wall-4
    {
        type            noSlip;
    }
    pressure-outlet-7
    {
        type            zeroGradient;
    }
    velocity-inlet-6
    {
        type            fixedValue;
        value           uniform (0 3 0);
    }
    velocity-inlet-5
    {
        type            fixedValue;
        value           uniform (1 0 0);
    }
    frontAndBackPlanes
    {
        type            empty;
    }
}


// ************************************************************************* //
