/*--------------------------------*- C++ -*----------------------------------*\
  =========                 |
  \\      /  F ield         | OpenFOAM: The Open Source CFD Toolbox
   \\    /   O peration     | Website:  https://openfoam.org
    \\  /    A nd           | Version:  9
     \\/     M anipulation  |
\*---------------------------------------------------------------------------*/
FoamFile
{
    format      ascii;
    class       volVectorField;
    location    "47";
    object      U;
}
// * * * * * * * * * * * * * * * * * * * * * * * * * * * * * * * * * * * * * //

dimensions      [0 1 -1 0 0 0 0];

internalField   nonuniform List<vector> 
2200
(
(0.878834 -0.0304144 0)
(1.00578 -0.0512816 0)
(1.00327 -0.0354077 0)
(1.00023 -0.0244448 0)
(0.999836 -0.0166734 0)
(1.00002 -0.0107332 0)
(1.00002 -0.00686667 0)
(1.00003 -0.00423483 0)
(1.00001 -0.00226907 0)
(1.00017 -0.00073408 0)
(1.00004 0.000913129 0)
(0.999971 0.00244315 0)
(0.999992 0.00439731 0)
(1.00007 0.0069959 0)
(1.00011 0.0108525 0)
(0.999937 0.0166674 0)
(1.00028 0.0244084 0)
(1.00348 0.0349705 0)
(1.00595 0.0513631 0)
(0.879006 0.0303216 0)
(0.712013 -0.0327641 0)
(0.996632 -0.0630228 0)
(1.03331 -0.0561517 0)
(1.02494 -0.0464259 0)
(1.01594 -0.0361208 0)
(1.00967 -0.0264078 0)
(1.00591 -0.0181363 0)
(1.00374 -0.0114218 0)
(1.00255 -0.00603326 0)
(1.00202 -0.00151544 0)
(1.00204 0.00266529 0)
(1.00255 0.00712356 0)
(1.0037 0.0123742 0)
(1.00582 0.0189925 0)
(1.00944 0.0270966 0)
(1.01558 0.0368608 0)
(1.02466 0.0472946 0)
(1.03311 0.0577011 0)
(0.996673 0.0631513 0)
(0.711802 0.0329987 0)
(0.535482 -0.0239014 0)
(0.969873 -0.056956 0)
(1.05642 -0.0547724 0)
(1.05219 -0.0488063 0)
(1.03615 -0.0404784 0)
(1.02439 -0.0323292 0)
(1.01588 -0.0240923 0)
(1.01037 -0.0161989 0)
(1.00717 -0.00894391 0)
(1.00562 -0.00232381 0)
(1.00548 0.00402582 0)
(1.00693 0.0105968 0)
(1.01013 0.0177066 0)
(1.01549 0.0253572 0)
(1.02411 0.0334211 0)
(1.03615 0.0413775 0)
(1.05219 0.0494114 0)
(1.05634 0.053576 0)
(0.969221 0.0576022 0)
(0.534406 0.0239355 0)
(0.392218 -0.0136527 0)
(0.911753 -0.0464065 0)
(1.05745 -0.0469226 0)
(1.06956 -0.0443211 0)
(1.05489 -0.0381881 0)
(1.0393 -0.0315175 0)
(1.02752 -0.0247413 0)
(1.01905 -0.017555 0)
(1.01368 -0.0100716 0)
(1.01108 -0.00246388 0)
(1.01105 0.00508975 0)
(1.01352 0.0124831 0)
(1.01856 0.0196888 0)
(1.02685 0.0265792 0)
(1.03844 0.0329808 0)
(1.05389 0.03939 0)
(1.06822 0.0454559 0)
(1.05567 0.0481709 0)
(0.910052 0.0469176 0)
(0.390086 0.0137618 0)
(0.307544 -0.0045188 0)
(0.846568 -0.0324091 0)
(1.04932 -0.0399914 0)
(1.07943 -0.0383143 0)
(1.06813 -0.0336667 0)
(1.05163 -0.0280161 0)
(1.03827 -0.0226347 0)
(1.0281 -0.0166054 0)
(1.02109 -0.00976566 0)
(1.01719 -0.00221204 0)
(1.01684 0.00559693 0)
(1.02033 0.0129764 0)
(1.02718 0.0194291 0)
(1.03716 0.0250986 0)
(1.05036 0.0301526 0)
(1.06686 0.035567 0)
(1.07794 0.039939 0)
(1.04739 0.0415779 0)
(0.8432 0.0329238 0)
(0.304045 0.00470929 0)
(0.264064 9.35251e-05 0)
(0.788731 -0.0201155 0)
(1.03309 -0.0315295 0)
(1.08339 -0.0320907 0)
(1.07728 -0.0288414 0)
(1.06081 -0.024007 0)
(1.04709 -0.0195145 0)
(1.03621 -0.014424 0)
(1.0284 -0.00837336 0)
(1.02402 -0.00137816 0)
(1.02386 0.00599315 0)
(1.0277 0.0126193 0)
(1.03488 0.0182622 0)
(1.04536 0.022943 0)
(1.05883 0.0269549 0)
(1.07498 0.0313305 0)
(1.08047 0.0340941 0)
(1.02938 0.0331969 0)
(0.783063 0.0207091 0)
(0.259195 0.000104298 0)
(0.240038 0.00105829 0)
(0.738001 -0.0123268 0)
(1.01365 -0.0251167 0)
(1.08399 -0.0269611 0)
(1.08282 -0.0246855 0)
(1.06768 -0.020593 0)
(1.0542 -0.0166168 0)
(1.04334 -0.0120954 0)
(1.03522 -0.00673027 0)
(1.03027 -0.000462579 0)
(1.0296 0.00623745 0)
(1.03363 0.0121569 0)
(1.04134 0.0169823 0)
(1.0518 0.0208951 0)
(1.06496 0.0243378 0)
(1.07981 0.0278248 0)
(1.08036 0.0294629 0)
(1.00807 0.0270217 0)
(0.729635 0.0130718 0)
(0.23366 -0.000858105 0)
(0.225598 0.000946066 0)
(0.694789 -0.00808274 0)
(0.992335 -0.0208294 0)
(1.08177 -0.0232488 0)
(1.08671 -0.0214693 0)
(1.07325 -0.0179634 0)
(1.05981 -0.0141877 0)
(1.04923 -0.00988957 0)
(1.04127 -0.00497315 0)
(1.03645 0.000696641 0)
(1.03596 0.00664276 0)
(1.03968 0.011929 0)
(1.04644 0.0161663 0)
(1.05636 0.0197296 0)
(1.06944 0.0227101 0)
(1.08208 0.0254545 0)
(1.07584 0.0264641 0)
(0.983825 0.0232022 0)
(0.682873 0.00904431 0)
(0.217389 -0.000731175 0)
(0.216005 0.000624145 0)
(0.659556 -0.00570755 0)
(0.972416 -0.0176996 0)
(1.0793 -0.0203102 0)
(1.08983 -0.018763 0)
(1.07787 -0.0157033 0)
(1.06461 -0.012129 0)
(1.05421 -0.00808086 0)
(1.04638 -0.00329233 0)
(1.04138 0.00198607 0)
(1.04038 0.00733815 0)
(1.04375 0.0120009 0)
(1.05073 0.0158873 0)
(1.06021 0.0190258 0)
(1.07289 0.0217988 0)
(1.08393 0.0240084 0)
(1.07184 0.024625 0)
(0.960514 0.0207157 0)
(0.643317 0.00695261 0)
(0.205506 -0.000359204 0)
(0.208614 0.00027837 0)
(0.630325 -0.0042787 0)
(0.952536 -0.0152343 0)
(1.07567 -0.0182414 0)
(1.09295 -0.0169522 0)
(1.08256 -0.013958 0)
(1.06911 -0.0104011 0)
(1.05865 -0.00636555 0)
(1.05087 -0.00186898 0)
(1.04595 0.00305157 0)
(1.04485 0.0080646 0)
(1.04767 0.0125075 0)
(1.05357 0.0160511 0)
(1.06297 0.0189481 0)
(1.07579 0.0213389 0)
(1.08485 0.0232727 0)
(1.06442 0.0232573 0)
(0.935703 0.0187299 0)
(0.608784 0.00576644 0)
(0.195309 1.17673e-05 0)
(0.202761 6.89833e-05 0)
(0.607208 -0.00321181 0)
(0.935104 -0.0126597 0)
(1.07288 -0.0158041 0)
(1.09624 -0.0147295 0)
(1.08713 -0.0121216 0)
(1.07356 -0.00861149 0)
(1.06289 -0.00476413 0)
(1.05491 -0.000146995 0)
(1.04978 0.0048285 0)
(1.04834 0.00964821 0)
(1.05098 0.0135713 0)
(1.05719 0.0167818 0)
(1.06625 0.019397 0)
(1.07868 0.0216412 0)
(1.08562 0.0227581 0)
(1.05881 0.0223542 0)
(0.913162 0.0171013 0)
(0.579478 0.00504874 0)
(0.1861 0.000289225 0)
(0.197978 5.25938e-06 0)
(0.588505 -0.00233146 0)
(0.918787 -0.0104194 0)
(1.06924 -0.0136995 0)
(1.09934 -0.0127805 0)
(1.09194 -0.0101334 0)
(1.07827 -0.00680143 0)
(1.06727 -0.00290618 0)
(1.05905 0.00145815 0)
(1.05358 0.00617961 0)
(1.05145 0.010755 0)
(1.05335 0.0148109 0)
(1.05892 0.0178345 0)
(1.06822 0.0199799 0)
(1.08071 0.0217637 0)
(1.08546 0.0226619 0)
(1.04924 0.0215776 0)
(0.888571 0.0156844 0)
(0.552528 0.00460564 0)
(0.177065 0.000453773 0)
(0.194407 2.03331e-05 0)
(0.573759 -0.0015712 0)
(0.904435 -0.0081481 0)
(1.06645 -0.0112552 0)
(1.1026 -0.0103311 0)
(1.09648 -0.00787245 0)
(1.08282 -0.00440417 0)
(1.07147 -0.000673871 0)
(1.0626 0.00376581 0)
(1.05645 0.00868108 0)
(1.05432 0.013259 0)
(1.05641 0.0167052 0)
(1.06203 0.0191468 0)
(1.07099 0.0210059 0)
(1.08253 0.0222372 0)
(1.08483 0.0226838 0)
(1.0416 0.0210484 0)
(0.866694 0.014635 0)
(0.529148 0.00434782 0)
(0.168626 0.000533367 0)
(0.192171 3.33237e-05 0)
(0.563089 -0.000830703 0)
(0.892547 -0.00608569 0)
(1.06352 -0.00894914 0)
(1.10578 -0.00783222 0)
(1.10137 -0.00506873 0)
(1.08768 -0.00166137 0)
(1.07607 0.00221681 0)
(1.06691 0.00648923 0)
(1.06018 0.0109118 0)
(1.05674 0.014848 0)
(1.0579 0.0181479 0)
(1.06318 0.0203531 0)
(1.07215 0.0217417 0)
(1.08318 0.0227179 0)
(1.08313 0.0229332 0)
(1.02959 0.0208092 0)
(0.841884 0.0138644 0)
(0.50599 0.00421044 0)
(0.160001 0.00057904 0)
(0.191188 9.09435e-05 0)
(0.555499 -0.000230113 0)
(0.882433 -0.00389558 0)
(1.06207 -0.00614288 0)
(1.10978 -0.00477766 0)
(1.10655 -0.00196208 0)
(1.09291 0.00173172 0)
(1.08087 0.00551596 0)
(1.07097 0.00973496 0)
(1.06343 0.0143157 0)
(1.06012 0.0184341 0)
(1.06125 0.020884 0)
(1.06599 0.0222939 0)
(1.07448 0.0233231 0)
(1.08404 0.0238625 0)
(1.08109 0.0235406 0)
(1.0198 0.0208481 0)
(0.820064 0.0134493 0)
(0.485556 0.00418817 0)
(0.151908 0.000610503 0)
(0.191718 5.15311e-05 0)
(0.551315 0.000832493 0)
(0.875829 -0.00161007 0)
(1.06083 -0.00356545 0)
(1.11378 -0.00188343 0)
(1.1121 0.00137152 0)
(1.09826 0.00525833 0)
(1.08579 0.00934841 0)
(1.07541 0.0136649 0)
(1.06724 0.0178857 0)
(1.06205 0.0212448 0)
(1.06159 0.0236619 0)
(1.06584 0.0247194 0)
(1.07447 0.0251409 0)
(1.08356 0.0255672 0)
(1.07704 0.0247077 0)
(1.0053 0.0212866 0)
(0.794506 0.0132079 0)
(0.463876 0.00421692 0)
(0.143265 0.000624464 0)
(0.193719 0.000213231 0)
(0.551581 0.00149824 0)
(0.870903 0.00054665 0)
(1.06146 -0.000121829 0)
(1.11857 0.00183628 0)
(1.11786 0.00509102 0)
(1.10394 0.00931477 0)
(1.09074 0.0136849 0)
(1.0795 0.0182636 0)
(1.07017 0.0227351 0)
(1.06488 0.0262774 0)
(1.06454 0.0279494 0)
(1.06818 0.0284473 0)
(1.07592 0.0285448 0)
(1.08265 0.0277566 0)
(1.0725 0.0263732 0)
(0.992122 0.0221865 0)
(0.771562 0.0134331 0)
(0.444109 0.00445732 0)
(0.134937 0.000670557 0)
(0.197678 0.00064789 0)
(0.55424 0.00226157 0)
(0.871169 0.00341239 0)
(1.06319 0.0031061 0)
(1.1239 0.00558048 0)
(1.12436 0.00942477 0)
(1.10997 0.0139715 0)
(1.09624 0.0187702 0)
(1.08442 0.0236917 0)
(1.07439 0.0280662 0)
(1.06698 0.0307733 0)
(1.06364 0.0318548 0)
(1.06606 0.0320046 0)
(1.0737 0.0312728 0)
(1.08044 0.0306581 0)
(1.06606 0.0284174 0)
(0.974322 0.0232122 0)
(0.744276 0.0139002 0)
(0.421777 0.00472233 0)
(0.125501 0.000711486 0)
(0.204134 0.000865226 0)
(0.561284 0.00345869 0)
(0.875077 0.00584806 0)
(1.06779 0.00756503 0)
(1.13018 0.0108898 0)
(1.1314 0.0147792 0)
(1.11676 0.0196753 0)
(1.10208 0.0248989 0)
(1.08882 0.0302766 0)
(1.07672 0.0350012 0)
(1.06821 0.0379567 0)
(1.06558 0.038951 0)
(1.0676 0.0383865 0)
(1.0739 0.0369688 0)
(1.07695 0.0343952 0)
(1.05771 0.0311643 0)
(0.95728 0.024984 0)
(0.719049 0.0148118 0)
(0.400511 0.0051457 0)
(0.11607 0.000782611 0)
(0.212337 0.00101758 0)
(0.57232 0.00475009 0)
(0.882952 0.00895064 0)
(1.07441 0.0118933 0)
(1.13747 0.0160995 0)
(1.13927 0.0210775 0)
(1.12375 0.0268235 0)
(1.10798 0.032592 0)
(1.09323 0.038248 0)
(1.07964 0.0429271 0)
(1.06907 0.0450498 0)
(1.06306 0.0445264 0)
(1.06256 0.0430636 0)
(1.06872 0.0403597 0)
(1.07255 0.0386012 0)
(1.04793 0.0344361 0)
(0.935056 0.0269906 0)
(0.688172 0.0158482 0)
(0.375415 0.00558343 0)
(0.105073 0.000838323 0)
(0.224721 0.00136065 0)
(0.590888 0.00676918 0)
(0.898073 0.0135927 0)
(1.08498 0.0185632 0)
(1.14672 0.0237789 0)
(1.14829 0.0292617 0)
(1.13179 0.0358741 0)
(1.1143 0.042507 0)
(1.09719 0.0487034 0)
(1.08051 0.0533096 0)
(1.06766 0.0548917 0)
(1.06243 0.0538959 0)
(1.06335 0.0515807 0)
(1.06769 0.048574 0)
(1.06579 0.0441703 0)
(1.03486 0.0384319 0)
(0.912642 0.0296664 0)
(0.658725 0.0172093 0)
(0.350929 0.00615326 0)
(0.093983 0.000880586 0)
(0.240524 0.00194993 0)
(0.615141 0.00864835 0)
(0.91953 0.0183615 0)
(1.09961 0.0256535 0)
(1.15802 0.0323371 0)
(1.15941 0.0394419 0)
(1.1412 0.0472718 0)
(1.12201 0.0545013 0)
(1.10296 0.060803 0)
(1.08429 0.0648436 0)
(1.06899 0.0654284 0)
(1.05968 0.0629305 0)
(1.05593 0.0587803 0)
(1.05867 0.0539677 0)
(1.0581 0.0499973 0)
(1.02009 0.043228 0)
(0.883834 0.0326564 0)
(0.622167 0.0189426 0)
(0.321233 0.00677983 0)
(0.0809837 0.000888777 0)
(0.26271 0.00281421 0)
(0.648878 0.0124396 0)
(0.948297 0.0251444 0)
(1.11881 0.0351993 0)
(1.17249 0.0433717 0)
(1.17236 0.0520911 0)
(1.15189 0.0609653 0)
(1.12997 0.0692366 0)
(1.10767 0.0761345 0)
(1.08527 0.0801935 0)
(1.06647 0.0795604 0)
(1.05635 0.0756262 0)
(1.05418 0.070297 0)
(1.05642 0.0650401 0)
(1.04768 0.0579565 0)
(1.00105 0.049039 0)
(0.854288 0.0366944 0)
(0.58648 0.0212219 0)
(0.29138 0.00748802 0)
(0.0679259 0.000857317 0)
(0.294295 0.00372066 0)
(0.695139 0.0156215 0)
(0.987511 0.0332719 0)
(1.14423 0.0466934 0)
(1.18979 0.0572558 0)
(1.18744 0.0682236 0)
(1.16342 0.0787773 0)
(1.13824 0.0875868 0)
(1.1127 0.0941268 0)
(1.08715 0.0967348 0)
(1.06553 0.0947128 0)
(1.05174 0.0892889 0)
(1.0447 0.0821434 0)
(1.04294 0.0742658 0)
(1.03529 0.0668157 0)
(0.979178 0.0565888 0)
(0.815972 0.0414309 0)
(0.540391 0.0239206 0)
(0.253836 0.0081243 0)
(0.0525941 0.000802683 0)
(0.33077 0.00709758 0)
(0.753261 0.0247336 0)
(1.03559 0.0463613 0)
(1.1753 0.0638856 0)
(1.21137 0.0764538 0)
(1.20409 0.0903329 0)
(1.17503 0.10164 0)
(1.14508 0.110688 0)
(1.11446 0.116667 0)
(1.08409 0.118388 0)
(1.05869 0.114151 0)
(1.04356 0.105971 0)
(1.03815 0.0969176 0)
(1.03726 0.0883446 0)
(1.019 0.0781372 0)
(0.9511 0.0646604 0)
(0.775314 0.0470806 0)
(0.494146 0.0268777 0)
(0.216596 0.00867784 0)
(0.0379658 0.000674458 0)
(0.410972 0.010781 0)
(0.840724 0.0358169 0)
(1.10078 0.0673668 0)
(1.21408 0.0894905 0)
(1.2366 0.104738 6.51338e-34)
(1.22236 0.120316 -2.92627e-34)
(1.1871 0.131663 0)
(1.15263 0.139594 0)
(1.11823 0.14344 0)
(1.08414 0.141689 0)
(1.05514 0.133838 0)
(1.03646 0.124012 0)
(1.02598 0.11268 0)
(1.01878 0.101035 0)
(0.999864 0.0895385 0)
(0.918972 0.073883 0)
(0.723213 0.0524231 0)
(0.433036 0.029135 0)
(0.168071 0.00842272 0)
(0.0207827 0.000711765 0)
(0.482442 0.025988 4.86905e-20)
(0.942456 0.059658 -3.68451e-20)
(1.17003 0.101127 0)
(1.25399 0.127197 2.83206e-20)
(1.26386 0.142537 -2.29642e-20)
(1.24002 0.160215 3.08746e-34)
(1.1979 0.169732 0)
(1.15783 0.175519 1.63486e-20)
(1.11702 0.177011 -5.36364e-20)
(1.07645 0.172723 1.0933e-20)
(1.04338 0.163039 0)
(1.02259 0.148561 -2.76462e-20)
(1.01318 0.135138 -3.31083e-20)
(1.00736 0.122359 5.79025e-20)
(0.970519 0.106854 -4.57379e-20)
(0.867508 0.0855007 0)
(0.651813 0.0596155 -1.65239e-20)
(0.357009 0.0302932 0)
(0.116062 0.00845042 -9.10432e-20)
(0.0033989 0.000690597 1.07307e-19)
(0.518523 0.0536477 -6.37132e-21)
(1.00646 0.102549 1.11591e-19)
(1.21945 0.151512 -6.61729e-21)
(1.28696 0.175043 -7.08286e-20)
(1.28774 0.191983 -4.86807e-20)
(1.25485 0.207471 7.91735e-20)
(1.20655 0.214163 0)
(1.16119 0.217441 0)
(1.11583 0.216081 8.54525e-20)
(1.07237 0.208699 0)
(1.03459 0.193476 1.00102e-19)
(1.00845 0.17842 2.96635e-20)
(0.9911 0.162724 3.76624e-22)
(0.971346 0.146252 -6.32189e-20)
(0.93395 0.12933 0)
(0.820216 0.105667 0)
(0.590518 0.0707142 -2.70287e-19)
(0.303333 0.0346085 6.78445e-19)
(0.0906822 0.00915015 -4.01641e-19)
(-0.00552326 -4.15806e-05 -4.73468e-19)
(0.526105 0.0763089 -6.53975e-20)
(1.0437 0.159431 2.47885e-20)
(1.25598 0.211539 1.32908e-20)
(1.31308 0.233758 1.23774e-19)
(1.30634 0.24916 1.43264e-20)
(1.266 0.260493 -2.06724e-19)
(1.21218 0.26345 7.03147e-20)
(1.16118 0.263464 0)
(1.10964 0.25912 -1.81012e-19)
(1.05775 0.248179 1.60366e-19)
(1.01363 0.231306 -2.70293e-19)
(0.984741 0.212104 1.26678e-19)
(0.968523 0.194137 -8.20673e-20)
(0.955022 0.178437 1.84811e-19)
(0.904716 0.158448 0)
(0.781971 0.125921 -6.76675e-20)
(0.557424 0.0837062 0)
(0.292648 0.0400701 3.73663e-19)
(0.0897685 0.0122918 -8.84639e-19)
(-0.00515258 -0.000993512 5.54475e-19)
(0.521363 0.108013 1.86676e-19)
(1.06329 0.216052 -8.14189e-20)
(1.27737 0.276559 -1.71642e-20)
(1.33008 0.29809 0)
(1.31811 0.311398 -9.14256e-20)
(1.27244 0.317579 1.12696e-19)
(1.21391 0.31581 -7.53359e-20)
(1.15782 0.311905 0)
(1.10113 0.30325 1.28695e-19)
(1.04575 0.28739 -1.12726e-19)
(0.999675 0.267128 2.34429e-19)
(0.966575 0.245666 0)
(0.942985 0.227603 -1.74461e-19)
(0.917497 0.206797 9.82726e-20)
(0.872284 0.18446 2.48203e-19)
(0.755532 0.151746 -2.18404e-19)
(0.542336 0.103162 3.47593e-19)
(0.293819 0.0530757 -7.70238e-19)
(0.100789 0.0176737 4.86306e-19)
(0.000984454 -0.000121219 -6.08322e-19)
(0.509931 0.132433 -6.75482e-20)
(1.0719 0.270353 4.84713e-20)
(1.28881 0.342715 -5.69642e-20)
(1.33921 0.363891 1.12082e-19)
(1.32362 0.374843 -1.0504e-19)
(1.27418 0.376123 3.58123e-20)
(1.21212 0.369934 3.63203e-21)
(1.15221 0.361839 -1.46538e-19)
(1.09168 0.349042 -1.35101e-19)
(1.03223 0.330383 -2.42318e-19)
(0.97933 0.306371 -5.04176e-19)
(0.941948 0.281877 -1.55234e-19)
(0.919766 0.259718 2.3371e-21)
(0.899524 0.24174 -3.37046e-19)
(0.846656 0.217591 -6.07834e-21)
(0.728962 0.176294 3.18059e-19)
(0.528662 0.122063 -9.60369e-20)
(0.298049 0.0669755 -5.56878e-20)
(0.113581 0.0250691 0)
(0.0085147 0.00176663 1.2947e-18)
(0.493216 0.153239 0)
(1.066 0.319854 -5.32509e-21)
(1.29098 0.405719 -1.04227e-20)
(1.34153 0.427719 -1.27523e-20)
(1.32338 0.437676 1.02125e-19)
(1.27145 0.43466 -8.32004e-20)
(1.20668 0.424048 8.23564e-20)
(1.1433 0.41176 2.40458e-19)
(1.07841 0.394555 -7.5174e-20)
(1.01323 0.371073 1.20052e-19)
(0.956526 0.34195 2.7107e-19)
(0.918385 0.316316 3.38351e-19)
(0.892201 0.296366 -2.0375e-19)
(0.862922 0.271495 3.64866e-19)
(0.816225 0.245162 -2.89114e-19)
(0.709793 0.205409 0)
(0.52478 0.145584 -7.29205e-19)
(0.308853 0.0845866 9.8143e-19)
(0.129036 0.0351435 7.32525e-20)
(0.017079 0.00476329 -1.36851e-18)
(0.479287 0.17361 -5.1207e-21)
(1.05895 0.368635 1.27627e-20)
(1.28878 0.467069 7.61722e-20)
(1.33931 0.489721 -9.7329e-20)
(1.31895 0.498397 8.3944e-20)
(1.26497 0.49155 -8.09086e-20)
(1.19811 0.477361 1.63555e-19)
(1.13216 0.461438 -7.24929e-20)
(1.06472 0.440736 -3.03313e-19)
(0.997848 0.414078 4.86669e-23)
(0.941063 0.383773 -2.94341e-19)
(0.897976 0.356029 -3.63673e-19)
(0.866743 0.329542 2.24738e-19)
(0.843962 0.306344 -1.31209e-19)
(0.792317 0.278911 3.1395e-19)
(0.686364 0.229634 0)
(0.513539 0.167962 -4.52242e-19)
(0.312935 0.101144 6.67891e-19)
(0.139682 0.0453853 1.26493e-18)
(0.0237494 0.00791999 -1.48797e-18)
(0.465094 0.191303 -4.10201e-20)
(1.04642 0.412953 1.42849e-20)
(1.28215 0.524506 -5.34517e-20)
(1.33318 0.548752 1.00852e-19)
(1.31096 0.556979 1.18597e-20)
(1.25551 0.546769 -1.59045e-19)
(1.18699 0.529101 -9.45418e-20)
(1.11899 0.509468 -9.20773e-20)
(1.04923 0.484703 -1.70684e-19)
(0.978561 0.453454 2.74981e-19)
(0.914229 0.41862 2.97762e-19)
(0.869554 0.387117 5.77149e-19)
(0.842094 0.360875 0)
(0.808 0.334649 6.29036e-21)
(0.763345 0.302512 -8.61556e-19)
(0.667942 0.258432 2.01057e-19)
(0.508146 0.190729 9.77005e-19)
(0.318294 0.119399 -2.88256e-19)
(0.148619 0.0559841 6.00147e-19)
(0.0290165 0.0111946 -5.00608e-20)
(0.455533 0.209744 5.94022e-21)
(1.03559 0.456272 3.70909e-20)
(1.27361 0.579737 -2.51484e-20)
(1.32454 0.605448 1.15423e-19)
(1.30069 0.612724 -1.72938e-19)
(1.24399 0.599346 1.58272e-19)
(1.1743 0.578795 9.78631e-20)
(1.10482 0.556121 2.75648e-19)
(1.03269 0.528503 3.43512e-19)
(0.959379 0.49525 -3.16701e-19)
(0.896445 0.458707 0)
(0.852067 0.423122 -2.17792e-19)
(0.815193 0.392983 2.50049e-19)
(0.791506 0.365161 3.15353e-19)
(0.740372 0.33414 -1.82281e-19)
(0.646131 0.279633 -4.45059e-19)
(0.495039 0.212223 -1.32892e-19)
(0.316649 0.135053 -1.58423e-21)
(0.152223 0.0650045 0)
(0.0320759 0.0137633 0)
(0.447398 0.225945 -6.3604e-20)
(1.02337 0.496296 0)
(1.26284 0.631254 -1.09172e-20)
(1.31363 0.65893 -8.49327e-21)
(1.28852 0.66575 1.95049e-19)
(1.23097 0.649631 -4.98082e-20)
(1.16025 0.626335 9.92886e-20)
(1.08926 0.600802 -1.86722e-19)
(1.01535 0.570055 2.60254e-19)
(0.940968 0.532723 -1.03201e-19)
(0.873858 0.490179 1.7021e-19)
(0.822461 0.45267 6.90262e-19)
(0.792406 0.421961 1.41217e-20)
(0.756009 0.390383 -3.28619e-19)
(0.711985 0.353227 6.08707e-19)
(0.626061 0.306173 4.16846e-21)
(0.484086 0.231767 1.42174e-19)
(0.311315 0.149125 -6.78182e-19)
(0.150027 0.072036 6.98309e-19)
(0.0326481 0.0152515 -8.23368e-19)
(0.440734 0.243696 3.88417e-23)
(1.01211 0.534905 0)
(1.25132 0.680491 0)
(1.30158 0.710027 -6.01858e-21)
(1.27536 0.715824 -5.87041e-20)
(1.21693 0.697062 7.4561e-20)
(1.14537 0.671504 -1.8607e-19)
(1.07343 0.643604 0)
(0.998184 0.610421 -3.83593e-19)
(0.920691 0.571002 4.5801e-19)
(0.851437 0.527082 4.84086e-19)
(0.802279 0.486374 -2.5338e-19)
(0.764895 0.449516 -3.06058e-19)
(0.738551 0.416803 7.174e-19)
(0.689839 0.381498 -2.16175e-19)
(0.603377 0.32197 -2.58209e-19)
(0.467236 0.248656 -1.54582e-19)
(0.303444 0.160123 -7.31123e-19)
(0.14547 0.0767356 1.06596e-19)
(0.0315964 0.016196 8.88096e-19)
(0.436377 0.261938 -3.29938e-20)
(1.00103 0.571083 -4.2137e-20)
(1.23872 0.72621 2.3648e-20)
(1.28842 0.75776 -1.5768e-22)
(1.26128 0.763121 -5.72202e-20)
(1.20223 0.742192 1.22475e-19)
(1.13008 0.714451 0)
(1.05727 0.684241 1.12259e-19)
(0.980745 0.648888 -8.85174e-20)
(0.902004 0.606496 7.62787e-19)
(0.83114 0.557996 -1.1067e-19)
(0.777328 0.512931 1.25445e-19)
(0.740974 0.475791 0)
(0.703444 0.438578 -3.88315e-19)
(0.661409 0.395399 4.70003e-19)
(0.582661 0.344089 0)
(0.453607 0.262184 -3.33273e-19)
(0.292194 0.169531 9.79832e-19)
(0.138706 0.0792321 1.15566e-19)
(0.0291302 0.0165709 -1.09285e-18)
(0.433862 0.278891 -8.55288e-20)
(0.991169 0.605869 1.09751e-19)
(1.22611 0.76979 0)
(1.27494 0.803211 6.43058e-21)
(1.24694 0.807636 0)
(1.18732 0.784508 -1.56453e-19)
(1.11475 0.754986 0)
(1.04131 0.722996 0)
(0.96333 0.685758 -1.16453e-19)
(0.881706 0.64136 -7.24949e-19)
(0.807356 0.591264 -8.93855e-19)
(0.752745 0.542728 1.46507e-19)
(0.712464 0.49874 5.28051e-19)
(0.68609 0.459897 4.27202e-19)
(0.639466 0.420173 -1.50765e-18)
(0.559936 0.353888 -6.05377e-19)
(0.433445 0.273716 3.54406e-19)
(0.27895 0.174423 0)
(0.130385 0.0800597 9.92942e-19)
(0.0261808 0.0160314 -1.17693e-18)
(0.432194 0.294622 1.0398e-19)
(0.981513 0.638385 -1.29003e-19)
(1.2132 0.810081 0)
(1.26108 0.845357 -1.09668e-20)
(1.2324 0.849477 3.23088e-21)
(1.17238 0.824651 0)
(1.09945 0.793415 5.6855e-20)
(1.02525 0.759603 7.72751e-20)
(0.946176 0.720786 -2.19393e-19)
(0.863651 0.674681 9.61544e-20)
(0.787251 0.621217 0)
(0.728928 0.567606 6.06477e-19)
(0.690101 0.522389 4.85984e-21)
(0.650198 0.47819 2.30373e-19)
(0.610766 0.427486 2.7366e-19)
(0.537718 0.371243 0)
(0.417535 0.280839 -5.79515e-19)
(0.264505 0.177784 1.13734e-18)
(0.121623 0.0793935 -1.20266e-18)
(0.0230876 0.0151301 2.53366e-18)
(0.430928 0.30956 0)
(0.972626 0.66959 0)
(1.20069 0.848384 -6.22666e-20)
(1.2474 0.88543 0)
(1.21801 0.888774 0)
(1.15757 0.862167 -1.30605e-19)
(1.08438 0.829517 5.81698e-20)
(1.00972 0.794404 1.75568e-20)
(0.929372 0.754213 -5.0263e-20)
(0.843743 0.70639 0)
(0.763288 0.650537 -1.35795e-19)
(0.70312 0.59459 -4.94675e-19)
(0.659021 0.542926 -5.95398e-19)
(0.63221 0.495132 -2.39249e-19)
(0.588223 0.448135 2.96457e-19)
(0.514571 0.373651 -6.98955e-19)
(0.395581 0.285915 1.2468e-18)
(0.249662 0.177107 2.5267e-21)
(0.112792 0.0776008 -1.15327e-18)
(0.0204262 0.014001 -1.70828e-19)
(0.429767 0.32408 0)
(0.964031 0.699063 -1.06433e-19)
(1.18826 0.883766 7.71223e-20)
(1.23372 0.922386 0)
(1.20376 0.925549 0)
(1.14307 0.89768 2.62347e-19)
(1.06971 0.863748 0)
(0.994494 0.827224 0)
(0.913202 0.786005 -4.80202e-19)
(0.826663 0.737218 1.32336e-19)
(0.744351 0.679461 -1.20386e-18)
(0.679896 0.619695 0)
(0.636225 0.565127 -6.45449e-19)
(0.594252 0.510758 1.06458e-20)
(0.55726 0.448221 -9.51997e-19)
(0.49092 0.384591 3.76141e-19)
(0.380223 0.284611 1.67208e-21)
(0.236887 0.174495 -1.31294e-18)
(0.105642 0.0744913 6.22013e-19)
(0.0175528 0.0124408 1.82755e-19)
(0.428702 0.338249 0)
(0.956077 0.727294 -1.50054e-19)
(1.17635 0.91744 8.16131e-20)
(1.22047 0.957565 1.00918e-19)
(1.18991 0.960047 -1.43176e-20)
(1.12896 0.930774 2.62482e-20)
(1.05554 0.895785 -3.54267e-20)
(0.980061 0.858373 4.62857e-19)
(0.897607 0.816174 5.13681e-19)
(0.808013 0.766131 1.00838e-18)
(0.721293 0.706304 1.00031e-18)
(0.653462 0.644375 1.75616e-19)
(0.603089 0.583995 9.28633e-19)
(0.573722 0.524088 5.73069e-19)
(0.532236 0.46474 6.83444e-19)
(0.467004 0.376551 -4.11774e-19)
(0.358394 0.279454 -4.79383e-19)
(0.226683 0.164472 5.62062e-19)
(0.10331 0.0749922 -3.33545e-19)
(0.0204585 0.0179731 5.91343e-19)
(0.42772 0.352004 2.13017e-19)
(0.948546 0.754014 2.34756e-19)
(1.16467 0.948589 4.79327e-20)
(1.20743 0.989887 1.6258e-20)
(1.17644 0.992226 1.27109e-20)
(1.11539 0.962036 -7.28712e-20)
(1.04198 0.926162 3.41793e-20)
(0.966024 0.887694 -2.03517e-20)
(0.882564 0.844795 -5.97096e-19)
(0.792141 0.794454 -1.09413e-18)
(0.70379 0.7343 6.94435e-20)
(0.630851 0.669716 0)
(0.57959 0.606324 0)
(0.532129 0.539673 -2.98667e-19)
(0.495477 0.457538 -1.11755e-18)
(0.438924 0.377728 8.86977e-19)
(0.348831 0.25884 5.24536e-19)
(0.23349 0.146212 0)
(0.116462 0.049451 1.06397e-18)
(0.0140288 -0.00740625 -6.31767e-19)
(0.42684 0.365174 -1.12922e-19)
(0.941442 0.779309 1.00006e-19)
(1.15352 0.978226 -1.16095e-19)
(1.19497 1.02073 -9.19341e-20)
(1.16348 1.02241 -1.1528e-20)
(1.1023 0.991084 -2.32935e-20)
(1.02895 0.954448 0)
(0.952817 0.915453 -5.81231e-19)
(0.868453 0.871909 7.34081e-20)
(0.77548 0.82075 0)
(0.68312 0.759402 0)
(0.605814 0.693505 1.11758e-19)
(0.54507 0.625436 1.50063e-19)
(0.507751 0.551318 -3.22311e-19)
(0.463914 0.472973 8.02307e-19)
(0.405281 0.354729 -9.66501e-19)
(0.319357 0.236608 -1.12193e-18)
(0.238799 0.125881 9.93175e-19)
(0.171063 0.0898887 -3.78944e-19)
(0.113136 0.0801181 2.20569e-19)
(0.425915 0.377565 1.42755e-19)
(0.934701 0.80321 0)
(1.14264 1.0056 0)
(1.18279 1.04893 -2.49511e-20)
(1.151 1.05047 2.01993e-20)
(1.08984 1.01847 -2.08053e-20)
(1.0166 0.981256 1.50774e-19)
(0.940149 0.941544 5.95059e-19)
(0.855056 0.897701 1.08247e-18)
(0.761251 0.846655 -8.21469e-20)
(0.666533 0.785984 1.6961e-19)
(0.583986 0.719405 -9.98985e-19)
(0.522213 0.649848 -9.94249e-19)
(0.461417 0.571197 -1.72823e-19)
(0.413202 0.461747 0)
(0.362607 0.355599 -7.51418e-21)
(0.293479 0.16962 6.17415e-19)
(0.264239 0.0247271 -1.03984e-18)
(0.226394 -0.0870603 7.90575e-19)
(0.0841045 -0.0968365 6.557e-19)
(0.424938 0.389501 -3.15784e-19)
(0.928091 0.825615 -1.42793e-19)
(1.13218 1.0317 7.00588e-21)
(1.17112 1.0761 5.48497e-20)
(1.13891 1.07708 0)
(1.07767 1.04422 -7.67382e-20)
(1.00456 1.00656 -2.16445e-19)
(0.928089 0.966753 -1.72937e-21)
(0.842315 0.92273 -5.67126e-19)
(0.746115 0.871283 -8.05743e-20)
(0.647962 0.810201 7.48392e-20)
(0.561727 0.744339 8.77492e-19)
(0.485163 0.672098 9.70393e-19)
(0.432294 0.584433 1.68148e-19)
(0.374558 0.487629 8.59907e-19)
(0.292723 0.324358 0)
(0.174639 0.155687 0)
(0.0050049 0.207683 7.16915e-19)
(-0.0775567 0.629817 -3.00307e-20)
(0.00667554 1.53561 -8.81533e-19)
(0.423887 0.400772 1.74659e-19)
(0.921911 0.847093 3.99148e-19)
(1.12194 1.05605 -5.4519e-19)
(1.15962 1.10119 2.70812e-19)
(1.12713 1.10227 -6.15633e-21)
(1.06592 1.06915 -3.02458e-20)
(0.992945 1.0314 0)
(0.916196 0.991404 -4.95889e-19)
(0.82971 0.947716 0)
(0.732608 0.897197 1.13543e-18)
(0.631404 0.837977 -9.08533e-20)
(0.538695 0.772957 1.01872e-19)
(0.463857 0.703186 1.109e-18)
(0.378849 0.620716 -3.64406e-19)
(0.283027 0.484369 -4.37872e-19)
(0.197995 0.380621 0)
(0.0888778 0.507213 0)
(0.0264229 1.32728 0)
(0.0727142 2.46126 -4.07294e-19)
(0.100289 2.90983 -2.50544e-19)
(0.422592 0.411474 0)
(0.915709 0.866941 0)
(1.11211 1.07927 1.99177e-19)
(1.14868 1.12556 -2.1963e-19)
(1.11575 1.12632 9.50056e-20)
(1.05448 1.09273 3.674e-20)
(0.981661 1.05497 2.77933e-20)
(0.904941 1.01543 -2.16392e-20)
(0.817836 0.972185 7.9811e-20)
(0.718492 0.921989 -1.30303e-18)
(0.614747 0.863585 1.6476e-19)
(0.519176 0.802301 8.75082e-19)
(0.42393 0.734331 -1.10503e-18)
(0.347086 0.637194 -1.21141e-18)
(0.267331 0.545869 4.07926e-19)
(0.19147 0.679552 0)
(0.123161 1.55478 5.65897e-19)
(0.124105 2.69234 6.21931e-19)
(0.132217 3.08764 -6.95393e-19)
(0.123757 3.22205 7.47596e-19)
(0.421248 0.421836 0)
(0.910019 0.886068 3.54916e-19)
(1.10256 1.10087 -4.9899e-20)
(1.13796 1.14786 3.10672e-19)
(1.10479 1.14896 -9.97238e-20)
(1.0436 1.11545 0)
(0.970922 1.078 0)
(0.893926 1.0387 0)
(0.806225 0.996344 4.50106e-19)
(0.706399 0.948087 6.01824e-20)
(0.599258 0.892642 0)
(0.496417 0.832429 -8.70436e-19)
(0.41186 0.76877 0)
(0.297348 0.687295 8.67166e-19)
(0.205477 0.753988 -5.83674e-19)
(0.155521 1.46185 -4.69836e-19)
(0.157719 2.68031 -1.10116e-18)
(0.179394 3.12681 -5.80829e-19)
(0.170225 3.26752 -7.89869e-19)
(0.156222 3.30779 5.98826e-19)
(0.419763 0.431296 -1.24244e-19)
(0.904195 0.903445 1.54268e-20)
(1.0934 1.12145 -5.56815e-20)
(1.12786 1.16968 -2.39692e-19)
(1.09426 1.17066 0)
(1.03301 1.13698 0)
(0.96048 1.09982 0)
(0.883592 1.06139 3.45443e-20)
(0.795522 1.02003 -5.68911e-19)
(0.69373 0.972728 0)
(0.584904 0.918746 0)
(0.483226 0.865773 0)
(0.368703 0.803792 0)
(0.305522 0.779261 6.32888e-19)
(0.271568 1.16658 1.55617e-18)
(0.249587 2.3828 4.61223e-19)
(0.262971 3.08322 9.30407e-19)
(0.257499 3.28344 -7.13092e-19)
(0.208636 3.3492 2.63862e-19)
(0.176071 3.36188 0)
(0.418274 0.440486 1.28036e-19)
(0.898779 0.920869 -7.89804e-19)
(1.08432 1.14115 -2.11791e-19)
(1.11773 1.19005 -4.63923e-20)
(1.08394 1.19158 2.31927e-20)
(1.02281 1.15824 -7.60135e-20)
(0.950452 1.12165 -3.40695e-21)
(0.873365 1.08374 -3.86624e-19)
(0.784918 1.04367 0)
(0.68316 0.999107 -7.60703e-20)
(0.571728 0.949378 6.92005e-20)
(0.461982 0.896039 0)
(0.37541 0.847826 0)
(0.319885 0.966291 -7.9189e-19)
(0.27411 1.85523 9.73972e-20)
(0.270307 2.94308 -3.45969e-19)
(0.292618 3.28766 7.2237e-19)
(0.265081 3.3862 5.24158e-19)
(0.199413 3.41065 -7.12126e-19)
(0.174607 3.42015 3.5333e-19)
(0.416314 0.449873 2.52297e-19)
(0.892474 0.937775 7.70937e-19)
(1.07478 1.16152 2.54104e-19)
(1.10742 1.21176 0)
(1.07324 1.21317 0)
(1.01214 1.17967 5.94357e-20)
(0.940041 1.14342 7.16392e-20)
(0.863307 1.10654 3.4482e-19)
(0.774836 1.06771 2.2346e-20)
(0.671456 1.02439 9.74047e-19)
(0.559893 0.976383 -1.14814e-18)
(0.45004 0.92867 0)
(0.370039 0.925532 0)
(0.334934 1.33245 -5.39195e-19)
(0.335659 2.48724 -6.4845e-19)
(0.378835 3.19816 0)
(0.403301 3.36985 -7.29146e-19)
(0.333417 3.4326 4.97453e-20)
(0.26384 3.4773 3.41341e-19)
(0.241269 3.50261 -1.12262e-19)
(0.41413 0.459649 -4.80525e-19)
(0.886103 0.956694 -3.7045e-19)
(1.06439 1.18272 0)
(1.09603 1.23338 0)
(1.06182 1.23537 0)
(1.00106 1.20212 0)
(0.92936 1.16638 -8.40929e-20)
(0.852667 1.12989 3.03578e-19)
(0.764172 1.09227 0)
(0.661916 1.05203 -8.86987e-19)
(0.549455 1.00924 2.05953e-18)
(0.439962 0.970713 8.39979e-20)
(0.387973 1.04765 1.11401e-19)
(0.387275 1.75008 8.78893e-19)
(0.401495 2.90055 -4.72387e-19)
(0.439362 3.32044 0)
(0.422519 3.44382 2.03837e-19)
(0.336979 3.53206 9.19892e-20)
(0.261159 3.59591 1.5095e-19)
(0.185847 3.57537 -1.35671e-20)
(0.411216 0.469876 2.28872e-19)
(0.878133 0.975088 -3.79467e-19)
(1.05306 1.20513 0)
(1.08407 1.25713 -6.78264e-20)
(1.04955 1.25871 2.32136e-19)
(0.988989 1.22505 0)
(0.917836 1.18941 0)
(0.841898 1.15385 -5.27175e-19)
(0.753928 1.1174 -5.69691e-20)
(0.650659 1.07832 8.69902e-19)
(0.535948 1.03647 -9.78602e-19)
(0.446653 1.0166 5.70493e-19)
(0.40713 1.23232 0)
(0.423993 2.18578 -4.66011e-19)
(0.466153 3.14556 3.05775e-19)
(0.529548 3.42401 1.90951e-19)
(0.521756 3.52045 0)
(0.458795 3.60206 -3.88156e-20)
(0.388554 3.64319 -4.153e-19)
(0.307792 3.61464 -9.71904e-20)
(0.408002 0.480347 -4.57242e-19)
(0.870202 0.996362 5.43658e-19)
(1.04071 1.22857 3.7529e-19)
(1.07078 1.28052 -9.29968e-20)
(1.03643 1.28262 -3.55077e-19)
(0.976497 1.24906 0)
(0.906086 1.21378 8.96587e-21)
(0.83051 1.17834 1.91142e-19)
(0.742972 1.14286 3.05598e-20)
(0.641998 1.10674 -7.51568e-19)
(0.527907 1.07218 -5.19768e-20)
(0.44788 1.08074 -6.43862e-19)
(0.444324 1.46267 7.00237e-19)
(0.495238 2.55174 1.529e-19)
(0.560871 3.30787 -2.6787e-19)
(0.613203 3.47576 1.35628e-19)
(0.573449 3.52699 0)
(0.515516 3.53092 0)
(0.42162 3.49558 -6.8525e-19)
(0.192606 3.2866 1.26633e-18)
(0.403561 0.491036 2.19342e-19)
(0.859949 1.01622 5.36666e-19)
(1.02722 1.25314 -3.84036e-19)
(1.05695 1.30644 3.39193e-19)
(1.02238 1.30769 3.73033e-19)
(0.962913 1.27339 0)
(0.893431 1.23791 -4.225e-22)
(0.819127 1.20322 1.56904e-19)
(0.732888 1.16871 0)
(0.631785 1.13338 0)
(0.523721 1.10292 0)
(0.460337 1.15668 0)
(0.486642 1.70169 -7.90115e-19)
(0.554204 2.85771 -2.03392e-19)
(0.629175 3.39569 0)
(0.672485 3.48856 -2.1362e-20)
(0.670904 3.4943 0)
(0.748177 3.3352 1.44217e-19)
(0.844019 2.96626 -1.79709e-18)
(0.44897 2.58676 1.88214e-18)
(0.399151 0.501219 -4.4811e-19)
(0.849907 1.0401 -3.44371e-19)
(1.01248 1.27905 -2.55575e-19)
(1.0414 1.33172 -3.17234e-19)
(1.00729 1.33342 -1.82234e-19)
(0.948891 1.29901 0)
(0.880599 1.26369 4.44761e-21)
(0.807083 1.22879 -4.25515e-20)
(0.721742 1.1949 -2.29418e-19)
(0.623574 1.16194 0)
(0.52007 1.1418 5.11385e-20)
(0.474626 1.25348 -5.81464e-20)
(0.533411 1.9537 0)
(0.627983 3.08062 2.65822e-19)
(0.7195 3.43812 0)
(0.751168 3.47517 -1.0426e-19)
(0.754634 3.38443 2.86208e-19)
(0.748096 3.00341 -1.42343e-19)
(0.503324 1.99275 2.78951e-19)
(-0.343869 0.498384 -6.7937e-19)
(0.392014 0.511456 -1.34168e-20)
(0.836351 1.06109 -1.76388e-19)
(0.996069 1.30602 3.52095e-19)
(1.02506 1.36038 -1.97095e-20)
(0.990846 1.36085 -5.83414e-20)
(0.933212 1.32551 0)
(0.86627 1.28983 6.5526e-20)
(0.794594 1.25571 -8.09215e-20)
(0.711451 1.22278 4.11228e-19)
(0.611576 1.19051 -5.05926e-19)
(0.522736 1.17985 -6.0446e-19)
(0.501928 1.36985 0)
(0.589773 2.25642 3.99656e-19)
(0.693218 3.21763 -5.42433e-20)
(0.766326 3.4195 3.09204e-20)
(0.77325 3.40972 0)
(0.703704 3.17923 -1.50068e-19)
(0.53423 2.40214 1.59286e-19)
(0.102912 0.633994 -1.89028e-19)
(-0.25056 -0.398343 -1.74065e-19)
(0.384698 0.522337 4.19525e-19)
(0.823294 1.08763 -1.72996e-19)
(0.977979 1.33479 2.48954e-19)
(1.00643 1.38816 1.92081e-19)
(0.97303 1.38932 1.17503e-19)
(0.917006 1.35391 2.22803e-19)
(0.85179 1.31847 -1.46535e-19)
(0.781387 1.28405 1.60382e-20)
(0.699503 1.25166 -3.01398e-19)
(0.60261 1.2225 3.32254e-20)
(0.526195 1.22845 9.70459e-20)
(0.528873 1.51663 -3.96678e-19)
(0.641141 2.51823 1.07357e-19)
(0.753051 3.28966 -2.10463e-19)
(0.816847 3.39308 3.06942e-20)
(0.793885 3.31463 8.21442e-20)
(0.666944 2.86602 -2.16037e-19)
(0.408276 1.63734 1.40217e-19)
(0.0600601 0.0509676 0)
(-0.0800312 -0.161586 -3.02104e-19)
(0.374426 0.530548 0)
(0.805278 1.10864 -6.56799e-19)
(0.957743 1.36392 2.39412e-20)
(0.986994 1.41978 -3.15573e-19)
(0.953621 1.41935 0)
(0.898797 1.38293 -1.6496e-19)
(0.835459 1.3471 1.4876e-19)
(0.767581 1.3136 -1.50034e-20)
(0.689122 1.28225 2.12854e-19)
(0.595353 1.25583 3.62622e-19)
(0.530692 1.2806 4.66964e-19)
(0.565334 1.67366 4.77407e-20)
(0.699851 2.76501 -2.93153e-19)
(0.80663 3.32217 1.49212e-20)
(0.840098 3.35196 1.96913e-21)
(0.763978 3.13402 8.28957e-20)
(0.528707 2.32711 9.22158e-20)
(0.117026 0.446271 -1.09294e-19)
(-0.136854 -0.246243 0)
(-0.115866 -0.207889 0)
(0.363493 0.539868 -4.0524e-19)
(0.787828 1.13646 6.51964e-19)
(0.935458 1.39503 0)
(0.964618 1.44971 0)
(0.932492 1.45036 0)
(0.880096 1.41398 0)
(0.819185 1.37841 -7.89331e-20)
(0.753249 1.34444 -1.59724e-20)
(0.676713 1.31359 -3.48354e-20)
(0.589518 1.29074 3.79371e-20)
(0.537981 1.3444 -3.86542e-19)
(0.600006 1.85391 2.81504e-19)
(0.750667 2.94878 0)
(0.843468 3.31894 3.63894e-20)
(0.864575 3.28655 6.63123e-20)
(0.725488 2.87314 -2.56826e-20)
(0.395558 1.68866 1.07504e-19)
(0.0150788 -0.0388623 6.16796e-20)
(-0.157231 -0.20322 -2.54076e-19)
(-0.0578479 -0.137423 -2.97591e-19)
(0.348098 0.544469 2.05258e-19)
(0.763337 1.15467 3.04855e-19)
(0.910711 1.42513 -9.28549e-21)
(0.941411 1.48379 1.6723e-19)
(0.909459 1.48236 0)
(0.858978 1.44493 3.13712e-19)
(0.800523 1.40892 -6.43971e-20)
(0.737905 1.37597 1.82977e-20)
(0.664728 1.34592 -3.57461e-20)
(0.584622 1.32801 2.74053e-20)
(0.54911 1.41485 2.60925e-19)
(0.644162 2.05913 -1.29362e-19)
(0.80135 3.07342 -1.10886e-19)
(0.882443 3.31216 3.11023e-21)
(0.863049 3.18933 -3.54824e-20)
(0.629837 2.51657 1.51025e-19)
(0.190937 0.736917 -8.47738e-20)
(-0.085073 -0.276055 1.2407e-19)
(-0.130254 -0.224161 -3.77709e-19)
(-0.0595047 -0.124524 2.64341e-19)
(0.330937 0.549268 -1.91997e-19)
(0.739062 1.1802 0)
(0.883671 1.45705 -2.2376e-19)
(0.914329 1.51497 -3.22603e-19)
(0.884198 1.51524 0)
(0.837356 1.47803 -2.45042e-19)
(0.78207 1.44222 0)
(0.722155 1.40839 -1.17627e-19)
(0.649992 1.37884 -2.09463e-20)
(0.580988 1.3667 6.93143e-20)
(0.562346 1.49642 -1.26826e-19)
(0.684077 2.25984 7.16906e-20)
(0.841806 3.14194 1.73669e-19)
(0.906215 3.28229 1.38498e-20)
(0.846418 3.03679 -3.57005e-20)
(0.53216 2.0901 -5.12151e-20)
(0.0765429 0.123054 1.30966e-19)
(-0.183506 -0.266292 -1.46264e-19)
(-0.105003 -0.21075 5.36926e-22)
(-0.0470724 -0.0741771 -2.76577e-20)
(0.308697 0.546915 3.82007e-19)
(0.707493 1.19288 -2.92328e-19)
(0.853661 1.48556 2.38356e-19)
(0.886178 1.55036 1.55424e-19)
(0.856834 1.54804 2.81614e-20)
(0.812952 1.50975 1.54362e-19)
(0.760575 1.47352 0)
(0.704973 1.44069 -3.79398e-20)
(0.637181 1.41243 0)
(0.577432 1.40769 -6.48276e-20)
(0.578006 1.58287 1.25856e-19)
(0.728695 2.4371 -3.36761e-21)
(0.880958 3.18659 -5.946e-20)
(0.931004 3.24633 4.15173e-20)
(0.811423 2.85684 -1.40578e-20)
(0.385688 1.53178 6.52002e-20)
(-0.0526489 -0.12894 -1.97972e-19)
(-0.226123 -0.260719 -1.13115e-19)
(-0.124701 -0.247274 -4.43145e-20)
(-0.066151 -0.0802668 2.07544e-19)
(0.284745 0.542799 4.28941e-21)
(0.676427 1.21373 1.50011e-19)
(0.820281 1.51465 0)
(0.852941 1.58069 2.92185e-19)
(0.826873 1.58166 -4.16278e-19)
(0.787859 1.54385 1.56042e-19)
(0.739339 1.50767 -1.04218e-19)
(0.687523 1.47337 9.84412e-20)
(0.622146 1.44617 -8.72365e-20)
(0.572982 1.44925 -1.9966e-21)
(0.594457 1.67365 2.70024e-20)
(0.76752 2.59333 4.86786e-20)
(0.909419 3.19407 3.62258e-20)
(0.933568 3.19194 -6.3198e-20)
(0.749873 2.60464 -6.42123e-20)
(0.288065 1.04235 1.22625e-19)
(-0.0583797 -0.246898 -1.18722e-19)
(-0.219868 -0.298267 8.05098e-20)
(-0.122026 -0.275839 1.60058e-21)
(-0.0747869 -0.100853 -1.80935e-19)
(0.255257 0.526822 7.10833e-19)
(0.635845 1.21421 -1.49528e-19)
(0.783176 1.53763 -4.08031e-19)
(0.818761 1.61451 3.31231e-19)
(0.795111 1.61347 -1.82067e-19)
(0.759564 1.5745 3.01508e-19)
(0.714446 1.53809 1.62278e-19)
(0.668285 1.50484 0)
(0.609391 1.47923 1.003e-19)
(0.568431 1.4919 -1.45078e-20)
(0.610061 1.76045 -1.25154e-20)
(0.807674 2.71228 -4.80938e-21)
(0.931807 3.19615 1.9606e-20)
(0.940681 3.12754 9.3696e-21)
(0.694969 2.41706 -9.76135e-20)
(0.168665 0.485126 -3.89861e-20)
(-0.0518431 -0.268389 1.22871e-19)
(-0.138781 -0.303483 5.48146e-20)
(-0.108487 -0.273541 1.7708e-20)
(-0.0568096 -0.11144 1.53358e-19)
(0.223447 0.504751 0)
(0.59534 1.22258 1.39219e-19)
(0.741386 1.559 -1.85272e-19)
(0.778828 1.64014 3.21269e-19)
(0.760549 1.64559 -3.97353e-19)
(0.729949 1.60785 1.65514e-19)
(0.689744 1.57142 0)
(0.648199 1.53599 0)
(0.595674 1.51053 0)
(0.560812 1.53312 2.08569e-20)
(0.624737 1.84129 -1.95462e-20)
(0.834219 2.80131 1.91069e-20)
(0.947263 3.19365 5.25599e-20)
(0.929494 3.06003 5.01962e-20)
(0.618069 2.15491 -8.80538e-20)
(0.0877678 0.188822 6.72098e-20)
(-0.11868 -0.275581 2.98566e-21)
(-0.113395 -0.318129 -1.25003e-19)
(-0.0916444 -0.238267 1.47282e-20)
(-0.0304625 -0.0823232 0)
(0.186035 0.46416 6.51717e-19)
(0.542954 1.19879 -1.30184e-19)
(0.695891 1.57042 4.64086e-21)
(0.73869 1.66915 0)
(0.723868 1.67273 -1.90823e-19)
(0.697211 1.63523 1.84299e-20)
(0.661164 1.59854 0)
(0.626389 1.56452 4.981e-20)
(0.581667 1.53979 -3.93049e-20)
(0.555026 1.57132 0)
(0.634801 1.90689 0)
(0.8613 2.86307 -3.47713e-20)
(0.956385 3.19283 -7.25769e-20)
(0.920158 2.98386 -2.18453e-21)
(0.56951 1.97863 -2.0465e-20)
(0.0357009 0.0139886 3.24642e-20)
(-0.14906 -0.280172 0)
(-0.113675 -0.339604 -7.22437e-20)
(-0.0849429 -0.241098 -1.10227e-19)
(-0.010911 -0.0723116 2.65491e-19)
(0.146174 0.410471 5.37816e-19)
(0.491077 1.18127 -1.24697e-19)
(0.644303 1.57491 1.76354e-19)
(0.691833 1.68501 -4.37882e-19)
(0.683795 1.69932 0)
(0.662811 1.66552 0)
(0.632421 1.6287 0)
(0.603185 1.59207 5.2457e-20)
(0.565796 1.56575 -4.13899e-20)
(0.543988 1.60336 0)
(0.642253 1.96308 0)
(0.871978 2.89693 1.09912e-19)
(0.95934 3.19803 -4.30527e-20)
(0.893628 2.95151 5.84665e-20)
(0.532615 1.7964 5.32963e-20)
(-0.0103461 0.0524215 0)
(-0.17928 -0.220739 -1.8358e-20)
(-0.166597 -0.330815 -2.17276e-20)
(-0.0817854 -0.236933 2.21071e-19)
(0.0296478 0.0321538 -2.67803e-19)
(0.103088 0.331252 -4.99965e-19)
(0.424335 1.11192 1.31063e-19)
(0.589502 1.56349 3.71078e-19)
(0.645422 1.70322 2.51786e-19)
(0.640744 1.71724 -2.03887e-19)
(0.625929 1.68693 -1.34681e-19)
(0.599991 1.64951 9.1788e-20)
(0.57825 1.61513 0)
(0.550066 1.58817 0)
(0.53401 1.62645 0)
(0.641101 1.98419 -7.45595e-20)
(0.892307 2.91686 -1.12527e-19)
(0.966097 3.2174 4.14817e-20)
(0.846207 2.95531 -1.72998e-20)
(0.435319 1.75775 4.8762e-20)
(-0.164651 0.226062 0)
(-0.357094 -0.269764 7.26902e-20)
(-0.366751 -0.466228 -2.35441e-19)
(-0.247694 -0.406083 5.49854e-19)
(-0.0270971 0.0197617 -3.06244e-19)
(0.055223 0.231408 5.29063e-19)
(0.357882 1.04616 -4.3465e-19)
(0.52482 1.53246 0)
(0.590553 1.70019 1.249e-19)
(0.595424 1.73388 9.01468e-20)
(0.586731 1.71032 1.89669e-19)
(0.566712 1.67344 -8.58e-20)
(0.550701 1.6355 0)
(0.530419 1.60627 0)
(0.517848 1.64081 -1.47101e-19)
(0.632603 1.98006 -4.70205e-21)
(0.899223 2.89545 8.76797e-20)
(0.995415 3.22031 5.0591e-20)
(0.877993 3.01611 2.21994e-19)
(0.483996 1.81002 -3.9716e-19)
(-0.110705 0.386849 6.60058e-19)
(-0.434845 -0.338889 -4.49818e-19)
(-0.461636 -0.860313 0)
(-0.464235 -0.992924 -3.39597e-20)
(-0.199039 -0.669292 8.81094e-19)
(0.0162123 0.141125 5.41835e-19)
(0.268136 0.895848 0)
(0.458816 1.47604 0)
(0.536557 1.69565 0)
(0.546919 1.73733 7.5318e-20)
(0.545399 1.72217 -1.87946e-19)
(0.529908 1.68522 -8.32974e-20)
(0.521052 1.64958 0)
(0.510028 1.61711 0)
(0.503872 1.64562 9.17379e-20)
(0.618776 1.9432 3.11478e-20)
(0.915007 2.85523 -4.24713e-20)
(1.06953 3.21192 4.29227e-20)
(1.08806 3.09823 1.61118e-19)
(0.86015 2.2803 -3.32793e-19)
(0.386748 0.860082 4.55291e-19)
(-0.0651007 -0.134837 -4.83924e-19)
(-0.342654 -0.99533 0)
(-0.419275 -1.31356 3.203e-20)
(-0.264887 -1.21085 7.19456e-19)
(-0.00339373 0.0771381 -5.04995e-19)
(0.182982 0.748097 1.73965e-19)
(0.378529 1.36907 2.69181e-19)
(0.474324 1.65515 -1.53374e-20)
(0.498038 1.73787 -1.62855e-19)
(0.500741 1.73315 -1.04124e-19)
(0.491438 1.70059 2.3371e-19)
(0.486034 1.65983 -5.79929e-21)
(0.482633 1.62158 0)
(0.481255 1.63723 2.46167e-20)
(0.583529 1.87325 -1.2375e-20)
(0.90378 2.70404 3.56662e-20)
(1.14617 3.11623 0)
(1.20356 2.98438 -6.28519e-20)
(1.15082 2.54222 0)
(0.900861 1.62475 -8.34352e-20)
(0.526887 0.59134 4.17535e-21)
(0.143468 -0.271337 0)
(-0.0831224 -1.28709 0)
(-0.224445 -1.42759 2.49515e-19)
(-0.00219755 0.0142853 4.05211e-19)
(0.0853804 0.417992 -1.5189e-19)
(0.315479 1.22114 1.20424e-19)
(0.415059 1.59875 -1.89624e-19)
(0.444855 1.71755 7.42764e-20)
(0.453913 1.72872 -2.50983e-20)
(0.449091 1.70559 1.5503e-20)
(0.446403 1.66415 -3.12529e-20)
(0.449587 1.61655 -1.9895e-20)
(0.455964 1.61658 -1.58327e-20)
(0.528064 1.77001 5.39609e-21)
(0.794676 2.49892 0)
(1.08656 2.94754 9.75884e-21)
(1.13369 2.89116 0)
(1.09393 2.58811 0)
(0.975771 1.98166 0)
(0.664948 1.06916 3.59465e-19)
(0.405264 0.228124 -8.21006e-19)
(0.161379 -0.492986 -3.38945e-21)
(0.0141127 -0.788371 6.18307e-19)
(0.0074796 -0.0429981 7.2137e-20)
(0.0227101 0.159709 6.76836e-20)
(0.209611 0.927219 -5.51481e-20)
(0.346543 1.47643 -4.15614e-20)
(0.392665 1.68782 3.35974e-20)
(0.404022 1.72243 2.34258e-20)
(0.40248 1.71054 1.6309e-20)
(0.397517 1.66655 0)
(0.401057 1.60805 -8.10735e-21)
(0.40982 1.58553 -4.2698e-21)
(0.437876 1.66436 8.8081e-21)
(0.584007 2.17645 0)
(0.858964 2.79706 1.70352e-20)
(0.903227 2.7903 -2.97612e-20)
(0.883798 2.63896 0)
(0.808802 2.28379 0)
(0.611788 1.64354 -2.7291e-20)
(0.39015 0.939928 0)
(0.193037 0.308751 -2.15286e-20)
(0.035968 -0.117727 0)
(0.0047164 -0.077561 0)
(0.00197676 0.0105903 0)
(0.0924878 0.545399 0)
(0.25794 1.26887 0)
(0.326645 1.60961 -8.29927e-34)
(0.348508 1.70352 6.16444e-34)
(0.349662 1.70217 0)
(0.344982 1.66973 0)
(0.342173 1.59971 0)
(0.348436 1.55794 0)
(0.352504 1.597 0)
(0.402702 1.94621 0)
(0.645071 2.63749 0)
(0.669614 2.75562 0)
(0.647026 2.70786 0)
(0.608707 2.51852 0)
(0.500496 2.11094 0)
(0.325868 1.51229 0)
(0.165001 0.941137 0)
(0.0402427 0.442128 0)
(-0.00427732 -0.0762964 0)
(0.00244091 -0.0703263 0)
(0.0271128 0.203247 0)
(0.180531 1.0159 0)
(0.258092 1.50188 0)
(0.287515 1.67169 0)
(0.292693 1.69271 0)
(0.290647 1.66964 0)
(0.28335 1.59739 0)
(0.285812 1.54228 0)
(0.285528 1.56557 0)
(0.279385 1.84349 0)
(0.485537 2.53272 0)
(0.506095 2.7657 0)
(0.479952 2.76631 0)
(0.447292 2.67016 0)
(0.38054 2.39548 0)
(0.249471 1.89108 0)
(0.120894 1.37833 0)
(0.0245641 0.807098 0)
(-0.00542745 -0.0691566 0)
(0.0129487 -0.103954 0)
(0.0149305 0.0576218 0)
(0.107239 0.776999 0)
(0.196346 1.39532 0)
(0.226064 1.63706 0)
(0.231051 1.68089 0)
(0.230729 1.66623 0)
(0.223356 1.59878 0)
(0.224737 1.53849 0)
(0.232127 1.55702 0)
(0.190599 1.79298 0)
(0.350046 2.46235 0)
(0.37703 2.77837 0)
(0.340627 2.82751 0)
(0.311454 2.78454 0)
(0.264769 2.59556 0)
(0.171392 2.17413 0)
(0.074968 1.67507 0)
(0.0113966 1.02695 0)
(0.00118663 -0.0949553 0)
(0.0253038 -0.164426 0)
(0.0337213 -0.0282122 0)
(0.0671964 0.562403 0)
(0.144097 1.28276 0)
(0.166537 1.59839 0)
(0.170044 1.67022 0)
(0.172484 1.66181 0)
(0.168311 1.6013 0)
(0.167634 1.54342 0)
(0.185632 1.56007 0)
(0.126865 1.76473 0)
(0.243018 2.41404 0)
(0.272229 2.79509 0)
(0.232998 2.88508 0)
(0.208675 2.87365 0)
(0.176224 2.74112 0)
(0.112754 2.39011 0)
(0.0435322 1.9214 0)
(0.0021127 1.18564 0)
(0.009188 -0.163876 0)
(0.0331849 -0.249708 0)
(0.0460426 -0.0642018 0)
(0.0262403 0.50802 0)
(0.0778944 1.22926 0)
(0.09321 1.56946 0)
(0.102598 1.65749 0)
(0.11231 1.65527 0)
(0.115 1.60233 0)
(0.115654 1.54906 0)
(0.144147 1.56639 0)
(0.0813293 1.74864 0)
(0.162629 2.38031 0)
(0.188499 2.8092 0)
(0.154048 2.93331 0)
(0.131419 2.94043 0)
(0.106396 2.84253 0)
(0.0617769 2.52964 0)
(0.0134761 2.05985 0)
(-0.00742867 1.23132 0)
(0.0101762 -0.250475 0)
(0.0293146 -0.302828 0)
(0.0238383 -0.0394694 0)
(-0.0143245 0.531469 0)
(-0.00494922 1.20495 0)
(0.00840321 1.55304 0)
(0.0341746 1.64614 0)
(0.0535213 1.64585 0)
(0.0677183 1.59779 0)
(0.0705493 1.55075 0)
(0.105186 1.57119 0)
(0.0493585 1.73878 0)
(0.103766 2.35953 0)
(0.121994 2.82276 0)
(0.0928996 2.97036 0)
(0.0737709 2.99265 0)
(0.058738 2.9137 0)
(0.0276944 2.62797 0)
(-0.000611212 2.15711 0)
(-0.0126161 1.21997 0)
(0.00638955 -0.291847 0)
(0.000998542 -0.299624 0)
(-0.0254397 0.0620976 0)
(-0.0751019 0.62376 0)
(-0.0818937 1.21977 0)
(-0.0685895 1.52686 0)
(-0.0328094 1.62002 0)
(-0.00153727 1.62759 0)
(0.0263446 1.58479 0)
(0.0316794 1.54559 0)
(0.0701358 1.57304 0)
(0.0241106 1.73203 0)
(0.0632334 2.34246 0)
(0.0712332 2.83144 0)
(0.0474273 2.99899 0)
(0.0326485 3.03225 0)
(0.0205714 2.96329 0)
(0.000887965 2.68819 0)
(-0.0220095 2.19974 0)
(-0.0145347 1.17971 0)
(-0.00265572 -0.270243 0)
(-0.0277708 -0.208548 0)
(-0.0711807 0.173225 0)
(-0.117609 0.71861 0)
(-0.129198 1.22194 0)
(-0.114968 1.48052 0)
(-0.0783573 1.57457 0)
(-0.0454292 1.59566 0)
(-0.00886572 1.56244 0)
(-0.000469426 1.53282 0)
(0.0403967 1.5719 0)
(0.00564703 1.73173 0)
(0.032747 2.3336 0)
(0.0347074 2.83706 0)
(0.0162709 3.01795 0)
(0.00304651 3.05994 0)
(-0.00643636 2.99472 0)
(-0.0209134 2.7183 0)
(-0.0295802 2.19611 0)
(-0.0176928 1.09366 0)
(-0.00857674 -0.194178 0)
(-0.0401657 -0.0816836 0)
(-0.0891241 0.29669 0)
(-0.133103 0.794692 0)
(-0.142832 1.20903 0)
(-0.132175 1.43004 0)
(-0.0992101 1.52312 0)
(-0.0708196 1.5548 0)
(-0.0327094 1.53423 0)
(-0.0236533 1.51351 0)
(0.0172845 1.5658 0)
(-0.00746822 1.72917 0)
(0.0115562 2.32761 0)
(0.0073791 2.84197 0)
(-0.00651504 3.03268 0)
(-0.0172628 3.07977 0)
(-0.0257832 3.01512 0)
(-0.0347561 2.73441 0)
(-0.0359184 2.17703 0)
(-0.0188766 0.992413 0)
(-0.00953576 -0.104228 0)
(-0.0405884 0.0487478 0)
(-0.0875836 0.406099 0)
(-0.127888 0.85432 0)
(-0.137304 1.20278 0)
(-0.127828 1.38987 0)
(-0.101045 1.4792 0)
(-0.079809 1.51546 0)
(-0.0446064 1.50477 0)
(-0.0375735 1.49365 0)
(0.00184576 1.5586 0)
(-0.0183682 1.73079 0)
(-0.00431391 2.32724 0)
(-0.0116215 2.84668 0)
(-0.0217011 3.04437 0)
(-0.0303468 3.09359 0)
(-0.0357254 3.02514 0)
(-0.042584 2.73212 0)
(-0.0378878 2.13232 0)
(-0.0159826 0.886711 0)
(-0.00804104 -0.0157247 0)
(-0.0354064 0.177203 0)
(-0.0769875 0.51248 0)
(-0.111631 0.910155 0)
(-0.121958 1.20179 0)
(-0.113907 1.36348 0)
(-0.0937267 1.44637 0)
(-0.077375 1.48317 0)
(-0.0468083 1.47884 0)
(-0.0430655 1.47539 0)
(-0.00713499 1.55059 0)
(-0.0245468 1.73016 0)
(-0.0175102 2.33061 0)
(-0.0260737 2.85424 0)
(-0.0310977 3.0541 0)
(-0.037401 3.10411 0)
(-0.0413552 3.03281 0)
(-0.0438148 2.72437 0)
(-0.0353058 2.08518 0)
(-0.0112553 0.795474 0)
(-0.00580823 0.0551103 0)
(-0.0272198 0.280673 0)
(-0.0609415 0.597042 0)
(-0.0891209 0.955458 0)
(-0.0983888 1.20826 0)
(-0.0955923 1.35039 0)
(-0.0823834 1.42572 0)
(-0.0713938 1.45994 0)
(-0.046239 1.45903 0)
(-0.0454201 1.46185 0)
(-0.0115774 1.54294 0)
(-0.0308034 1.73213 0)
(-0.0229356 2.33413 0)
(-0.0336066 2.86158 0)
(-0.0375656 3.06316 0)
(-0.0419844 3.11208 0)
(-0.0434103 3.03224 0)
(-0.0431877 2.70573 0)
(-0.0315931 2.01777 0)
(-0.0072535 0.716031 0)
(-0.00358596 0.107401 0)
(-0.0189958 0.365379 0)
(-0.0453996 0.670795 0)
(-0.0683224 0.996905 0)
(-0.0764092 1.22046 0)
(-0.077194 1.34738 0)
(-0.0695891 1.41547 0)
(-0.0630682 1.44595 0)
(-0.0426255 1.446 0)
(-0.0450526 1.451 0)
(-0.0142749 1.53675 0)
(-0.033653 1.73497 0)
(-0.0287482 2.34228 0)
(-0.0389173 2.86999 0)
(-0.040241 3.07039 0)
(-0.0439038 3.11762 0)
(-0.0433441 3.02966 0)
(-0.0403624 2.69022 0)
(-0.0274104 1.96444 0)
(-0.00399316 0.656647 0)
(-0.00198637 0.141079 0)
(-0.0122314 0.424715 0)
(-0.0317562 0.724847 0)
(-0.0496163 1.0293 0)
(-0.0572222 1.23309 0)
(-0.0601665 1.34892 0)
(-0.0569673 1.41078 0)
(-0.0546881 1.43762 0)
(-0.0382977 1.43822 0)
(-0.0429784 1.4442 0)
(-0.0153431 1.53229 0)
(-0.0346235 1.73886 0)
(-0.0290212 2.34844 0)
(-0.0395374 2.87541 0)
(-0.0415083 3.07396 0)
(-0.0437031 3.11766 0)
(-0.0418834 3.02234 0)
(-0.038296 2.65742 0)
(-0.0230425 1.89357 0)
(-0.00190132 0.60553 0)
(-0.000942223 0.162208 0)
(-0.00726265 0.468142 0)
(-0.0214058 0.76823 0)
(-0.0352617 1.05662 0)
(-0.0418234 1.24531 0)
(-0.0457316 1.35276 0)
(-0.0445422 1.40987 0)
(-0.0450967 1.43317 0)
(-0.0325063 1.43201 0)
(-0.0398325 1.4382 0)
(-0.014962 1.52967 0)
(-0.0348763 1.74449 0)
(-0.0317834 2.35762 0)
(-0.0410794 2.88115 0)
(-0.0417236 3.07608 0)
(-0.0432837 3.11662 0)
(-0.0408067 3.0153 0)
(-0.0348377 2.63679 0)
(-0.0193431 1.84062 0)
(-0.000500841 0.569727 0)
(-0.00037985 0.173557 0)
(-0.00411455 0.495658 0)
(-0.0140789 0.798993 0)
(-0.0246978 1.07835 0)
(-0.030687 1.25741 0)
(-0.0355119 1.35716 0)
(-0.0358667 1.40902 0)
(-0.0372858 1.42947 0)
(-0.0269205 1.42784 0)
(-0.0373269 1.43505 0)
(-0.0144282 1.52864 0)
(-0.032947 1.74927 0)
(-0.0298806 2.36419 0)
(-0.0414101 2.88571 0)
(-0.0411837 3.07624 0)
(-0.0415403 3.11359 0)
(-0.0376372 3.00089 0)
(-0.0317874 2.59898 0)
(-0.0157652 1.77519 0)
(0.000509573 0.537962 0)
(-0.000111839 0.180151 0)
(-0.00225816 0.515222 0)
(-0.00946246 0.822808 0)
(-0.0175714 1.09526 0)
(-0.0224632 1.26863 0)
(-0.0275749 1.36356 0)
(-0.0288773 1.41129 0)
(-0.0318534 1.42813 0)
(-0.0239849 1.42575 0)
(-0.0353989 1.43251 0)
(-0.0145108 1.52829 0)
(-0.0343244 1.75438 0)
(-0.0309441 2.37068 0)
(-0.0410652 2.88837 0)
(-0.0408439 3.07572 0)
(-0.0414437 3.11036 0)
(-0.0377661 2.99083 0)
(-0.0307436 2.57436 0)
(-0.0133222 1.72549 0)
(0.000597805 0.51715 0)
(-2.06457e-05 0.18333 0)
(-0.00139477 0.527394 0)
(-0.0065652 0.84006 0)
(-0.013316 1.10886 0)
(-0.0174587 1.27869 0)
(-0.0221674 1.36995 0)
(-0.0240897 1.41394 0)
(-0.0270121 1.42879 0)
(-0.0210175 1.42587 0)
(-0.0334922 1.43143 0)
(-0.0153501 1.52834 0)
(-0.0336199 1.76015 0)
(-0.0314923 2.37819 0)
(-0.0409846 2.8926 0)
(-0.0401599 3.07507 0)
(-0.0391108 3.10459 0)
(-0.0346909 2.97353 0)
(-0.0277136 2.5351 0)
(-0.0114207 1.66492 0)
(0.000875025 0.49586 0)
(-1.82929e-05 0.185805 0)
(-0.00100865 0.537404 0)
(-0.00505047 0.854474 0)
(-0.0102078 1.12005 0)
(-0.014353 1.28688 0)
(-0.0181149 1.3762 0)
(-0.0203775 1.41801 0)
(-0.0246196 1.43055 0)
(-0.0207859 1.42743 0)
(-0.0322337 1.43078 0)
(-0.0164141 1.52876 0)
(-0.0351441 1.76422 0)
(-0.0311953 2.38222 0)
(-0.0407598 2.89462 0)
(-0.0395889 3.07376 0)
(-0.0394067 3.10101 0)
(-0.0353229 2.96297 0)
(-0.0276736 2.51099 0)
(-0.0103862 1.62303 0)
(0.000781308 0.482152 0)
(-3.92222e-05 0.187154 0)
(-0.000759737 0.543857 0)
(-0.00405184 0.864914 0)
(-0.00848193 1.1296 0)
(-0.0124934 1.29403 0)
(-0.0155996 1.38085 0)
(-0.01766 1.42068 0)
(-0.021065 1.43311 0)
(-0.0187508 1.4295 0)
(-0.0295372 1.43131 0)
(-0.0177347 1.53004 0)
(-0.0348015 1.77137 0)
(-0.0326436 2.38957 0)
(-0.0402379 2.89859 0)
(-0.0391112 3.07221 0)
(-0.037996 3.09416 0)
(-0.0335537 2.9435 0)
(-0.0264846 2.46841 0)
(-0.00945855 1.5634 0)
(0.000658948 0.464635 0)
(-6.92363e-05 0.188992 0)
(-0.000800791 0.550746 0)
(-0.00365212 0.875651 0)
(-0.00705504 1.13855 0)
(-0.01066 1.30108 0)
(-0.0136778 1.38579 0)
(-0.016376 1.42411 0)
(-0.0199872 1.43521 0)
(-0.0180523 1.43128 0)
(-0.0280959 1.43237 0)
(-0.0192719 1.53182 0)
(-0.0333296 1.77533 0)
(-0.0341276 2.39343 0)
(-0.0416162 2.9012 0)
(-0.0401055 3.07096 0)
(-0.0399526 3.09061 0)
(-0.0357448 2.93266 0)
(-0.0278755 2.44457 0)
(-0.00965756 1.52615 0)
(0.000238946 0.453092 0)
(-7.25677e-05 0.189997 0)
(-0.000600339 0.554989 0)
(-0.00299641 0.882261 0)
(-0.00544237 1.1444 0)
(-0.00857309 1.30714 0)
(-0.011592 1.39022 0)
(-0.0137613 1.42722 0)
(-0.0167647 1.4378 0)
(-0.015309 1.43404 0)
(-0.0251067 1.43505 0)
(-0.0187718 1.53477 0)
(-0.0346343 1.78315 0)
(-0.0336061 2.40072 0)
(-0.0414065 2.90493 0)
(-0.0410216 3.06998 0)
(-0.039175 3.08434 0)
(-0.0346897 2.91265 0)
(-0.0267914 2.39984 0)
(-0.00970986 1.46516 0)
(0.00072528 0.434687 0)
(-6.68546e-05 0.191652 0)
(-0.000895447 0.560152 0)
(-0.00336417 0.889627 0)
(-0.00591532 1.14993 0)
(-0.00778827 1.31326 0)
(-0.0107446 1.39466 0)
(-0.0135172 1.4297 0)
(-0.0157091 1.43938 0)
(-0.0146865 1.43596 0)
(-0.0244797 1.43718 0)
(-0.0182256 1.53777 0)
(-0.0322395 1.78761 0)
(-0.0345158 2.40493 0)
(-0.0422031 2.90731 0)
(-0.041716 3.06957 0)
(-0.0414652 3.08135 0)
(-0.0371904 2.9017 0)
(-0.0283332 2.37503 0)
(-0.00922442 1.42998 0)
(0.000504371 0.424885 0)
(-8.34349e-05 0.193228 0)
(-0.000766361 0.565686 0)
(-0.00307299 0.897355 0)
(-0.0052385 1.15431 0)
(-0.00658792 1.31796 0)
(-0.00917108 1.39956 0)
(-0.0113621 1.43315 0)
(-0.0136788 1.44193 0)
(-0.0133354 1.43973 0)
(-0.0227808 1.44104 0)
(-0.0180698 1.54033 0)
(-0.030347 1.79685 0)
(-0.0347201 2.41377 0)
(-0.0420741 2.9124 0)
(-0.0432842 3.06887 0)
(-0.041804 3.07494 0)
(-0.037208 2.87964 0)
(-0.0284396 2.32503 0)
(-0.00922095 1.36508 0)
(0.00119948 0.406936 0)
(-0.000180714 0.194495 0)
(-0.00117848 0.568987 0)
(-0.00344613 0.901326 0)
(-0.00589441 1.15654 0)
(-0.00652519 1.3201 0)
(-0.00872037 1.40203 0)
(-0.0104407 1.43468 0)
(-0.0130858 1.4432 0)
(-0.0122699 1.4417 0)
(-0.0212383 1.4433 0)
(-0.0163034 1.54274 0)
(-0.0295493 1.80177 0)
(-0.0347132 2.41929 0)
(-0.0428059 2.91583 0)
(-0.0441007 3.06942 0)
(-0.0449598 3.07306 0)
(-0.040436 2.86801 0)
(-0.0301288 2.29758 0)
(-0.0086361 1.33176 0)
(0.00145941 0.402147 0)
(-0.000277704 0.199392 0)
(-0.00148087 0.578866 0)
(-0.0036389 0.912236 0)
(-0.00611677 1.16318 0)
(-0.00706438 1.32462 0)
(-0.00873188 1.4068 0)
(-0.0101323 1.43878 0)
(-0.013443 1.44674 0)
(-0.0128444 1.44636 0)
(-0.0219985 1.44857 0)
(-0.0181594 1.54757 0)
(-0.0297664 1.81652 0)
(-0.0375549 2.43526 0)
(-0.0456426 2.92599 0)
(-0.0467265 3.07115 0)
(-0.0470569 3.06621 0)
(-0.0421471 2.83507 0)
(-0.0313407 2.22151 0)
(-0.0104562 1.23978 0)
(-0.000735568 0.372449 0)
(-0.237703 1.57218 1.26778e-22)
(0.395791 3.23536 1.81122e-20)
(0.091153 3.46603 6.40767e-20)
(0.198181 3.4349 0)
(0.157597 3.38918 0)
(0.151948 3.3422 -3.81179e-19)
(0.154327 3.31586 3.97949e-19)
(0.127028 3.27272 -4.16918e-19)
(0.113502 3.1793 7.68717e-21)
(0.0969629 2.56824 5.713e-19)
(-0.10523 2.32522 1.04928e-23)
(0.131212 3.29055 1.6691e-19)
(0.0100226 3.43813 0)
(0.0968925 3.39113 0)
(0.0726408 3.34513 1.13197e-20)
(0.0778311 3.30772 7.90915e-19)
(0.0740348 3.27653 -4.4125e-19)
(0.0502881 3.2411 -7.42006e-21)
(0.0504099 3.08351 7.07911e-21)
(0.000671391 2.08663 0)
(-0.027829 2.07387 1.80972e-19)
(0.0855786 3.14139 -1.91298e-19)
(0.0239107 3.34582 0)
(0.0719856 3.32503 3.6401e-19)
(0.0516573 3.30316 -1.36626e-21)
(0.0525636 3.28157 -4.11401e-19)
(0.0458174 3.2665 -5.11004e-19)
(0.0304613 3.24585 -2.13858e-22)
(0.0408324 3.11931 7.30505e-21)
(-0.0167565 2.21159 0)
(-0.0407041 2.01856 -4.59103e-20)
(0.0277706 3.1183 0)
(-0.0139177 3.3092 -1.92334e-19)
(0.0210253 3.30751 -1.58094e-19)
(0.0161256 3.28389 1.43665e-20)
(0.0222361 3.26159 -2.66466e-19)
(0.0270885 3.24634 2.37487e-19)
(0.021439 3.2336 -8.52283e-21)
(0.041974 3.12547 1.12579e-20)
(0.00723249 2.25046 2.92936e-19)
(-0.0528428 2.02486 -1.48901e-19)
(0.0133002 3.09009 0)
(-0.00772746 3.26697 4.15354e-19)
(0.0112129 3.26222 -2.29433e-19)
(0.0140054 3.24833 -7.0258e-22)
(0.0168818 3.23771 -2.03577e-21)
(0.0212857 3.23332 -1.55414e-20)
(0.0219162 3.22423 -3.02768e-19)
(0.0429632 3.12766 8.31971e-21)
(-0.00312104 2.31217 -6.13523e-19)
(-0.0500092 2.08483 0)
(-0.0102709 3.08608 -2.28612e-19)
(-0.028628 3.24292 1.89981e-20)
(-0.0150776 3.24701 -1.59054e-20)
(-0.00566789 3.2323 1.6301e-20)
(0.00325151 3.21976 2.70712e-19)
(0.0156849 3.21125 2.83194e-19)
(0.0209465 3.20542 5.95641e-19)
(0.0427028 3.12399 3.30081e-19)
(0.0105944 2.35421 -1.66599e-20)
(-0.0512726 2.14097 0)
(-0.0198682 3.08201 2.36534e-19)
(-0.019147 3.21391 -2.48291e-19)
(-0.011615 3.21276 -1.71857e-20)
(-0.00038814 3.20246 3.55384e-20)
(0.0075304 3.19594 3.66517e-22)
(0.0165234 3.1954 -1.91161e-20)
(0.0218568 3.19104 -3.11402e-19)
(0.0423479 3.12156 -3.21154e-19)
(0.00384896 2.41977 -1.72629e-20)
(-0.0477325 2.22855 2.72889e-19)
(-0.0286101 3.08551 -1.26779e-20)
(-0.0321826 3.19394 8.74873e-21)
(-0.0236968 3.19538 0)
(-0.0134311 3.18551 0)
(-0.0013498 3.17779 0)
(0.0132478 3.17182 0)
(0.0206505 3.16933 3.47248e-19)
(0.0411875 3.11261 -3.57952e-19)
(0.0153504 2.4639 3.53699e-19)
(-0.0463999 2.3062 2.64287e-20)
(-0.032976 3.08466 2.90511e-19)
(-0.021127 3.16955 0)
(-0.0146412 3.16537 -1.95792e-20)
(-0.00403547 3.15765 2.00239e-20)
(0.00527774 3.15328 0)
(0.0148917 3.15408 -1.08566e-20)
(0.0207546 3.1528 -3.37024e-19)
(0.0401747 3.10931 3.5924e-19)
(0.01042 2.53305 0)
(-0.0437635 2.40371 1.60134e-20)
(-0.0358397 3.0862 -4.45525e-19)
(-0.0300961 3.14974 0)
(-0.0225 3.14684 0)
(-0.0136584 3.1391 2.14786e-20)
(-0.0021014 3.13354 -1.81249e-19)
(0.0116245 3.12907 -2.26642e-20)
(0.0191778 3.12933 1.93188e-19)
(0.0385661 3.09615 0)
(0.0192303 2.58107 0)
(-0.0400324 2.49029 -4.71134e-19)
(-0.0385718 3.08222 1.59686e-19)
(-0.0206128 3.12426 0)
(-0.0128646 3.11625 0)
(-0.00338612 3.10957 0)
(0.00557566 3.10667 3.73303e-19)
(0.0143979 3.10875 0)
(0.0201799 3.11064 -2.06108e-19)
(0.0378742 3.09051 1.27364e-20)
(0.0149454 2.65382 2.15738e-19)
(-0.0377526 2.58976 1.68053e-19)
(-0.0397999 3.0758 -1.63362e-20)
(-0.0296438 3.10134 1.95753e-19)
(-0.0210344 3.09504 1.90277e-19)
(-0.0124111 3.08842 0)
(-0.000766401 3.08415 -1.91828e-19)
(0.0125078 3.08136 0)
(0.0210065 3.0845 0)
(0.0385088 3.07217 0)
(0.0222988 2.70643 -2.16739e-19)
(-0.0350983 2.67815 -1.77856e-19)
(-0.0429702 3.06235 1.83655e-19)
(-0.0235451 3.07216 -1.84523e-19)
(-0.0130658 3.0622 -2.9092e-19)
(-0.00281891 3.05701 0)
(0.00713475 3.05556 2.60238e-20)
(0.0167544 3.05875 -1.32843e-20)
(0.0247961 3.06313 9.90438e-20)
(0.0417192 3.06164 1.22977e-19)
(0.0208346 2.78044 -1.2655e-19)
(-0.0343807 2.77324 1.8249e-19)
(-0.0460557 3.04535 -1.75925e-19)
(-0.032934 3.04592 1.25387e-20)
(-0.0208962 3.04036 7.40918e-20)
(-0.0111592 3.03624 -1.06357e-19)
(0.000301735 3.03373 0)
(0.0138636 3.03201 1.14303e-19)
(0.0256253 3.03559 4.95101e-21)
(0.0446094 3.0366 -2.38044e-19)
(0.0286871 2.83263 -6.55232e-21)
(-0.0295481 2.85497 -5.21167e-20)
(-0.0442771 3.02147 1.27448e-20)
(-0.0231673 3.01775 -6.61457e-20)
(-0.0111959 3.01442 2.70829e-20)
(-0.00222277 3.0141 1.29634e-19)
(0.00627151 3.01344 -5.51045e-20)
(0.0144113 3.01429 -5.48513e-20)
(0.0233541 3.01702 -5.69825e-20)
(0.0418239 3.02183 1.22268e-19)
(0.0248235 2.90032 5.97817e-20)
(-0.0176598 2.94072 4.18956e-20)
(-0.0259655 3.00091 1.85219e-20)
(-0.0161467 3.00088 3.64511e-20)
(-0.00936217 3.0016 -7.47242e-20)
(-0.00415236 3.00263 2.52511e-20)
(0.000679175 3.00215 5.13256e-20)
(0.0054862 3.00063 -5.35658e-20)
(0.0107265 2.99899 -5.59648e-20)
(0.0218 2.99715 7.57689e-21)
(0.0165252 2.94914 5.37443e-20)
)
;

boundaryField
{
    wall-4
    {
        type            noSlip;
    }
    pressure-outlet-7
    {
        type            zeroGradient;
    }
    velocity-inlet-6
    {
        type            fixedValue;
        value           uniform (0 3 0);
    }
    velocity-inlet-5
    {
        type            fixedValue;
        value           uniform (1 0 0);
    }
    frontAndBackPlanes
    {
        type            empty;
    }
}


// ************************************************************************* //
