/*--------------------------------*- C++ -*----------------------------------*\
  =========                 |
  \\      /  F ield         | OpenFOAM: The Open Source CFD Toolbox
   \\    /   O peration     | Website:  https://openfoam.org
    \\  /    A nd           | Version:  9
     \\/     M anipulation  |
\*---------------------------------------------------------------------------*/
FoamFile
{
    format      ascii;
    class       volVectorField;
    location    "26";
    object      U;
}
// * * * * * * * * * * * * * * * * * * * * * * * * * * * * * * * * * * * * * //

dimensions      [0 1 -1 0 0 0 0];

internalField   nonuniform List<vector> 
2200
(
(0.878848 -0.030412 0)
(1.00578 -0.0512864 0)
(1.00321 -0.0353973 0)
(1.00016 -0.0244385 0)
(0.999768 -0.0166898 0)
(0.999955 -0.0107703 0)
(1.00001 -0.00686498 0)
(1.00004 -0.00422076 0)
(1.00003 -0.00226063 0)
(1.00016 -0.000686603 0)
(1.00006 0.000931008 0)
(1.00002 0.00252189 0)
(1.00006 0.00445983 0)
(1.00001 0.00709763 0)
(0.999994 0.0109402 0)
(0.999756 0.0167772 0)
(1.00015 0.0245172 0)
(1.00333 0.0353366 0)
(1.00583 0.0513258 0)
(0.878901 0.030413 0)
(0.711998 -0.0327611 0)
(0.996642 -0.0630017 0)
(1.03341 -0.056147 0)
(1.02497 -0.0463595 0)
(1.01592 -0.0359662 0)
(1.00975 -0.0261652 0)
(1.00597 -0.0179463 0)
(1.00368 -0.0113606 0)
(1.00242 -0.00613349 0)
(1.00197 -0.00176615 0)
(1.00192 0.00250573 0)
(1.00241 0.00684913 0)
(1.00359 0.0119941 0)
(1.00589 0.0184384 0)
(1.00955 0.0266117 0)
(1.01578 0.036446 0)
(1.02487 0.0467681 0)
(1.03314 0.0568124 0)
(0.996526 0.06315 0)
(0.711726 0.0328609 0)
(0.535568 -0.0238846 0)
(0.969922 -0.0569323 0)
(1.05642 -0.0547215 0)
(1.05236 -0.0488588 0)
(1.03642 -0.0405233 0)
(1.02439 -0.0323276 0)
(1.01571 -0.0241978 0)
(1.01031 -0.0163184 0)
(1.00735 -0.0090059 0)
(1.00599 -0.0024822 0)
(1.00599 0.00374834 0)
(1.00721 0.0101737 0)
(1.01014 0.0173072 0)
(1.01536 0.0250842 0)
(1.02415 0.0330542 0)
(1.03624 0.0410991 0)
(1.05211 0.0493814 0)
(1.05628 0.0542221 0)
(0.96932 0.0573784 0)
(0.534736 0.0238952 0)
(0.392362 -0.0136319 0)
(0.911701 -0.0463187 0)
(1.05744 -0.0469212 0)
(1.06944 -0.0442862 0)
(1.05494 -0.0383559 0)
(1.03943 -0.0318701 0)
(1.02748 -0.0249625 0)
(1.01888 -0.0177227 0)
(1.01341 -0.0102643 0)
(1.01086 -0.00274781 0)
(1.01072 0.00467412 0)
(1.01309 0.0120318 0)
(1.01845 0.0192559 0)
(1.02714 0.0262773 0)
(1.03892 0.0330188 0)
(1.05431 0.0392757 0)
(1.06865 0.0451055 0)
(1.05618 0.0478159 0)
(0.910436 0.0466187 0)
(0.390824 0.0137316 0)
(0.308105 -0.0044478 0)
(0.847094 -0.0322314 0)
(1.0493 -0.0396348 0)
(1.079 -0.0378558 0)
(1.06769 -0.0332808 0)
(1.05155 -0.0278574 0)
(1.03841 -0.0225476 0)
(1.0282 -0.016572 0)
(1.02104 -0.00980712 0)
(1.0172 -0.00246326 0)
(1.01702 0.00494758 0)
(1.02055 0.0122083 0)
(1.02756 0.0188142 0)
(1.03749 0.0245869 0)
(1.05047 0.029474 0)
(1.06655 0.034691 0)
(1.07766 0.038969 0)
(1.0477 0.0407232 0)
(0.844549 0.0325946 0)
(0.305584 0.00458139 0)
(0.264931 0.000122217 0)
(0.789507 -0.0199562 0)
(1.03354 -0.031347 0)
(1.08334 -0.0318481 0)
(1.07677 -0.028394 0)
(1.06028 -0.0234548 0)
(1.04708 -0.0192786 0)
(1.03646 -0.0143828 0)
(1.02871 -0.00857026 0)
(1.02429 -0.00182231 0)
(1.0241 0.00520129 0)
(1.02815 0.0117166 0)
(1.03549 0.0171431 0)
(1.04573 0.0215434 0)
(1.05884 0.0255609 0)
(1.07524 0.0301466 0)
(1.08148 0.0332129 0)
(1.03089 0.0324825 0)
(0.785401 0.020403 0)
(0.261468 1.50001e-07 0)
(0.241143 0.00104348 0)
(0.738992 -0.0121315 0)
(1.01385 -0.0247695 0)
(1.0841 -0.0266054 0)
(1.08279 -0.0242073 0)
(1.06735 -0.0200191 0)
(1.05376 -0.0160354 0)
(1.043 -0.0118071 0)
(1.03487 -0.00696402 0)
(1.03001 -0.00116051 0)
(1.02961 0.00529114 0)
(1.03373 0.0107729 0)
(1.04134 0.015212 0)
(1.05208 0.0191375 0)
(1.06538 0.0226262 0)
(1.08044 0.026353 0)
(1.08124 0.0283639 0)
(1.0097 0.0260379 0)
(0.732983 0.0126647 0)
(0.2366 -0.00091534 0)
(0.227327 0.00102178 0)
(0.697589 -0.00765425 0)
(0.993597 -0.0197833 0)
(1.08223 -0.0221881 0)
(1.08667 -0.0205601 0)
(1.07282 -0.0172125 0)
(1.05917 -0.0136212 0)
(1.0484 -0.00964813 0)
(1.04042 -0.00519147 0)
(1.03559 -4.36766e-05 0)
(1.03511 0.0056079 0)
(1.03909 0.0104037 0)
(1.04648 0.0142812 0)
(1.05642 0.0176153 0)
(1.06984 0.0205264 0)
(1.08339 0.0233907 0)
(1.07823 0.0244645 0)
(0.987564 0.02138 0)
(0.689271 0.00832868 0)
(0.221526 -0.000878538 0)
(0.218567 0.000763035 0)
(0.663879 -0.00515447 0)
(0.973782 -0.0164853 0)
(1.07867 -0.0190208 0)
(1.08895 -0.0178126 0)
(1.07682 -0.0150554 0)
(1.06333 -0.0118491 0)
(1.05287 -0.00808909 0)
(1.04529 -0.00384517 0)
(1.04076 0.000906942 0)
(1.0401 0.0057477 0)
(1.04343 0.0100338 0)
(1.05008 0.0136937 0)
(1.05996 0.0165751 0)
(1.07318 0.0194497 0)
(1.08443 0.0215161 0)
(1.07282 0.0219189 0)
(0.96507 0.0184818 0)
(0.652461 0.00602535 0)
(0.211104 -0.000566397 0)
(0.212434 0.000356077 0)
(0.636796 -0.00352311 0)
(0.955573 -0.0136304 0)
(1.07526 -0.0163009 0)
(1.09111 -0.0153948 0)
(1.08027 -0.0131176 0)
(1.06655 -0.0101728 0)
(1.05608 -0.00657076 0)
(1.04854 -0.00243013 0)
(1.04402 0.00209074 0)
(1.04304 0.00631221 0)
(1.0459 0.0103245 0)
(1.05212 0.0135218 0)
(1.06205 0.0164178 0)
(1.07507 0.0181458 0)
(1.08496 0.0194576 0)
(1.0675 0.0196671 0)
(0.944331 0.0159751 0)
(0.622295 0.00450225 0)
(0.203136 -0.000134442 0)
(0.208386 0.000122339 0)
(0.617635 -0.00186421 0)
(0.940661 -0.0100069 0)
(1.07261 -0.0124975 0)
(1.09352 -0.0117129 0)
(1.08375 -0.00993634 0)
(1.06983 -0.00763746 0)
(1.05888 -0.00463999 0)
(1.05083 -0.00105214 0)
(1.04583 0.00317669 0)
(1.0446 0.00719106 0)
(1.04751 0.0107493 0)
(1.05401 0.0134129 0)
(1.06354 0.0152774 0)
(1.07678 0.0164358 0)
(1.08558 0.017388 0)
(1.06208 0.0170961 0)
(0.924757 0.0129951 0)
(0.59829 0.00317291 0)
(0.196465 0.000176458 0)
(0.20615 -1.54286e-05 0)
(0.605099 -0.000585349 0)
(0.927528 -0.0063011 0)
(1.06998 -0.00860299 0)
(1.09604 -0.00797329 0)
(1.0873 -0.00619701 0)
(1.07362 -0.00397887 0)
(1.06251 -0.0014175 0)
(1.0539 0.00144142 0)
(1.04823 0.00483832 0)
(1.04671 0.00818833 0)
(1.04969 0.0106499 0)
(1.0564 0.012202 0)
(1.0663 0.0130758 0)
(1.07902 0.0142613 0)
(1.08574 0.014631 0)
(1.0564 0.0137435 0)
(0.907935 0.00966102 0)
(0.581652 0.00209466 0)
(0.191402 0.000297893 0)
(0.205791 -0.000130953 0)
(0.598965 0.00033293 0)
(0.918915 -0.00287412 0)
(1.0681 -0.00498475 0)
(1.09843 -0.00445091 0)
(1.09092 -0.00278597 0)
(1.07774 -0.000794652 0)
(1.0669 0.00144854 0)
(1.05839 0.00401353 0)
(1.05253 0.00668392 0)
(1.05049 0.00932382 0)
(1.05267 0.0109016 0)
(1.05843 0.0118776 0)
(1.06751 0.0126535 0)
(1.07961 0.0126285 0)
(1.0849 0.0126498 0)
(1.0499 0.0114363 0)
(0.892858 0.00726514 0)
(0.569355 0.00156295 0)
(0.187229 0.000319802 0)
(0.206623 -1.41155e-05 0)
(0.598028 0.00103902 0)
(0.912713 -0.000555625 0)
(1.06633 -0.00222241 0)
(1.10042 -0.00170749 0)
(1.09383 -9.27302e-05 0)
(1.08072 0.00186827 0)
(1.06984 0.00414041 0)
(1.06139 0.00668462 0)
(1.05545 0.00910098 0)
(1.05282 0.0113947 0)
(1.05408 0.012484 0)
(1.059 0.0129475 0)
(1.06735 0.0129468 0)
(1.07892 0.0121912 0)
(1.08268 0.011563 0)
(1.04276 0.00990668 0)
(0.880128 0.00582597 0)
(0.560417 0.0014793 0)
(0.18383 0.000340951 0)
(0.209102 0.000355735 0)
(0.599101 0.00143026 0)
(0.909921 0.00151431 0)
(1.06544 0.000745281 0)
(1.10181 0.00152766 0)
(1.09578 0.00285884 0)
(1.08251 0.00452194 0)
(1.07124 0.00661041 0)
(1.0624 0.0090544 0)
(1.05606 0.0114362 0)
(1.05289 0.0134604 0)
(1.05371 0.0141857 0)
(1.05843 0.0140893 0)
(1.06651 0.0135291 0)
(1.07753 0.012377 0)
(1.07999 0.0113918 0)
(1.03613 0.00930354 0)
(0.869269 0.00519351 0)
(0.552433 0.00156258 0)
(0.180344 0.000360206 0)
(0.212445 0.00045567 0)
(0.602435 0.00204318 0)
(0.910621 0.00338614 0)
(1.06563 0.00320685 0)
(1.10376 0.00423709 0)
(1.09811 0.00578315 0)
(1.08479 0.00754707 0)
(1.07319 0.00980847 0)
(1.06379 0.0122512 0)
(1.05665 0.0147141 0)
(1.05258 0.0164696 0)
(1.05252 0.0168789 0)
(1.05675 0.0162244 0)
(1.06452 0.0149184 0)
(1.07468 0.013367 0)
(1.07543 0.0115178 0)
(1.02801 0.00865927 0)
(0.858552 0.00474773 0)
(0.545092 0.00164837 0)
(0.176935 0.000363902 0)
(0.218148 0.000562813 0)
(0.610749 0.0027731 0)
(0.914212 0.00491952 0)
(1.06761 0.00576997 0)
(1.1062 0.0068538 0)
(1.10122 0.00837352 0)
(1.0882 0.0103895 0)
(1.07671 0.0130057 0)
(1.06697 0.0157379 0)
(1.05898 0.0184805 0)
(1.05372 0.0200576 0)
(1.05233 0.0201903 0)
(1.05543 0.0190466 0)
(1.0623 0.0171923 0)
(1.0715 0.0150257 0)
(1.07079 0.0127029 0)
(1.02066 0.00946949 0)
(0.849353 0.00535973 0)
(0.537626 0.00204553 0)
(0.173051 0.000418925 0)
(0.223391 0.000635822 0)
(0.617855 0.00309046 0)
(0.918675 0.00601461 0)
(1.0701 0.00729825 0)
(1.10927 0.008713 0)
(1.10488 0.0107085 0)
(1.09217 0.0132802 0)
(1.08071 0.0165616 0)
(1.07063 0.0200555 0)
(1.06185 0.0234195 0)
(1.05522 0.0250921 0)
(1.0524 0.0251318 0)
(1.05388 0.0237079 0)
(1.05948 0.0214978 0)
(1.06706 0.0186306 0)
(1.06414 0.015026 0)
(1.01041 0.0107306 0)
(0.837288 0.00622777 0)
(0.528139 0.00260105 0)
(0.168169 0.000521313 0)
(0.231706 0.000841938 0)
(0.631367 0.00407981 0)
(0.92777 0.00816989 0)
(1.07438 0.0104084 0)
(1.11254 0.0119271 0)
(1.10879 0.0139078 0)
(1.09642 0.0170232 0)
(1.08474 0.0210116 0)
(1.07388 0.0252613 0)
(1.06369 0.0292179 0)
(1.0553 0.0310972 0)
(1.05114 0.0309502 0)
(1.05118 0.0290172 0)
(1.05549 0.0258864 0)
(1.06108 0.0223522 0)
(1.05624 0.017916 0)
(1.00054 0.0130041 0)
(0.826737 0.00784977 0)
(0.517864 0.00332462 0)
(0.162211 0.000646495 0)
(0.240274 0.00112893 0)
(0.643857 0.00490789 0)
(0.937148 0.00992973 0)
(1.07962 0.0130998 0)
(1.11654 0.0155686 0)
(1.11344 0.0185444 0)
(1.10152 0.02258 0)
(1.08951 0.0273693 0)
(1.07759 0.0324091 0)
(1.06577 0.036767 0)
(1.05565 0.038538 0)
(1.04965 0.0377005 0)
(1.04784 0.0350739 0)
(1.05032 0.0312779 0)
(1.05373 0.0268284 0)
(1.04578 0.0210936 0)
(0.986251 0.0149859 0)
(0.809982 0.0090797 0)
(0.503158 0.00397042 0)
(0.154429 0.000766556 0)
(0.253324 0.00144419 0)
(0.663726 0.00674812 0)
(0.951782 0.0133822 0)
(1.08757 0.0179269 0)
(1.12228 0.0211461 0)
(1.1198 0.0249412 0)
(1.10819 0.0297607 0)
(1.09557 0.0355468 0)
(1.08215 0.0412731 0)
(1.06796 0.0457148 0)
(1.05512 0.0471603 0)
(1.04687 0.0455545 0)
(1.04333 0.0418504 0)
(1.04369 0.0366723 0)
(1.04463 0.0308624 0)
(1.03409 0.0243146 0)
(0.972987 0.0175889 0)
(0.796669 0.0110846 0)
(0.489023 0.00478764 0)
(0.145974 0.000872907 0)
(0.26867 0.00198626 0)
(0.687137 0.00820157 0)
(0.970279 0.0169965 0)
(1.09911 0.0232136 0)
(1.13078 0.0282758 0)
(1.12806 0.0335177 0)
(1.1161 0.0400042 0)
(1.10239 0.0467569 0)
(1.08708 0.0531004 0)
(1.07046 0.0574808 0)
(1.0552 0.0581074 0)
(1.04442 0.0548493 0)
(1.03805 0.049589 0)
(1.03572 0.0433781 0)
(1.03393 0.0363553 0)
(1.02002 0.0287655 0)
(0.954479 0.0208199 0)
(0.773341 0.0130673 0)
(0.467104 0.00566644 0)
(0.134686 0.00103447 0)
(0.290263 0.00282897 0)
(0.718754 0.0120414 0)
(0.994726 0.0228677 0)
(1.11428 0.0314009 0)
(1.14181 0.0377797 0)
(1.13845 0.0453882 0)
(1.12556 0.0530502 0)
(1.10995 0.060859 0)
(1.09192 0.0675692 0)
(1.07184 0.0712815 0)
(1.0527 0.07044 0)
(1.03877 0.0656389 0)
(1.03055 0.0587795 0)
(1.02595 0.0507451 0)
(1.0215 0.0422339 0)
(1.00485 0.0334003 0)
(0.937091 0.0246078 0)
(0.755367 0.0159725 0)
(0.447581 0.00687633 0)
(0.123131 0.00112838 0)
(0.320595 0.00390682 0)
(0.761478 0.0149014 0)
(1.02667 0.0301541 0)
(1.13519 0.0412944 0)
(1.15783 0.0509965 0)
(1.15178 0.060779 0)
(1.1363 0.0703789 0)
(1.11764 0.0792151 0)
(1.09616 0.0857697 0)
(1.07247 0.0884619 0)
(1.05027 0.0858615 0)
(1.03346 0.0787221 0)
(1.02165 0.0694777 0)
(1.01402 0.0598591 0)
(1.00699 0.0499584 0)
(0.986924 0.0401306 0)
(0.913219 0.0297941 0)
(0.722361 0.019021 0)
(0.414594 0.00784763 0)
(0.107068 0.00127768 0)
(0.357217 0.00778522 0)
(0.814136 0.024629 0)
(1.06767 0.0426134 0)
(1.16211 0.0579003 0)
(1.17722 0.0690816 0)
(1.16746 0.0822905 0)
(1.14814 0.0932223 0)
(1.12553 0.102206 0)
(1.09971 0.108018 0)
(1.07132 0.108893 0)
(1.04421 0.103512 0)
(1.02346 0.0935453 0)
(1.01012 0.0823927 0)
(1.00058 0.0706899 0)
(0.990687 0.0590618 0)
(0.966997 0.0473187 0)
(0.888615 0.0353545 0)
(0.695913 0.0228848 0)
(0.388425 0.0096111 0)
(0.0926807 0.00120259 0)
(0.440403 0.0114351 0)
(0.894867 0.0348551 0)
(1.12157 0.0623051 0)
(1.19502 0.081186 0)
(1.20255 0.096373 1.24483e-34)
(1.18547 0.112079 -7.09429e-35)
(1.16068 0.122878 0)
(1.13282 0.131074 0)
(1.10183 0.13501 0)
(1.06871 0.132926 0)
(1.03806 0.124165 0)
(1.01461 0.111573 0)
(0.997014 0.09748 0)
(0.984046 0.0838716 0)
(0.971696 0.0706965 0)
(0.943638 0.0578066 0)
(0.856552 0.0436643 0)
(0.648697 0.0279355 0)
(0.337843 0.010018 0)
(0.0700486 0.000938876 0)
(0.508496 0.0263997 -2.22643e-21)
(0.987249 0.0591115 1.11902e-21)
(1.17987 0.0947549 0)
(1.23086 0.117005 3.35905e-21)
(1.22867 0.135628 -2.72172e-21)
(1.20314 0.150887 7.48483e-35)
(1.17221 0.160543 0)
(1.13836 0.167102 5.85059e-21)
(1.10165 0.168581 -2.05392e-20)
(1.06283 0.163511 4.45477e-21)
(1.02645 0.15156 0)
(0.997729 0.134798 -1.389e-20)
(0.978271 0.118469 -1.72492e-20)
(0.963251 0.102593 3.03023e-20)
(0.946173 0.0874446 -2.42973e-20)
(0.910158 0.07162 0)
(0.809359 0.0540544 -9.23756e-21)
(0.587464 0.0340471 0)
(0.286962 0.0139907 -5.00448e-20)
(0.0521342 0.00159553 5.91872e-20)
(0.539281 0.0548411 -5.01419e-22)
(1.04239 0.102146 -3.03332e-20)
(1.22462 0.14615 1.01157e-20)
(1.26345 0.165388 9.38926e-21)
(1.25229 0.184 -5.11291e-21)
(1.21876 0.197211 9.01915e-21)
(1.18143 0.20504 0)
(1.1413 0.209652 0)
(1.09858 0.208534 3.23001e-20)
(1.05371 0.200279 0)
(1.01171 0.184257 4.81701e-20)
(0.978939 0.165988 1.49024e-20)
(0.953165 0.147917 3.30017e-22)
(0.932077 0.130758 -3.38722e-20)
(0.911821 0.114554 0)
(0.872368 0.0986744 0)
(0.768791 0.0763725 -1.55061e-19)
(0.554463 0.0521056 3.8858e-19)
(0.273565 0.0225126 -2.30769e-19)
(0.0498866 0.00494023 -2.73337e-19)
(0.543087 0.0780575 6.48742e-20)
(1.07275 0.159701 -1.85755e-20)
(1.25786 0.207825 -4.31249e-21)
(1.2896 0.224685 -1.92372e-20)
(1.27075 0.240558 1.3791e-20)
(1.23066 0.249796 -1.89345e-20)
(1.18746 0.254264 1.01336e-20)
(1.14142 0.255772 0)
(1.09281 0.251363 -6.72821e-20)
(1.0418 0.240043 7.14003e-20)
(0.994704 0.222168 -1.31434e-19)
(0.957224 0.201729 6.36899e-20)
(0.929052 0.181663 -4.60483e-20)
(0.906477 0.163378 1.01237e-19)
(0.881817 0.146294 0)
(0.839521 0.12908 -3.93765e-20)
(0.73979 0.106462 0)
(0.541883 0.0726078 2.21887e-19)
(0.277514 0.0376343 -5.26646e-19)
(0.0602972 0.00795831 3.30338e-19)
(0.532476 0.110296 -3.20087e-19)
(1.08763 0.217924 1.27262e-19)
(1.27772 0.274109 2.02874e-20)
(1.30718 0.289189 0)
(1.28314 0.301855 8.20128e-21)
(1.23813 0.306307 -7.59669e-21)
(1.18995 0.306735 -1.07664e-20)
(1.1387 0.304468 0)
(1.08477 0.296393 4.75652e-20)
(1.02852 0.281341 -4.92584e-20)
(0.975817 0.259693 1.15494e-19)
(0.932747 0.235446 0)
(0.89951 0.214685 -9.72033e-20)
(0.872339 0.196583 5.36701e-20)
(0.848514 0.180208 1.4451e-19)
(0.810113 0.163664 -1.27196e-19)
(0.718547 0.138505 2.08968e-19)
(0.53698 0.0996025 -4.63641e-19)
(0.291299 0.0546519 2.93895e-19)
(0.0725263 0.0139485 -3.6822e-19)
(0.517271 0.134487 2.02274e-19)
(1.0919 0.272988 -1.49192e-19)
(1.28786 0.34119 6.31746e-20)
(1.3163 0.354691 -8.36927e-20)
(1.28864 0.364363 5.36497e-20)
(1.24036 0.364341 -7.17967e-21)
(1.18834 0.360854 3.65034e-21)
(1.13275 0.35463 -3.64617e-20)
(1.07412 0.342627 -4.81342e-20)
(1.0131 0.323983 -1.06125e-19)
(0.956427 0.299192 -2.49222e-19)
(0.912335 0.274985 -8.27778e-20)
(0.879379 0.253794 2.59271e-21)
(0.85345 0.234957 -1.92499e-19)
(0.825171 0.21685 -6.34621e-21)
(0.78427 0.19705 1.86829e-19)
(0.698016 0.169437 -5.79084e-20)
(0.532143 0.12649 -3.37098e-20)
(0.301954 0.0729471 0)
(0.0815554 0.0202098 7.90385e-19)
(0.49819 0.155504 0)
(1.08317 0.322897 4.72293e-20)
(1.28957 0.404885 3.23054e-20)
(1.31909 0.41851 -1.22969e-20)
(1.28895 0.426203 -6.75301e-20)
(1.23825 0.422169 8.83167e-21)
(1.18324 0.415058 8.41948e-21)
(1.12438 0.404905 6.36921e-20)
(1.06239 0.388921 -2.85002e-20)
(0.997785 0.366258 4.75178e-20)
(0.93743 0.33767 1.34438e-19)
(0.888132 0.309618 1.82988e-19)
(0.849607 0.284758 -1.13862e-19)
(0.81871 0.263855 2.09096e-19)
(0.79606 0.246368 -1.67671e-19)
(0.763121 0.229853 0)
(0.686734 0.201596 -4.43146e-19)
(0.532417 0.154219 5.95827e-19)
(0.310114 0.091047 4.49598e-20)
(0.0876206 0.026182 -8.38943e-19)
(0.483361 0.176308 -5.37513e-21)
(1.07455 0.372085 -3.2446e-19)
(1.2867 0.46632 -2.43664e-19)
(1.31696 0.480136 2.00002e-19)
(1.28471 0.486145 -3.78956e-20)
(1.23229 0.47864 1.72908e-20)
(1.17507 0.468249 5.24875e-21)
(1.11367 0.454453 -9.46826e-21)
(1.04853 0.434867 -1.03229e-19)
(0.980001 0.408546 5.22224e-22)
(0.916397 0.377258 -1.4693e-19)
(0.86714 0.346761 -1.95661e-19)
(0.832324 0.32196 1.2788e-19)
(0.806986 0.302391 -7.52632e-20)
(0.77824 0.284034 1.82673e-19)
(0.740239 0.261276 0)
(0.66589 0.231382 -2.75165e-19)
(0.522037 0.179786 4.06904e-19)
(0.311295 0.107134 7.774e-19)
(0.0898825 0.0314206 -9.12502e-19)
(0.468261 0.19392 -6.23488e-19)
(1.06029 0.416639 3.14435e-19)
(1.27969 0.523939 2.39489e-19)
(1.31121 0.538763 -2.17564e-19)
(1.27728 0.543756 1.12458e-20)
(1.22359 0.533171 5.18171e-20)
(1.16468 0.51983 -9.45551e-21)
(1.10116 0.5027 -2.40024e-20)
(1.03348 0.479701 -6.28053e-20)
(0.962485 0.449644 1.0746e-19)
(0.896687 0.413928 1.40369e-19)
(0.845382 0.38018 3.07374e-19)
(0.805813 0.352669 0)
(0.772742 0.328376 5.64836e-21)
(0.750571 0.30772 -5.07425e-19)
(0.721146 0.29111 1.16834e-19)
(0.654838 0.259542 5.92196e-19)
(0.514857 0.203708 -1.74128e-19)
(0.304706 0.121732 3.68501e-19)
(0.0884229 0.0342536 -3.0778e-20)
(0.459112 0.212976 6.13247e-21)
(1.04879 0.460607 2.93482e-19)
(1.27057 0.57914 1.83472e-19)
(1.30267 0.594691 -3.94608e-19)
(1.26717 0.598471 2.4248e-19)
(1.21261 0.58518 -6.74325e-20)
(1.15237 0.569338 6.67028e-21)
(1.0872 0.549299 5.74917e-20)
(1.01748 0.523246 1.13805e-19)
(0.944273 0.490027 -1.35643e-19)
(0.876405 0.451267 0)
(0.823378 0.415317 -1.20581e-19)
(0.785572 0.384858 1.38438e-19)
(0.760933 0.361321 1.8479e-19)
(0.733359 0.341902 -1.061e-19)
(0.698288 0.316881 -2.67025e-19)
(0.631834 0.284229 -8.09371e-20)
(0.499431 0.221699 -1.21943e-21)
(0.294543 0.131352 0)
(0.0842653 0.036668 0)
(0.450561 0.228492 -3.12688e-19)
(1.03541 0.500813 0)
(1.25937 0.630638 2.11948e-19)
(1.2921 0.647605 -9.87997e-20)
(1.25533 0.650396 -2.50748e-19)
(1.20018 0.634594 6.9561e-20)
(1.13892 0.616547 1.19971e-21)
(1.07243 0.593938 -3.11071e-20)
(1.00101 0.56506 7.481e-20)
(0.925695 0.528388 -5.38645e-20)
(0.855418 0.485715 7.91133e-20)
(0.800582 0.445631 3.774e-19)
(0.761303 0.413394 1.35123e-20)
(0.726312 0.386118 -1.89121e-19)
(0.704973 0.362875 3.6354e-19)
(0.678955 0.342538 4.50634e-21)
(0.618483 0.305108 8.65932e-20)
(0.486185 0.23925 -4.18998e-19)
(0.283111 0.138526 4.25153e-19)
(0.0788698 0.0382838 -5.07486e-19)
(0.444195 0.247495 3.55564e-23)
(1.02382 0.540152 0)
(1.24751 0.679763 0)
(1.28023 0.69791 9.10096e-20)
(1.24238 0.699461 9.99163e-20)
(1.18676 0.681274 -5.47074e-20)
(1.12459 0.661322 2.25851e-20)
(1.05697 0.636495 0)
(0.983938 0.605299 -1.19007e-19)
(0.906069 0.566333 1.97966e-19)
(0.833053 0.521279 2.38762e-19)
(0.777185 0.477684 -1.41808e-19)
(0.736949 0.441629 -1.77004e-19)
(0.713464 0.414024 4.18103e-19)
(0.686559 0.389987 -1.28657e-19)
(0.654107 0.36145 -1.55934e-19)
(0.592699 0.324269 -9.51264e-20)
(0.466145 0.250646 -4.54017e-19)
(0.269551 0.143556 6.4373e-20)
(0.0727612 0.03869 5.50822e-19)
(0.440445 0.266193 -1.25752e-19)
(1.01217 0.576522 -1.98054e-19)
(1.23459 0.725353 2.3575e-20)
(1.26743 0.745201 2.08074e-23)
(1.22881 0.745831 2.91889e-20)
(1.17285 0.725486 -1.53248e-19)
(1.10989 0.703752 0)
(1.04127 0.676963 2.254e-20)
(0.966865 0.643698 -1.77732e-20)
(0.887625 0.601943 3.1582e-19)
(0.81354 0.551829 -5.88006e-20)
(0.755013 0.505387 6.57324e-20)
(0.713133 0.467631 0)
(0.6783 0.433838 -2.28005e-19)
(0.658007 0.405937 2.8309e-19)
(0.634059 0.383488 0)
(0.576501 0.337579 -2.07637e-19)
(0.448075 0.261994 6.07846e-19)
(0.255041 0.146589 7.21103e-20)
(0.0662593 0.038178 -6.81629e-19)
(0.438479 0.283167 -2.80432e-19)
(1.00231 0.611864 3.60019e-19)
(1.22188 0.768717 0)
(1.25434 0.789985 2.28515e-19)
(1.21499 0.789565 0)
(1.15872 0.767195 1.39655e-19)
(1.09503 0.743877 0)
(1.02549 0.715283 0)
(0.949515 0.680198 -4.02293e-20)
(0.8672 0.636318 -3.06403e-19)
(0.787757 0.585978 -4.43872e-19)
(0.727395 0.536495 8.2222e-20)
(0.68727 0.492048 3.05911e-19)
(0.663609 0.45925 2.55772e-19)
(0.638493 0.431235 -9.08393e-19)
(0.607167 0.396094 -3.74048e-19)
(0.547963 0.352867 2.17671e-19)
(0.424684 0.267639 0)
(0.239067 0.147628 6.23896e-19)
(0.0593529 0.0367362 -7.38701e-19)
(0.437073 0.29893 3.10224e-19)
(0.992125 0.644203 -3.96586e-19)
(1.20881 0.80854 0)
(1.24101 0.831676 -1.03362e-20)
(1.20113 0.830703 -9.34117e-20)
(1.14461 0.806692 0)
(1.08027 0.781896 -7.4774e-21)
(1.00979 0.751706 2.5393e-20)
(0.932342 0.715269 -5.64865e-20)
(0.848672 0.670144 3.21999e-20)
(0.769804 0.616217 0)
(0.707877 0.56147 3.30468e-19)
(0.662557 0.517697 4.19896e-21)
(0.62631 0.476502 1.38813e-19)
(0.606796 0.441426 1.66991e-19)
(0.58524 0.413722 0)
(0.529569 0.359231 -3.65454e-19)
(0.404512 0.272914 7.16554e-19)
(0.222487 0.146603 -7.61551e-19)
(0.0526649 0.034469 1.60098e-18)
(0.435966 0.313919 0)
(0.983403 0.67601 0)
(1.19642 0.846567 -2.17551e-19)
(1.22783 0.871097 0)
(1.18735 0.869385 0)
(1.13068 0.843861 2.09385e-19)
(1.06581 0.817818 -1.0756e-20)
(0.994675 0.786289 1.71066e-20)
(0.916323 0.748392 -6.75491e-21)
(0.830898 0.701419 0)
(0.747091 0.644862 -7.07758e-20)
(0.680294 0.5904 -2.73201e-19)
(0.634282 0.539018 -3.40868e-19)
(0.610097 0.497956 -1.40965e-19)
(0.586007 0.462622 1.83397e-19)
(0.556522 0.419645 -4.35129e-19)
(0.499298 0.369807 7.90207e-19)
(0.378422 0.272878 5.88961e-21)
(0.205484 0.143484 -7.35779e-19)
(0.0461815 0.031784 -1.09045e-19)
(0.434749 0.32855 0)
(0.974258 0.705107 -3.10093e-19)
(1.1839 0.881295 2.4332e-19)
(1.21472 0.907516 0)
(1.17384 0.905492 0)
(1.11707 0.878891 -4.65441e-19)
(1.05186 0.851806 0)
(0.980069 0.818959 0)
(0.900145 0.780008 -1.04921e-19)
(0.811791 0.732263 5.81974e-20)
(0.725399 0.675805 -5.7458e-19)
(0.657692 0.616837 0)
(0.610694 0.563675 -3.70685e-19)
(0.570321 0.514043 1.14051e-20)
(0.550705 0.46766 -5.87075e-19)
(0.531635 0.432906 2.35589e-19)
(0.479636 0.366318 3.30584e-21)
(0.359829 0.271099 -8.40982e-19)
(0.19034 0.139127 3.98978e-19)
(0.0411186 0.0292121 1.16663e-19)
(0.433644 0.34272 0)
(0.966546 0.733967 -3.67924e-19)
(1.17214 0.914794 2.59196e-19)
(1.20194 0.942057 5.38082e-19)
(1.16057 0.939357 1.05823e-19)
(1.10382 0.91166 -7.20206e-20)
(1.03832 0.883726 4.28482e-20)
(0.965981 0.84994 -4.30823e-20)
(0.885342 0.810393 1.12236e-19)
(0.796628 0.761829 3.72083e-19)
(0.709302 0.70376 4.76688e-19)
(0.635492 0.64363 9.03094e-20)
(0.578044 0.585914 5.37357e-19)
(0.551194 0.533171 3.46507e-19)
(0.526946 0.487779 4.23587e-19)
(0.499558 0.428936 -2.63095e-19)
(0.447024 0.36944 -3.10183e-19)
(0.333645 0.262574 3.63972e-19)
(0.174425 0.13063 -2.15192e-19)
(0.038182 0.0294501 3.80383e-19)
(0.432426 0.356443 4.85091e-19)
(0.958343 0.760005 5.8411e-19)
(1.16033 0.945226 1.42772e-19)
(1.18944 0.973842 1.61923e-20)
(1.14778 0.970818 -3.70975e-19)
(1.09103 0.942383 1.35108e-19)
(1.02539 0.913802 -4.96217e-20)
(0.952868 0.879286 -2.15027e-20)
(0.871233 0.838684 -1.10812e-19)
(0.779827 0.789714 -4.13102e-19)
(0.686652 0.731022 2.93336e-20)
(0.608092 0.668443 0)
(0.556905 0.608411 0)
(0.507624 0.55073 -1.76809e-19)
(0.484363 0.48821 -6.9745e-19)
(0.467992 0.436475 5.70482e-19)
(0.426699 0.346546 3.46671e-19)
(0.329665 0.242067 0)
(0.180476 0.109364 6.86894e-19)
(0.0325399 0.00866799 -4.10346e-19)
(0.431387 0.369429 -2.59124e-19)
(0.951419 0.78586 2.24557e-19)
(1.1493 0.974774 -3.19056e-19)
(1.17737 1.00412 -3.40826e-19)
(1.13535 1.00037 -1.47971e-19)
(1.07876 0.971048 3.18554e-20)
(1.0131 0.941903 0)
(0.940184 0.906709 7.17083e-20)
(0.857842 0.866116 1.70202e-20)
(0.765172 0.817072 0)
(0.670994 0.759057 0)
(0.591695 0.696905 6.22557e-20)
(0.52188 0.634445 9.35545e-20)
(0.486245 0.570191 -1.90985e-19)
(0.455261 0.510348 5.03755e-19)
(0.425892 0.424398 -6.27582e-19)
(0.3829 0.335532 -7.4337e-19)
(0.313113 0.217534 6.57831e-19)
(0.212952 0.130591 -2.47167e-19)
(0.119698 0.089809 1.4213e-19)
(0.430061 0.38166 3.0026e-19)
(0.943874 0.808818 0)
(1.13825 1.00138 0)
(1.16571 1.03184 -1.14247e-19)
(1.12352 1.02775 9.24792e-20)
(1.06701 0.99783 -2.08267e-20)
(1.00124 0.968226 -1.86729e-19)
(0.928205 0.93264 -1.42027e-19)
(0.845083 0.89143 1.54369e-19)
(0.750531 0.841652 -3.29534e-20)
(0.652898 0.783132 7.68983e-20)
(0.565348 0.721035 -5.20077e-19)
(0.502103 0.659092 -5.63469e-19)
(0.439041 0.593592 -1.02059e-19)
(0.399881 0.510526 0)
(0.374891 0.435685 -1.20983e-20)
(0.343714 0.281798 4.10724e-19)
(0.299199 0.119159 -6.88812e-19)
(0.259036 -0.0345018 5.13136e-19)
(0.0801064 -0.090038 4.1225e-19)
(0.428888 0.393264 -6.54849e-19)
(0.937422 0.831769 -2.83824e-19)
(1.12791 1.02746 6.54085e-21)
(1.1544 1.05854 1.47624e-19)
(1.11194 1.05381 0)
(1.0556 1.0232 4.16145e-19)
(0.989912 0.99327 2.29626e-19)
(0.916664 0.957349 -4.1292e-20)
(0.832888 0.91636 -6.78998e-20)
(0.737362 0.868256 -3.12922e-20)
(0.637426 0.812367 2.90645e-20)
(0.548373 0.751975 4.59287e-19)
(0.465923 0.687711 5.50569e-19)
(0.415657 0.615463 9.85812e-20)
(0.367666 0.546032 5.39227e-19)
(0.307045 0.424452 0)
(0.206622 0.276653 0)
(0.0397139 0.270334 5.04566e-19)
(-0.0686531 0.62933 -3.33689e-20)
(0.00130519 1.50745 -6.44418e-19)
(0.427263 0.404289 3.56799e-19)
(0.930362 0.852093 8.49091e-19)
(1.11752 1.05099 -1.27307e-18)
(1.14342 1.08321 7.62226e-19)
(1.10082 1.0784 -8.66478e-20)
(1.04454 1.04751 5.49861e-19)
(0.978667 1.01747 0)
(0.905166 0.981569 1.59223e-19)
(0.820851 0.940824 0)
(0.723979 0.891924 3.2914e-19)
(0.621273 0.834745 -4.34278e-20)
(0.525743 0.776532 4.86936e-20)
(0.450308 0.719243 6.14302e-19)
(0.363465 0.656332 -2.22694e-19)
(0.278742 0.561792 -2.80991e-19)
(0.209267 0.487184 0)
(0.106932 0.575771 0)
(0.0366182 1.26005 0)
(0.0779662 2.43179 -2.84026e-19)
(0.108315 2.89543 -1.76147e-19)
(0.425782 0.414837 0)
(0.924355 0.872524 0)
(1.10783 1.07423 4.56009e-19)
(1.13282 1.10713 -6.34799e-19)
(1.08996 1.10196 4.30534e-19)
(1.0338 1.07076 -5.03027e-19)
(0.968025 1.04076 -2.62395e-20)
(0.894515 1.00504 2.04301e-20)
(0.809794 0.965015 1.2976e-20)
(0.711445 0.918918 -3.75267e-19)
(0.605399 0.867794 6.85102e-20)
(0.5075 0.813682 4.36783e-19)
(0.411127 0.754357 -6.06377e-19)
(0.340808 0.682929 -7.04233e-19)
(0.273956 0.626731 2.44687e-19)
(0.206737 0.746279 0)
(0.142653 1.49867 3.51817e-19)
(0.140611 2.67193 3.90667e-19)
(0.146997 3.08063 -4.37189e-19)
(0.137611 3.21892 4.7862e-19)
(0.423862 0.424595 0)
(0.91774 0.890306 6.93238e-19)
(1.09811 1.09497 -1.18054e-19)
(1.12261 1.12906 8.02555e-19)
(1.07961 1.12407 -4.51912e-19)
(1.02357 1.09291 0)
(0.957676 1.06312 0)
(0.883959 1.0278 0)
(0.798771 0.988577 -2.78472e-20)
(0.699951 0.942666 7.79992e-21)
(0.594342 0.88882 0)
(0.491594 0.837465 -4.27701e-19)
(0.406801 0.791327 0)
(0.295537 0.739983 5.01474e-19)
(0.215234 0.817337 -3.28487e-19)
(0.170996 1.44463 -2.74029e-19)
(0.17647 2.66216 -6.69088e-19)
(0.195906 3.12583 -3.37363e-19)
(0.186045 3.2714 -4.0054e-19)
(0.170827 3.3124 3.36813e-19)
(0.422178 0.433786 -2.34565e-19)
(0.912147 0.90833 1.51844e-20)
(1.08912 1.11563 -1.27411e-19)
(1.1128 1.15043 -6.41433e-19)
(1.06957 1.14531 0)
(1.01365 1.11415 0)
(0.947889 1.08473 0)
(0.874302 1.04996 -1.09359e-20)
(0.789037 1.01198 2.64048e-20)
(0.688906 0.96888 0)
(0.577759 0.924227 0)
(0.473965 0.87873 0)
(0.364408 0.832305 0)
(0.307413 0.826006 3.35696e-19)
(0.285477 1.18216 8.68577e-19)
(0.272922 2.33908 2.69048e-19)
(0.283691 3.08089 4.99719e-19)
(0.276281 3.2907 -3.31989e-19)
(0.225509 3.35881 1.2253e-19)
(0.191402 3.37144 0)
(0.420098 0.442418 2.37931e-19)
(0.905712 0.924175 -1.49795e-18)
(1.07985 1.13439 -4.237e-19)
(1.10315 1.17045 -1.02962e-19)
(1.05981 1.16572 1.15117e-19)
(1.0041 1.13484 -8.03609e-19)
(0.938319 1.10586 5.36098e-20)
(0.864666 1.07178 3.33481e-19)
(0.779081 1.03485 0)
(0.678921 0.99337 -2.15395e-20)
(0.571104 0.945782 1.95943e-20)
(0.465335 0.902241 0)
(0.382353 0.874504 0)
(0.328208 0.999107 -4.17018e-19)
(0.294087 1.83433 9.77173e-21)
(0.290318 2.92931 -1.54598e-19)
(0.309082 3.29521 2.71405e-19)
(0.28203 3.39793 1.2803e-19)
(0.214149 3.42371 -1.39692e-20)
(0.188072 3.43231 4.85501e-21)
(0.417984 0.451111 4.58759e-19)
(0.89975 0.941984 1.43459e-18)
(1.07053 1.15496 5.20344e-19)
(1.09312 1.19166 0)
(1.04965 1.18681 0)
(0.994115 1.15596 6.15795e-19)
(0.928584 1.12743 -3.70094e-19)
(0.855245 1.09394 -3.07658e-19)
(0.769944 1.05854 -1.14012e-20)
(0.669442 1.01972 1.26623e-19)
(0.556844 0.981313 -3.57356e-19)
(0.447251 0.945391 0)
(0.365333 0.949383 0)
(0.345884 1.34408 -2.41032e-19)
(0.357257 2.44408 -3.10622e-19)
(0.399103 3.19929 0)
(0.424983 3.3832 -3.8389e-20)
(0.355084 3.44827 1.89425e-19)
(0.280301 3.49262 -3.51844e-19)
(0.255606 3.51878 2.17119e-19)
(0.414953 0.460252 -8.68965e-19)
(0.892012 0.958691 -6.82934e-19)
(1.05988 1.17496 0)
(1.08225 1.21292 0)
(1.03882 1.20843 0)
(0.983704 1.17772 0)
(0.918376 1.14947 3.94542e-19)
(0.84532 1.11663 -4.11482e-19)
(0.760182 1.08218 0)
(0.660018 1.04524 -1.09992e-19)
(0.551322 1.00548 6.0333e-19)
(0.451222 0.974795 2.92869e-20)
(0.402245 1.06666 4.71046e-20)
(0.406936 1.72402 3.63674e-19)
(0.426656 2.87997 -1.31549e-19)
(0.462656 3.32932 0)
(0.445043 3.45988 -3.31288e-20)
(0.355123 3.54906 9.89158e-20)
(0.271321 3.61833 3.19762e-19)
(0.195231 3.59839 -2.65417e-19)
(0.411939 0.469443 4.11873e-19)
(0.884602 0.978503 -6.7308e-19)
(1.04884 1.19774 0)
(1.0706 1.23606 -1.64832e-19)
(1.02719 1.23117 6.23532e-19)
(0.972376 1.20022 0)
(0.907568 1.17223 0)
(0.835157 1.13973 7.73771e-19)
(0.750722 1.10656 8.0432e-21)
(0.651218 1.07239 8.22599e-21)
(0.537957 1.04075 -2.65191e-19)
(0.447655 1.0325 1.90669e-19)
(0.408638 1.23374 0)
(0.44284 2.1419 -1.75793e-19)
(0.49222 3.13718 1.39809e-19)
(0.553829 3.4367 -1.1111e-20)
(0.547539 3.54045 0)
(0.478501 3.63379 -1.73895e-19)
(0.402799 3.6788 -7.12996e-19)
(0.318961 3.64957 -1.80353e-19)
(0.407354 0.479055 -8.0002e-19)
(0.874827 0.996645 9.58134e-19)
(1.03613 1.21963 7.1121e-19)
(1.05788 1.25909 -1.83888e-19)
(1.01465 1.25443 -9.51489e-19)
(0.960542 1.2234 0)
(0.896239 1.19537 3.5097e-19)
(0.824552 1.16336 -3.19053e-19)
(0.740948 1.13127 -3.13864e-20)
(0.642923 1.09869 -8.27324e-21)
(0.535598 1.0688 -5.42634e-21)
(0.458683 1.07867 -2.12776e-19)
(0.466053 1.44975 2.01226e-19)
(0.525784 2.51079 6.3592e-21)
(0.590936 3.30561 6.88021e-20)
(0.644806 3.49615 -2.7825e-19)
(0.604237 3.55727 0)
(0.540098 3.56799 0)
(0.43768 3.53773 -8.56181e-19)
(0.195525 3.33387 1.68867e-18)
(0.402949 0.488757 3.80241e-19)
(0.865423 1.01858 9.2632e-19)
(1.02296 1.24479 -7.01663e-19)
(1.04433 1.28421 6.85753e-19)
(1.00134 1.27875 9.43241e-19)
(0.947772 1.24713 0)
(0.884408 1.21913 -3.80643e-19)
(0.813869 1.18724 -4.56707e-19)
(0.731666 1.15565 0)
(0.63493 1.12518 0)
(0.528818 1.10414 0)
(0.46618 1.16268 0)
(0.496082 1.67245 -2.1637e-19)
(0.580349 2.80457 2.34982e-20)
(0.661801 3.40584 0)
(0.708884 3.51628 1.79169e-19)
(0.705697 3.52538 0)
(0.777813 3.3762 3.10115e-19)
(0.873736 3.01546 -2.42863e-18)
(0.461672 2.6519 2.40978e-18)
(0.396421 0.497561 -7.46879e-19)
(0.852967 1.03806 -5.87547e-19)
(1.00769 1.2687 -4.53027e-19)
(1.02942 1.30917 -6.41381e-19)
(0.986801 1.30376 -4.48484e-19)
(0.934368 1.27181 0)
(0.871897 1.24339 -8.46965e-20)
(0.802577 1.21153 2.97176e-20)
(0.721649 1.18126 2.30484e-19)
(0.62767 1.15255 0)
(0.530039 1.13702 6.70914e-21)
(0.48901 1.24112 -7.62693e-21)
(0.56339 1.90844 0)
(0.671335 3.04885 -1.00435e-20)
(0.760694 3.45485 0)
(0.794861 3.501 -3.16753e-19)
(0.79868 3.42088 8.10309e-19)
(0.791192 3.05135 -3.04832e-19)
(0.544028 2.05614 4.81284e-19)
(-0.355517 0.538537 -1.1765e-18)
(0.389535 0.507483 -1.29634e-20)
(0.840603 1.06191 -2.89764e-19)
(0.99162 1.29655 6.29604e-19)
(1.01333 1.33678 -1.89529e-20)
(0.971186 1.33026 -1.19962e-19)
(0.919616 1.2975 0)
(0.858586 1.26902 3.95191e-19)
(0.790939 1.2374 3.86457e-19)
(0.712425 1.20713 -4.49111e-19)
(0.618296 1.17951 2.20059e-19)
(0.530447 1.17551 4.98893e-20)
(0.512122 1.35746 0)
(0.609576 2.17874 -3.94522e-20)
(0.728308 3.19627 7.81082e-20)
(0.81028 3.43734 1.87506e-19)
(0.823715 3.44235 0)
(0.755844 3.23314 -3.9958e-19)
(0.579145 2.44044 4.72597e-19)
(0.139222 0.760809 -5.63026e-19)
(-0.259499 -0.437482 -5.11001e-19)
(0.380181 0.51523 6.78077e-19)
(0.824353 1.08232 -2.78845e-19)
(0.972851 1.32269 4.21132e-19)
(0.995435 1.36429 3.31976e-19)
(0.9539 1.35789 2.32492e-19)
(0.903942 1.32477 6.01157e-19)
(0.844248 1.29573 -7.62156e-19)
(0.778518 1.26374 -4.80434e-19)
(0.701793 1.23496 4.99572e-19)
(0.610713 1.2111 7.11233e-20)
(0.536963 1.21926 5.74422e-20)
(0.546397 1.47513 4.53064e-20)
(0.683517 2.45015 -1.02779e-19)
(0.809908 3.28381 1.47232e-19)
(0.87777 3.41812 -2.68313e-19)
(0.849392 3.35166 2.8139e-19)
(0.721065 2.90617 -6.90997e-19)
(0.471664 1.78784 4.22355e-19)
(0.0768301 0.0869891 0)
(-0.0755785 -0.189233 -8.03139e-19)
(0.370092 0.523851 0)
(0.807724 1.10704 -1.05121e-18)
(0.953063 1.35307 2.36469e-20)
(0.976122 1.3945 -5.7944e-19)
(0.935296 1.38675 0)
(0.886732 1.35265 -4.30089e-19)
(0.829109 1.32351 6.50828e-19)
(0.765541 1.29201 4.49434e-19)
(0.692168 1.26334 -5.32768e-19)
(0.605283 1.24082 -2.35623e-19)
(0.542922 1.26516 -1.06028e-19)
(0.584832 1.62966 4.60593e-20)
(0.73428 2.67444 9.07827e-20)
(0.852299 3.32218 1.3315e-19)
(0.895364 3.37103 -2.8605e-19)
(0.828283 3.17631 4.50335e-19)
(0.598249 2.46416 3.14041e-19)
(0.137513 0.530276 -3.72167e-19)
(-0.125175 -0.243101 0)
(-0.105739 -0.205405 0)
(0.356361 0.529187 -6.29298e-19)
(0.786024 1.12657 1.0204e-18)
(0.930127 1.38074 0)
(0.954598 1.42433 0)
(0.914663 1.41675 0)
(0.868377 1.38224 0)
(0.812659 1.35237 -2.79173e-19)
(0.752088 1.32023 -1.50198e-20)
(0.682019 1.2924 -7.51173e-20)
(0.601004 1.2744 -3.21457e-20)
(0.552297 1.32508 2.76451e-19)
(0.624762 1.77556 -9.96564e-20)
(0.804752 2.88417 0)
(0.916815 3.32535 3.77807e-20)
(0.945378 3.31965 4.7927e-19)
(0.803316 2.97234 -1.91888e-19)
(0.44947 1.81622 3.19931e-19)
(0.0199765 0.0189921 1.85769e-19)
(-0.175116 -0.210419 -8.40689e-19)
(-0.0540066 -0.132743 -9.99716e-19)
(0.340791 0.534446 3.09292e-19)
(0.762872 1.14912 4.76314e-19)
(0.906042 1.4127 -9.35862e-21)
(0.931094 1.45658 2.81239e-19)
(0.892111 1.44734 0)
(0.848153 1.41168 6.94552e-19)
(0.795202 1.3816 -1.88072e-19)
(0.737366 1.34953 6.7788e-20)
(0.670304 1.32226 -3.26661e-20)
(0.597084 1.30699 -3.76109e-20)
(0.564195 1.37939 -1.73817e-19)
(0.671682 1.94915 1.54697e-19)
(0.858131 3.01486 1.4399e-19)
(0.947285 3.31473 1.07495e-19)
(0.931998 3.23017 -2.99928e-19)
(0.718226 2.62268 6.64323e-19)
(0.276413 1.06411 -3.86963e-19)
(-0.0781263 -0.240717 4.88598e-19)
(-0.191005 -0.241136 -1.44303e-18)
(-0.0613959 -0.152355 1.02086e-18)
(0.321298 0.535077 -2.8931e-19)
(0.735084 1.16594 0)
(0.8782 1.44009 -3.54539e-19)
(0.904753 1.48795 -5.35266e-19)
(0.867354 1.47904 0)
(0.826574 1.44281 -5.29443e-19)
(0.776147 1.41162 0)
(0.722391 1.37904 -3.91473e-19)
(0.659055 1.35158 2.03737e-19)
(0.595376 1.34237 -4.04751e-19)
(0.580707 1.45174 2.70058e-19)
(0.721214 2.13591 -5.87755e-20)
(0.910274 3.10049 -3.89441e-19)
(0.995945 3.29399 2.19156e-19)
(0.958399 3.11441 -2.83364e-19)
(0.641095 2.29683 -2.10776e-19)
(0.121299 0.306158 5.09909e-19)
(-0.146834 -0.305761 -5.92948e-19)
(-0.136316 -0.251069 2.93065e-22)
(-0.0627283 -0.12032 -1.06357e-19)
(0.299851 0.533922 5.62598e-19)
(0.705458 1.18467 -4.40955e-19)
(0.848275 1.47095 3.59544e-19)
(0.875403 1.52086 2.5451e-19)
(0.839796 1.51028 2.65912e-20)
(0.802517 1.47272 2.84581e-19)
(0.755406 1.4413 0)
(0.705499 1.40759 -3.26666e-20)
(0.645941 1.38131 0)
(0.593374 1.37638 3.78572e-19)
(0.597452 1.51252 -2.45293e-19)
(0.769066 2.28703 5.6477e-20)
(0.960364 3.14946 3.97973e-19)
(1.02139 3.26378 2.3525e-19)
(0.922415 2.97083 -1.2751e-19)
(0.520942 1.83126 2.16537e-19)
(0.0129618 -0.0388635 -7.27362e-19)
(-0.208146 -0.283409 -4.22226e-19)
(-0.124174 -0.268265 -1.65551e-19)
(-0.0604785 -0.092025 7.91541e-19)
(0.27423 0.525347 4.17995e-21)
(0.670121 1.19461 2.19217e-19)
(0.813527 1.49493 0)
(0.842866 1.55177 4.75819e-19)
(0.810399 1.54249 -7.16048e-19)
(0.776919 1.50414 2.76512e-19)
(0.733078 1.47094 -1.99511e-19)
(0.688255 1.43656 3.36595e-19)
(0.634058 1.40911 -3.34707e-19)
(0.589389 1.4117 4.9211e-20)
(0.618238 1.58388 -3.13662e-19)
(0.822742 2.43564 -4.33786e-19)
(0.994723 3.17869 3.84887e-20)
(1.04389 3.22559 -4.30785e-19)
(0.907278 2.75738 -2.90469e-19)
(0.438482 1.44239 5.2577e-19)
(-0.0569074 -0.214011 -4.42111e-19)
(-0.219873 -0.300057 2.7408e-19)
(-0.130332 -0.304318 2.24408e-21)
(-0.0509281 -0.09708 -7.30023e-19)
(0.246037 0.51175 1.02409e-18)
(0.631442 1.20381 -2.13681e-19)
(0.775544 1.52121 -6.17242e-19)
(0.806437 1.58247 5.01022e-19)
(0.777261 1.57265 -3.21889e-19)
(0.747651 1.53276 5.23201e-19)
(0.707544 1.49933 3.42975e-19)
(0.668239 1.46324 0)
(0.621036 1.43611 3.89703e-19)
(0.586009 1.44395 -6.00519e-20)
(0.636198 1.64035 7.26572e-20)
(0.864871 2.52619 4.43341e-19)
(1.04112 3.1877 3.80236e-20)
(1.06021 3.19961 6.17392e-21)
(0.850135 2.64496 -3.67996e-19)
(0.392977 1.0161 -1.42061e-19)
(-0.094523 -0.151509 4.36859e-19)
(-0.189165 -0.288074 2.28224e-19)
(-0.163379 -0.289718 7.15426e-20)
(0.00332831 -0.0428839 6.63323e-19)
(0.213418 0.486671 0)
(0.585695 1.19955 1.99148e-19)
(0.731835 1.53773 -2.8239e-19)
(0.76687 1.61008 4.78785e-19)
(0.742509 1.6032 -6.52664e-19)
(0.71635 1.56264 2.6593e-19)
(0.680909 1.52693 0)
(0.647386 1.48863 0)
(0.607216 1.4591 0)
(0.579852 1.47271 1.0581e-19)
(0.654192 1.69071 -9.92022e-20)
(0.917812 2.60302 9.65327e-20)
(1.07138 3.19667 3.4515e-19)
(1.0629 3.18287 2.42694e-19)
(0.733361 2.48284 -4.47165e-19)
(0.0814762 0.697459 2.11007e-19)
(-0.320181 -0.0437528 2.10656e-20)
(-0.367765 -0.32488 -5.37382e-19)
(-0.334229 -0.371557 8.77938e-20)
(-0.0452461 -0.0825342 0)
(0.178232 0.45227 9.24383e-19)
(0.535683 1.18996 -1.86232e-19)
(0.684132 1.55384 4.21268e-21)
(0.722654 1.63508 0)
(0.702593 1.6292 -3.07575e-19)
(0.680369 1.58763 1.76923e-20)
(0.649294 1.55113 0)
(0.622351 1.51226 1.08655e-19)
(0.593604 1.47809 -8.57326e-20)
(0.569655 1.49558 0)
(0.663 1.72593 0)
(0.950362 2.61489 -2.18357e-19)
(1.13517 3.19432 -3.77844e-19)
(1.10157 3.1893 -5.72173e-21)
(0.743893 2.47631 -2.09587e-19)
(0.0573549 0.856638 1.92521e-19)
(-0.428952 0.0126045 0)
(-0.575409 -0.650493 -4.34541e-19)
(-0.565832 -0.818386 -7.07346e-19)
(-0.291417 -0.653111 1.88215e-18)
(0.139783 0.402103 7.61002e-19)
(0.477833 1.1596 -1.76964e-19)
(0.62979 1.55581 2.59391e-19)
(0.674187 1.65581 -6.39215e-19)
(0.659918 1.65447 0)
(0.641524 1.61326 0)
(0.616355 1.57435 0)
(0.595428 1.5312 1.0496e-19)
(0.574819 1.49555 -8.27505e-20)
(0.56179 1.50669 0)
(0.666123 1.73073 0)
(1.00091 2.60653 3.5704e-19)
(1.2093 3.18378 -2.36187e-19)
(1.22324 3.19825 1.63489e-19)
(0.89472 2.5048 8.33403e-19)
(0.295579 0.892182 0)
(-0.262702 -0.0361137 -2.63893e-19)
(-0.620381 -0.898201 -2.2874e-19)
(-0.650244 -1.33838 2.5299e-18)
(-0.457628 -1.17464 -3.07812e-18)
(0.100554 0.3387 -7.08399e-19)
(0.415132 1.11684 1.81382e-19)
(0.570598 1.55145 5.29512e-19)
(0.620228 1.66957 3.74675e-19)
(0.611255 1.67179 -3.02854e-19)
(0.598337 1.6327 -2.11045e-19)
(0.57743 1.59183 1.51044e-19)
(0.563733 1.548 0)
(0.552785 1.50413 0)
(0.547714 1.50703 0)
(0.649917 1.71715 -1.78267e-19)
(1.02204 2.51988 -3.31722e-19)
(1.34545 3.11845 2.31096e-19)
(1.48213 3.13112 -1.43971e-19)
(1.39031 2.67139 -8.08745e-20)
(0.967874 1.49755 0)
(0.351055 0.382618 4.10702e-19)
(-0.0703976 -0.568305 -2.08372e-18)
(-0.526837 -1.5439 4.51545e-18)
(-0.471267 -1.53668 -2.54833e-18)
(0.0615747 0.259715 7.52016e-19)
(0.343654 1.04228 -6.17895e-19)
(0.503199 1.52619 0)
(0.560312 1.67735 1.83183e-19)
(0.558148 1.68738 1.3495e-19)
(0.550152 1.65106 2.95536e-19)
(0.534773 1.60646 -1.41199e-19)
(0.525127 1.55929 0)
(0.525622 1.50794 0)
(0.530261 1.49825 -2.73714e-19)
(0.625894 1.66392 1.95127e-20)
(1.01207 2.3903 1.61373e-19)
(1.36623 2.99271 9.7519e-20)
(1.55241 2.9146 2.17488e-19)
(1.45707 2.59609 -5.88125e-19)
(1.27395 1.84551 5.42076e-19)
(0.761084 0.763805 -4.59116e-19)
(0.327418 -0.240146 0)
(-0.0463263 -0.9505 1.07328e-20)
(-0.263677 -1.31414 4.5286e-19)
(0.0260688 0.17536 7.78463e-19)
(0.267245 0.947018 0)
(0.430607 1.48377 0)
(0.49511 1.66943 0)
(0.498615 1.6917 1.14537e-19)
(0.496747 1.66161 -2.85599e-19)
(0.485959 1.61576 -1.3009e-19)
(0.481863 1.56391 0)
(0.482459 1.50718 0)
(0.502985 1.47415 1.69411e-19)
(0.569154 1.58553 7.14112e-20)
(0.885118 2.13393 -6.7718e-20)
(1.26173 2.8287 -7.23263e-20)
(1.40028 2.76606 -1.09667e-19)
(1.3596 2.55603 5.43247e-20)
(1.25066 2.0633 -3.5197e-19)
(0.905645 1.24826 3.02897e-19)
(0.502234 0.39757 0)
(0.139246 -0.373888 -1.00272e-20)
(-0.0833516 -0.7319 -7.3329e-19)
(0.00388976 0.108504 -7.43949e-19)
(0.182275 0.804 2.56871e-19)
(0.350167 1.40908 3.96406e-19)
(0.42327 1.65264 -2.11309e-20)
(0.434601 1.6937 -2.415e-19)
(0.436633 1.66997 -1.59956e-19)
(0.42985 1.61844 3.63576e-19)
(0.427398 1.56664 -8.23694e-21)
(0.428943 1.5001 0)
(0.45545 1.4436 4.24355e-20)
(0.47766 1.51012 -7.6622e-21)
(0.684264 1.86961 4.15289e-20)
(1.02744 2.64488 0)
(1.12613 2.65779 3.65727e-20)
(1.1123 2.55262 0)
(1.03609 2.26222 8.12257e-20)
(0.837963 1.7225 8.30625e-20)
(0.538675 1.03304 0)
(0.248066 0.372543 0)
(0.0401415 -0.0629308 -1.18731e-18)
(-0.00348574 0.0516589 6.09498e-19)
(0.10584 0.625952 -2.28613e-19)
(0.272248 1.29784 1.79581e-19)
(0.34693 1.60497 -2.82675e-19)
(0.363537 1.67773 1.09837e-19)
(0.36956 1.66798 -3.75978e-20)
(0.367452 1.61957 2.43549e-20)
(0.365115 1.56275 -4.79658e-20)
(0.364738 1.49505 -3.06666e-20)
(0.382878 1.41614 -2.43314e-20)
(0.379427 1.44504 5.4596e-21)
(0.458651 1.71054 0)
(0.744154 2.47271 8.82921e-21)
(0.811129 2.64317 0)
(0.789979 2.61758 0)
(0.737145 2.47925 0)
(0.637031 2.16192 6.27621e-19)
(0.438719 1.62885 -1.63944e-18)
(0.239365 1.09102 5.85741e-21)
(0.0818564 0.560901 1.16695e-18)
(0.00390722 -0.00189562 1.08188e-19)
(0.0410393 0.351786 1.01684e-19)
(0.196545 1.13652 -8.28484e-20)
(0.269399 1.54323 -6.19142e-20)
(0.289686 1.65998 4.96672e-20)
(0.296429 1.65888 3.50223e-20)
(0.296765 1.61933 2.49967e-20)
(0.299978 1.5556 0)
(0.283875 1.49465 -1.28175e-20)
(0.292733 1.40463 -7.55381e-21)
(0.291931 1.41244 1.62237e-20)
(0.269107 1.61749 0)
(0.470389 2.34518 6.81989e-21)
(0.54388 2.67626 -1.76254e-20)
(0.492011 2.72685 0)
(0.453973 2.68382 0)
(0.392623 2.50361 -3.34302e-20)
(0.276516 2.1058 0)
(0.14502 1.60656 -2.70405e-20)
(0.0477428 0.957213 0)
(0.0133822 -0.0722554 0)
(0.0120002 0.149317 0)
(0.106235 0.883566 0)
(0.179475 1.4163 0)
(0.207821 1.61293 -1.22801e-33)
(0.219984 1.63932 9.20625e-34)
(0.223359 1.61531 0)
(0.231946 1.55222 0)
(0.212866 1.4968 0)
(0.219867 1.41302 0)
(0.223829 1.41848 0)
(0.16395 1.57689 0)
(0.283418 2.24042 0)
(0.363051 2.68653 0)
(0.316871 2.81143 0)
(0.273894 2.81267 0)
(0.237494 2.71737 0)
(0.165563 2.43594 0)
(0.071431 1.99873 0)
(0.0118426 1.24072 0)
(0.0111222 -0.113422 0)
(-0.00142216 0.0955201 0)
(0.0310455 0.747867 0)
(0.0903401 1.31747 0)
(0.12113 1.56207 0)
(0.143473 1.61495 0)
(0.152933 1.60439 0)
(0.167999 1.55232 0)
(0.164776 1.49866 0)
(0.164387 1.42582 0)
(0.17026 1.43559 0)
(0.111394 1.56426 0)
(0.171204 2.18872 0)
(0.249127 2.70356 0)
(0.201776 2.86828 0)
(0.164345 2.9035 0)
(0.136964 2.84779 0)
(0.0890249 2.61194 0)
(0.0256874 2.17491 0)
(-0.00626989 1.35867 0)
(0.0020508 -0.11968 0)
(-0.0110788 0.105933 0)
(-0.0155559 0.675923 0)
(0.0219562 1.24596 0)
(0.0457347 1.51378 0)
(0.074022 1.58453 0)
(0.0915696 1.58632 0)
(0.112407 1.54561 0)
(0.125133 1.49796 0)
(0.110008 1.4383 0)
(0.120468 1.44869 0)
(0.0705894 1.56175 0)
(0.0984375 2.15428 0)
(0.155701 2.71591 0)
(0.110876 2.92183 0)
(0.0838166 2.98108 0)
(0.0674503 2.94167 0)
(0.0351949 2.73611 0)
(0.00234388 2.32109 0)
(-0.0141705 1.357 0)
(-0.00359016 -0.087701 0)
(-0.0231543 0.155158 0)
(-0.0445731 0.675281 0)
(-0.0244182 1.19521 0)
(-0.00689325 1.46337 0)
(0.0243807 1.54676 0)
(0.0427202 1.55958 0)
(0.0659255 1.53018 0)
(0.0805565 1.49441 0)
(0.0612178 1.44865 0)
(0.0724614 1.45766 0)
(0.0361761 1.56068 0)
(0.0534 2.13047 0)
(0.0883559 2.72254 0)
(0.0493732 2.96034 0)
(0.0317745 3.0315 0)
(0.0192979 3.00385 0)
(-0.00296047 2.80874 0)
(-0.0286554 2.36834 0)
(-0.016382 1.3164 0)
(-0.00574112 -0.0311576 0)
(-0.03016 0.2376 0)
(-0.0586932 0.69969 0)
(-0.0491724 1.15822 0)
(-0.0335017 1.41064 0)
(-0.00507693 1.50405 0)
(0.0119195 1.52809 0)
(0.0329238 1.51372 0)
(0.0412483 1.48901 0)
(0.0316579 1.45684 0)
(0.02853 1.46625 0)
(0.00907911 1.55695 0)
(0.0199908 2.12183 0)
(0.042855 2.73564 0)
(0.0109803 2.98472 0)
(-0.00264427 3.06806 0)
(-0.0194962 3.04841 0)
(-0.0354948 2.85366 0)
(-0.0417958 2.35717 0)
(-0.0235742 1.20952 0)
(-0.00629603 0.0339495 0)
(-0.0296526 0.324366 0)
(-0.0604996 0.734619 0)
(-0.0581733 1.13224 0)
(-0.0428231 1.3623 0)
(-0.0192891 1.46231 0)
(-0.000195296 1.49592 0)
(0.0158577 1.50085 0)
(0.0232977 1.48178 0)
(0.0202232 1.46562 0)
(-0.00135621 1.47783 0)
(-0.0202859 1.56014 0)
(-0.0189489 2.10898 0)
(0.00603753 2.74799 0)
(-0.0226723 3.01212 0)
(-0.0316921 3.10414 0)
(-0.0451416 3.08331 0)
(-0.060852 2.85919 0)
(-0.0530384 2.3161 0)
(-0.0278329 1.04976 0)
(-0.00518622 0.0949447 0)
(-0.0244523 0.407933 0)
(-0.0534492 0.780128 0)
(-0.0572893 1.11817 0)
(-0.0437367 1.32474 0)
(-0.0237576 1.42654 0)
(-0.00267648 1.4667 0)
(0.0122147 1.48728 0)
(0.0226303 1.47631 0)
(0.019728 1.47866 0)
(-0.0118015 1.49758 0)
(-0.0451613 1.57166 0)
(-0.0564428 2.09472 0)
(-0.0259086 2.75458 0)
(-0.0564108 3.03139 0)
(-0.0596569 3.12336 0)
(-0.0681288 3.09601 0)
(-0.0668702 2.84673 0)
(-0.0563744 2.23937 0)
(-0.0224574 0.893065 0)
(-0.00360641 0.143295 0)
(-0.0176872 0.477706 0)
(-0.0415264 0.827627 0)
(-0.0488639 1.11388 0)
(-0.0387631 1.29696 0)
(-0.0197386 1.3958 0)
(0.000949948 1.44021 0)
(0.0213172 1.47112 0)
(0.0305781 1.47147 0)
(0.031954 1.4937 0)
(-0.000184418 1.52338 0)
(-0.0529701 1.59409 0)
(-0.0738345 2.08478 0)
(-0.0456531 2.76344 0)
(-0.0761152 3.04286 0)
(-0.0721601 3.13062 0)
(-0.0762688 3.08689 0)
(-0.0720785 2.81503 0)
(-0.0529623 2.13738 0)
(-0.014786 0.759012 0)
(-0.00210408 0.176824 0)
(-0.0113805 0.529168 0)
(-0.028026 0.867655 0)
(-0.0350274 1.11584 0)
(-0.0282619 1.27366 0)
(-0.00701647 1.36411 0)
(0.0146038 1.41091 0)
(0.0469454 1.44927 0)
(0.0577268 1.46396 0)
(0.0670324 1.50415 0)
(0.0461823 1.56024 0)
(-0.0370936 1.62909 0)
(-0.0745488 2.08175 0)
(-0.0487616 2.77214 0)
(-0.0773666 3.04871 0)
(-0.0711099 3.13127 0)
(-0.072667 3.0816 0)
(-0.0739541 2.77609 0)
(-0.044578 2.02409 0)
(-0.00937785 0.648423 0)
(-0.000883871 0.196203 0)
(-0.00560047 0.56083 0)
(-0.0147449 0.893185 0)
(-0.0178988 1.1171 0)
(-0.0109327 1.24928 0)
(0.0154176 1.32588 0)
(0.0421104 1.37186 0)
(0.0917869 1.41313 0)
(0.114575 1.44264 0)
(0.153162 1.50691 0)
(0.123128 1.60752 0)
(0.0208134 1.69648 0)
(-0.065967 2.08592 0)
(-0.0387676 2.77752 0)
(-0.0688035 3.05456 0)
(-0.0636934 3.13372 0)
(-0.066962 3.07303 0)
(-0.0571163 2.74499 0)
(-0.0380925 1.94282 0)
(-0.00123624 0.564559 0)
(0.000279429 0.202177 0)
(-0.000422232 0.573133 0)
(-0.00357151 0.901815 0)
(-0.00098629 1.10935 0)
(0.0112001 1.21687 0)
(0.0440293 1.27619 0)
(0.0788881 1.31746 0)
(0.145524 1.35699 0)
(0.181752 1.40222 0)
(0.256219 1.49796 0)
(0.210083 1.66803 0)
(0.102181 1.79722 0)
(-0.0515509 2.11452 0)
(-0.0242338 2.80013 0)
(-0.0639892 3.07399 0)
(-0.0631477 3.14265 0)
(-0.0725517 3.06698 0)
(-0.0467076 2.69762 0)
(-0.0360569 1.866 0)
(0.0122093 0.514502 0)
(0.00191663 0.19742 0)
(0.00357073 0.573025 0)
(0.00446325 0.897017 0)
(0.0144962 1.08508 0)
(0.0345584 1.17113 0)
(0.0736978 1.21346 0)
(0.119755 1.24604 0)
(0.197593 1.28096 0)
(0.256198 1.34125 0)
(0.341961 1.47783 0)
(0.283921 1.74786 0)
(0.160349 1.93245 0)
(-0.0619749 2.19268 0)
(-0.0385752 2.82588 0)
(-0.0869656 3.09751 0)
(-0.0837065 3.15495 0)
(-0.0983733 3.05098 0)
(-0.0781671 2.61094 0)
(-0.0370059 1.70532 0)
(0.0178496 0.485816 0)
(0.00298161 0.182467 0)
(0.00689565 0.561917 0)
(0.0113306 0.876959 0)
(0.0264359 1.04398 0)
(0.0531777 1.1102 0)
(0.0968008 1.13706 0)
(0.153398 1.15788 0)
(0.237017 1.18785 0)
(0.317491 1.26747 0)
(0.391878 1.4658 0)
(0.329011 1.8469 0)
(0.181179 2.10388 0)
(-0.0759119 2.308 0)
(-0.0740073 2.86337 0)
(-0.123151 3.12707 0)
(-0.124933 3.16455 0)
(-0.123992 3.02372 0)
(-0.124375 2.52271 0)
(-0.0358669 1.4553 0)
(0.0056205 0.454334 0)
(0.00357653 0.161124 0)
(0.0088322 0.542774 0)
(0.0147482 0.847909 0)
(0.0327074 0.992924 0)
(0.0626047 1.0414 0)
(0.108366 1.05298 0)
(0.170351 1.0602 0)
(0.255561 1.08607 0)
(0.343183 1.18986 0)
(0.403718 1.46397 0)
(0.34686 1.9533 0)
(0.197035 2.28878 0)
(-0.0359247 2.43049 0)
(-0.0912341 2.91077 0)
(-0.139453 3.15912 0)
(-0.151533 3.17757 0)
(-0.151169 2.99745 0)
(-0.139867 2.41364 0)
(-0.0233603 1.22812 0)
(-0.00566492 0.408972 0)
(0.00374728 0.137065 0)
(0.00848552 0.525395 0)
(0.0128627 0.818946 0)
(0.0298038 0.940125 0)
(0.0571275 0.970585 0)
(0.0990623 0.967261 0)
(0.15675 0.962188 0)
(0.235345 0.987526 0)
(0.310281 1.11534 0)
(0.382352 1.46231 0)
(0.327004 2.0554 0)
(0.21572 2.4421 0)
(0.0175545 2.58884 0)
(-0.120721 3.00514 0)
(-0.172355 3.21229 0)
(-0.210689 3.21756 0)
(-0.212501 2.93583 0)
(-0.127991 2.15221 0)
(-0.015363 1.05553 0)
(-0.00828324 0.354823 0)
(0.00325093 0.115579 0)
(0.00581294 0.515675 0)
(0.00610347 0.79777 0)
(0.0185039 0.897712 0)
(0.0368603 0.914968 0)
(0.0677326 0.898376 0)
(0.109385 0.883759 0)
(0.165462 0.906894 0)
(0.214154 1.05263 0)
(0.269557 1.46296 0)
(0.222458 2.13526 0)
(0.162829 2.5685 0)
(-0.0569582 2.80977 0)
(-0.217435 3.18314 0)
(-0.269988 3.30475 0)
(-0.290636 3.22413 0)
(-0.260604 2.80602 0)
(-0.0976887 1.77471 0)
(-0.0262251 0.919878 0)
(-0.00812685 0.291829 0)
(0.00195947 0.103534 0)
(0.00075903 0.519923 0)
(-0.00556668 0.793022 0)
(-0.00350801 0.876689 0)
(-0.000319484 0.882072 0)
(0.0107063 0.856958 0)
(0.023608 0.839621 0)
(0.0391646 0.865911 0)
(0.0461034 1.03383 0)
(0.0299962 1.48191 0)
(-0.00644911 2.19153 0)
(-0.0388566 2.72048 0)
(-0.282432 3.03248 0)
(-0.354783 3.29982 0)
(-0.38334 3.34792 0)
(-0.350863 3.14698 0)
(-0.228846 2.51588 0)
(-0.0561164 1.51205 0)
(-0.0278471 0.812336 0)
(-0.00698584 0.225692 0)
(0.000287025 0.104756 0)
(-0.00563487 0.545649 0)
(-0.0190509 0.81187 0)
(-0.0269364 0.887298 0)
(-0.0439649 0.891604 0)
(-0.0543821 0.863668 0)
(-0.0742448 0.846539 0)
(-0.105006 0.879122 0)
(-0.15365 1.06119 0)
(-0.228898 1.52321 0)
(-0.303849 2.2479 0)
(-0.325738 2.85662 0)
(-0.50428 3.1469 0)
(-0.501023 3.30886 0)
(-0.453849 3.2955 0)
(-0.374311 2.94998 0)
(-0.131245 2.04172 0)
(-0.0321884 1.34628 0)
(-0.0156003 0.739275 0)
(-0.0043053 0.175065 0)
(-0.00161907 0.12116 0)
(-0.0118418 0.590528 0)
(-0.0338425 0.859697 0)
(-0.0555127 0.931594 0)
(-0.0908989 0.932867 0)
(-0.125911 0.908512 0)
(-0.179096 0.898291 0)
(-0.253319 0.941005 0)
(-0.350669 1.13563 0)
(-0.46346 1.60486 0)
(-0.568188 2.31641 0)
(-0.572258 2.90691 0)
(-0.628191 3.14864 0)
(-0.576617 3.23736 0)
(-0.481162 3.1475 0)
(-0.261417 2.48376 0)
(-0.0558808 1.73201 0)
(-0.0160035 1.2501 0)
(-0.00635633 0.703833 0)
(-0.00247684 0.147272 0)
(-0.00295808 0.150653 0)
(-0.0160302 0.651674 0)
(-0.0431871 0.936561 0)
(-0.0742519 1.01597 0)
(-0.122369 1.02061 0)
(-0.175251 1.00265 0)
(-0.251439 1.00029 0)
(-0.354512 1.04793 0)
(-0.482362 1.23802 0)
(-0.617367 1.69149 0)
(-0.716561 2.37283 0)
(-0.701734 2.87826 0)
(-0.678803 3.06746 0)
(-0.553772 3.11959 0)
(-0.391839 2.81823 0)
(-0.10466 2.05289 0)
(-0.0179187 1.56825 0)
(0.00398279 1.2064 0)
(0.00114573 0.697726 0)
(-0.000232725 0.139431 0)
(-0.00366135 0.188172 0)
(-0.0179199 0.719666 0)
(-0.0482256 1.02158 0)
(-0.0867576 1.1083 0)
(-0.14502 1.11887 0)
(-0.211771 1.1107 0)
(-0.303445 1.12074 0)
(-0.422971 1.17781 0)
(-0.562617 1.36207 0)
(-0.695428 1.7831 0)
(-0.747097 2.40148 0)
(-0.725635 2.81299 0)
(-0.631462 2.96391 0)
(-0.433801 2.85914 0)
(-0.19377 2.39888 0)
(0.0011278 1.81474 0)
(0.0131552 1.50452 0)
(0.0204583 1.20126 0)
(0.00898902 0.717196 0)
(0.00167321 0.149541 0)
(-0.00367025 0.228125 0)
(-0.0167831 0.790664 0)
(-0.046004 1.12568 0)
(-0.0848848 1.23078 0)
(-0.142894 1.25166 0)
(-0.210487 1.25112 0)
(-0.301162 1.26831 0)
(-0.418224 1.32539 0)
(-0.553372 1.48806 0)
(-0.679285 1.84862 0)
(-0.731764 2.40251 0)
(-0.669712 2.71061 0)
(-0.470129 2.74099 0)
(-0.249248 2.5243 0)
(-0.0373654 2.09712 0)
(0.0529051 1.71797 0)
(0.0403378 1.50025 0)
(0.0303246 1.22396 0)
(0.0132404 0.760698 0)
(0.00272951 0.173398 0)
(-0.00335614 0.26479 0)
(-0.014496 0.850926 0)
(-0.0411602 1.21044 0)
(-0.079935 1.32618 0)
(-0.137768 1.35446 0)
(-0.205866 1.36195 0)
(-0.293584 1.38892 0)
(-0.402125 1.45252 0)
(-0.523347 1.60516 0)
(-0.612276 1.9232 0)
(-0.654199 2.36946 0)
(-0.486762 2.56498 0)
(-0.274357 2.4989 0)
(-0.0847853 2.27863 0)
(0.0502047 1.93627 0)
(0.0727097 1.70167 0)
(0.0541555 1.52659 0)
(0.0328745 1.28227 0)
(0.0128714 0.80716 0)
(0.00306287 0.202489 0)
(-0.00263186 0.296037 0)
(-0.010758 0.905576 0)
(-0.0313284 1.30507 0)
(-0.0631477 1.44855 0)
(-0.109988 1.48832 0)
(-0.165665 1.49983 0)
(-0.23561 1.52611 0)
(-0.319876 1.5809 0)
(-0.412292 1.70162 0)
(-0.466187 1.948 0)
(-0.456627 2.26303 0)
(-0.298788 2.37171 0)
(-0.127096 2.27854 0)
(0.00585603 2.09758 0)
(0.0727362 1.86665 0)
(0.0734981 1.70869 0)
(0.0495156 1.58307 0)
(0.0268525 1.34046 0)
(0.0107926 0.848674 0)
(0.00271014 0.230731 0)
(-0.00202911 0.318158 0)
(-0.00815282 0.939222 0)
(-0.0249861 1.35519 0)
(-0.0545113 1.50644 0)
(-0.0978142 1.54955 0)
(-0.149949 1.56446 0)
(-0.212919 1.59383 0)
(-0.284674 1.64944 0)
(-0.357895 1.75731 0)
(-0.388578 1.96355 0)
(-0.331794 2.21296 0)
(-0.175776 2.27413 0)
(-0.0359197 2.16546 0)
(0.0548398 2.01891 0)
(0.0739283 1.85361 0)
(0.0690843 1.73832 0)
(0.0394408 1.6324 0)
(0.0201652 1.38536 0)
(0.00812877 0.881507 0)
(0.0019826 0.253949 0)
(-0.000995676 0.338699 0)
(-0.00412512 0.978111 0)
(-0.0135491 1.4322 0)
(-0.0332199 1.61846 0)
(-0.0616839 1.67126 0)
(-0.0970299 1.68769 0)
(-0.137908 1.70949 0)
(-0.182959 1.74864 0)
(-0.226498 1.81752 0)
(-0.243885 1.94075 0)
(-0.196815 2.08515 0)
(-0.0918365 2.10864 0)
(-0.00945975 2.03123 0)
(0.0341668 1.94694 0)
(0.0529388 1.85649 0)
(0.0356041 1.79352 0)
(0.0205338 1.69297 0)
(0.00982427 1.42766 0)
(0.00397717 0.909399 0)
(0.000942256 0.273025 0)
(-0.25901 1.63254 1.74356e-22)
(0.410078 3.25914 -1.58907e-19)
(0.0965176 3.48381 2.52781e-19)
(0.207747 3.44742 0)
(0.17091 3.39662 0)
(0.165714 3.34689 -2.03796e-19)
(0.168249 3.32083 2.52312e-19)
(0.140416 3.27186 -2.65894e-19)
(0.121174 3.17084 5.30855e-21)
(0.110504 2.5658 4.14028e-19)
(-0.104421 2.3694 5.21199e-23)
(0.141156 3.31319 1.73711e-19)
(0.0142427 3.44799 0)
(0.104451 3.39814 0)
(0.0805488 3.35028 6.04571e-21)
(0.0865266 3.31026 4.50902e-19)
(0.0819038 3.27483 -2.69332e-19)
(0.0566203 3.23737 -5.04779e-21)
(0.0544129 3.07695 4.81778e-21)
(0.0017416 2.08007 0)
(-0.0274774 2.0968 2.49298e-20)
(0.0914123 3.15429 -2.70287e-20)
(0.031587 3.3536 0)
(0.0790657 3.32924 2.03146e-19)
(0.0579856 3.3047 -1.46403e-21)
(0.0593064 3.28179 -2.46187e-19)
(0.0497666 3.2667 -3.38582e-19)
(0.0342289 3.24399 -2.34482e-22)
(0.0428015 3.11622 4.99712e-21)
(-0.0162345 2.20834 0)
(-0.0396732 2.0364 3.62269e-20)
(0.030751 3.12783 0)
(-0.0101376 3.31404 -1.0947e-19)
(0.0260511 3.30985 -7.40027e-20)
(0.0196151 3.28614 9.15937e-21)
(0.026219 3.26216 -1.77062e-19)
(0.0304282 3.24493 1.52613e-19)
(0.0235233 3.23257 -5.8267e-21)
(0.0433701 3.12339 7.80912e-21)
(0.0078206 2.24827 2.05731e-19)
(-0.0463424 2.03326 -6.3607e-20)
(0.0162925 3.09521 0)
(-0.00456689 3.26983 2.50728e-19)
(0.0157933 3.26321 -1.4264e-19)
(0.0162007 3.24887 -7.25039e-22)
(0.0194747 3.23719 -7.35849e-21)
(0.0223005 3.23337 -1.53678e-20)
(0.0230777 3.22318 -2.13432e-19)
(0.043785 3.12619 5.81894e-21)
(-0.00308112 2.31095 -4.35211e-19)
(-0.0522228 2.0882 0)
(-0.00809123 3.08854 -1.52392e-19)
(-0.0271596 3.24522 2.21332e-20)
(-0.0126408 3.24802 -1.08266e-20)
(-0.00376256 3.23293 1.11228e-20)
(0.00443456 3.22018 1.86434e-19)
(0.0173135 3.21033 1.97747e-19)
(0.0217659 3.20515 4.24444e-19)
(0.0429062 3.12362 2.3878e-19)
(0.0108907 2.35355 -1.64393e-20)
(-0.0481781 2.14617 0)
(-0.0184376 3.08451 1.57637e-19)
(-0.017883 3.21486 -1.67543e-19)
(-0.0105299 3.2131 -1.2121e-20)
(0.000640349 3.20256 2.52038e-20)
(0.00844779 3.19557 3.77324e-22)
(0.0165371 3.19575 -1.37493e-20)
(0.022195 3.19052 -2.24124e-19)
(0.0426641 3.12083 -2.32691e-19)
(0.00381777 2.4193 -1.71181e-20)
(-0.0499317 2.22758 1.94356e-19)
(-0.0281647 3.08535 -9.01979e-21)
(-0.0315476 3.19466 6.24037e-21)
(-0.0230556 3.19601 0)
(-0.012731 3.18588 0)
(-0.0010793 3.17824 0)
(0.0141047 3.17122 0)
(0.0209616 3.16932 2.59558e-19)
(0.0410995 3.11261 -2.68915e-19)
(0.0155718 2.46371 2.62712e-19)
(-0.0446318 2.31005 2.55066e-20)
(-0.0324989 3.08682 2.1819e-19)
(-0.0203448 3.16996 0)
(-0.0145058 3.16552 -1.45171e-20)
(-0.00389531 3.15765 1.48494e-20)
(0.00556042 3.15296 0)
(0.0144999 3.15451 -8.16501e-21)
(0.0207787 3.15248 -2.51865e-19)
(0.0403198 3.109 2.69874e-19)
(0.0103348 2.53288 0)
(-0.0450118 2.40139 1.74424e-20)
(-0.0363961 3.08547 -3.37119e-19)
(-0.030317 3.14989 0)
(-0.0225145 3.14709 0)
(-0.0135361 3.13934 1.63118e-20)
(-0.00217081 3.13393 -1.3903e-19)
(0.0121575 3.12858 -1.72708e-20)
(0.0193322 3.1294 1.49087e-19)
(0.0384188 3.09615 0)
(0.0193798 2.58104 0)
(-0.0387259 2.49341 -3.57691e-19)
(-0.038103 3.08361 1.2094e-19)
(-0.0201669 3.12442 0)
(-0.0130281 3.11617 0)
(-0.00354558 3.10943 0)
(0.00563657 3.10633 2.88853e-19)
(0.0139377 3.10913 0)
(0.0201397 3.11042 -1.59134e-19)
(0.0379838 3.09043 9.90739e-21)
(0.0148384 2.65373 1.69517e-19)
(-0.0386374 2.58691 1.29361e-19)
(-0.0404816 3.07413 -1.27293e-20)
(-0.0300433 3.10105 1.54075e-19)
(-0.0213181 3.09504 1.50111e-19)
(-0.0124321 3.08854 0)
(-0.000863366 3.08447 -1.49595e-19)
(0.012979 3.08092 0)
(0.0211551 3.08458 0)
(0.0383661 3.07221 0)
(0.0224189 2.70643 -1.70304e-19)
(-0.0342662 2.68066 -1.41763e-19)
(-0.0428155 3.06369 1.46596e-19)
(-0.023052 3.07211 -1.45326e-19)
(-0.0131138 3.06199 -2.30647e-19)
(-0.0028923 3.05683 0)
(0.00723204 3.05526 2.0742e-20)
(0.0163668 3.05911 -1.05759e-20)
(0.0247616 3.06293 7.95903e-20)
(0.0417798 3.06157 9.87348e-20)
(0.0207224 2.78036 -1.01764e-19)
(-0.0352016 2.77032 1.45424e-19)
(-0.0468912 3.04327 -1.40722e-19)
(-0.0330453 3.04546 1.01308e-20)
(-0.0208762 3.04036 5.91271e-20)
(-0.011021 3.0364 -8.60401e-20)
(0.000290311 3.03405 0)
(0.0142582 3.03163 9.26086e-20)
(0.0257375 3.03564 4.95075e-21)
(0.0445445 3.03665 -1.92339e-19)
(0.0287556 2.83262 -6.55035e-21)
(-0.0290014 2.85711 -4.28467e-20)
(-0.0436816 3.02322 1.03738e-20)
(-0.0227973 3.01808 -5.39776e-20)
(-0.0110129 3.01452 2.21144e-20)
(-0.00219054 3.01409 1.05016e-19)
(0.00628717 3.01347 -4.48623e-20)
(0.0139881 3.0146 -4.40491e-20)
(0.0232922 3.01684 -4.58979e-20)
(0.0419017 3.02176 9.93302e-20)
(0.0247126 2.90026 4.80095e-20)
(-0.0178744 2.93848 3.44261e-20)
(-0.0261859 2.99909 1.52353e-20)
(-0.016274 3.00047 2.97127e-20)
(-0.00940224 3.0017 -6.09108e-20)
(-0.00411436 3.00264 2.06473e-20)
(0.000636247 3.00218 4.18254e-20)
(0.00577968 3.0006 -4.36316e-20)
(0.0107582 2.99896 -4.57748e-20)
(0.0217914 2.99721 6.26187e-21)
(0.0165856 2.94917 4.43154e-20)
)
;

boundaryField
{
    wall-4
    {
        type            noSlip;
    }
    pressure-outlet-7
    {
        type            zeroGradient;
    }
    velocity-inlet-6
    {
        type            fixedValue;
        value           uniform (0 3 0);
    }
    velocity-inlet-5
    {
        type            fixedValue;
        value           uniform (1 0 0);
    }
    frontAndBackPlanes
    {
        type            empty;
    }
}


// ************************************************************************* //
