/*--------------------------------*- C++ -*----------------------------------*\
  =========                 |
  \\      /  F ield         | OpenFOAM: The Open Source CFD Toolbox
   \\    /   O peration     | Website:  https://openfoam.org
    \\  /    A nd           | Version:  9
     \\/     M anipulation  |
\*---------------------------------------------------------------------------*/
FoamFile
{
    format      ascii;
    class       volVectorField;
    location    "24";
    object      U;
}
// * * * * * * * * * * * * * * * * * * * * * * * * * * * * * * * * * * * * * //

dimensions      [0 1 -1 0 0 0 0];

internalField   nonuniform List<vector> 
2200
(
(0.878865 -0.0304119 0)
(1.0058 -0.0512853 0)
(1.00327 -0.0353856 0)
(1.00021 -0.0244079 0)
(0.999827 -0.0166044 0)
(1.00002 -0.0106135 0)
(1 -0.00672821 0)
(0.99992 -0.00416675 0)
(0.999881 -0.0022769 0)
(1.00016 -0.000764037 0)
(1.00004 0.0010146 0)
(0.999893 0.00253173 0)
(0.99993 0.00440043 0)
(1 0.00694476 0)
(1.00003 0.0107542 0)
(0.999792 0.0166988 0)
(1.00022 0.024485 0)
(1.00337 0.0353911 0)
(1.00583 0.0513156 0)
(0.878894 0.0304249 0)
(0.711973 -0.0327568 0)
(0.996641 -0.0629975 0)
(1.0334 -0.0561662 0)
(1.02506 -0.0464665 0)
(1.0161 -0.0361375 0)
(1.00975 -0.0264006 0)
(1.00587 -0.0182096 0)
(1.00368 -0.0114899 0)
(1.00256 -0.00611028 0)
(1.00206 -0.00170911 0)
(1.00208 0.00238623 0)
(1.00252 0.00673925 0)
(1.00359 0.0120089 0)
(1.00575 0.0186201 0)
(1.00959 0.0268081 0)
(1.01602 0.0365484 0)
(1.02495 0.0468234 0)
(1.03315 0.0565816 0)
(0.996502 0.063164 0)
(0.711729 0.0328217 0)
(0.535615 -0.0238793 0)
(0.969931 -0.056886 0)
(1.05626 -0.0546806 0)
(1.05209 -0.0487922 0)
(1.03619 -0.0406179 0)
(1.02436 -0.032622 0)
(1.0158 -0.024358 0)
(1.01041 -0.0163766 0)
(1.00731 -0.00898823 0)
(1.00594 -0.00240711 0)
(1.00586 0.00366036 0)
(1.00713 0.0101685 0)
(1.01025 0.0174011 0)
(1.01558 0.0253184 0)
(1.02422 0.0334298 0)
(1.03599 0.0412237 0)
(1.05182 0.0492926 0)
(1.05606 0.0546374 0)
(0.969361 0.0572234 0)
(0.534816 0.0239247 0)
(0.392598 -0.0135892 0)
(0.911914 -0.0462329 0)
(1.05747 -0.0467362 0)
(1.06919 -0.0439313 0)
(1.05449 -0.0378561 0)
(1.03935 -0.0313448 0)
(1.02772 -0.0245316 0)
(1.01908 -0.0174559 0)
(1.01339 -0.01015 0)
(1.01064 -0.00272726 0)
(1.01052 0.0045297 0)
(1.01313 0.0118909 0)
(1.01869 0.0190434 0)
(1.02735 0.0258621 0)
(1.03873 0.0324168 0)
(1.05381 0.0387609 0)
(1.06845 0.0446892 0)
(1.05637 0.0474697 0)
(0.91069 0.0465311 0)
(0.391099 0.0136813 0)
(0.308481 -0.00442426 0)
(0.847348 -0.0322157 0)
(1.04964 -0.0396534 0)
(1.07938 -0.0378752 0)
(1.06778 -0.0329483 0)
(1.05127 -0.027232 0)
(1.03826 -0.022134 0)
(1.0283 -0.0163161 0)
(1.02131 -0.00972266 0)
(1.01748 -0.00251216 0)
(1.01735 0.00491072 0)
(1.02095 0.0119826 0)
(1.02772 0.0183481 0)
(1.03728 0.0239154 0)
(1.05028 0.0287494 0)
(1.06675 0.0342749 0)
(1.07815 0.0389639 0)
(1.04803 0.0406021 0)
(0.844842 0.0326106 0)
(0.30606 0.00453433 0)
(0.265394 9.73485e-05 0)
(0.789655 -0.0198521 0)
(1.03365 -0.0312295 0)
(1.08392 -0.0318754 0)
(1.07742 -0.0284403 0)
(1.06055 -0.0234274 0)
(1.04689 -0.019037 0)
(1.0361 -0.0142274 0)
(1.02834 -0.0086118 0)
(1.02403 -0.00200402 0)
(1.0238 0.00524449 0)
(1.02769 0.0115489 0)
(1.03504 0.0167675 0)
(1.04578 0.0211888 0)
(1.05927 0.0253872 0)
(1.07598 0.0300251 0)
(1.08218 0.0331443 0)
(1.03116 0.0322172 0)
(0.7858 0.0202822 0)
(0.26212 5.54708e-06 0)
(0.242006 0.00109788 0)
(0.740304 -0.0118854 0)
(1.01422 -0.0240859 0)
(1.08419 -0.0259702 0)
(1.0831 -0.0239379 0)
(1.0677 -0.0199999 0)
(1.0538 -0.0160333 0)
(1.04269 -0.0118132 0)
(1.0345 -0.00699352 0)
(1.02974 -0.00120158 0)
(1.02933 0.00527914 0)
(1.0334 0.0108029 0)
(1.0412 0.0152597 0)
(1.05198 0.0191713 0)
(1.06564 0.0225099 0)
(1.08082 0.0260557 0)
(1.08143 0.0276847 0)
(1.01023 0.0252831 0)
(0.734639 0.0124035 0)
(0.237697 -0.000982986 0)
(0.228567 0.00111336 0)
(0.699596 -0.00749007 0)
(0.994326 -0.0193822 0)
(1.08166 -0.0216405 0)
(1.08607 -0.0202101 0)
(1.07252 -0.0170941 0)
(1.05904 -0.0137771 0)
(1.04837 -0.00976051 0)
(1.04058 -0.00521646 0)
(1.03593 -8.4211e-07 0)
(1.0355 0.00531637 0)
(1.03939 0.0101823 0)
(1.04653 0.0141649 0)
(1.05642 0.0173726 0)
(1.06979 0.0203423 0)
(1.08288 0.0229286 0)
(1.07775 0.0237848 0)
(0.988521 0.0209148 0)
(0.69165 0.0081498 0)
(0.223035 -0.0009693 0)
(0.220054 0.000748687 0)
(0.665838 -0.00502716 0)
(0.974839 -0.0163534 0)
(1.07837 -0.018671 0)
(1.08806 -0.0173862 0)
(1.07605 -0.0148409 0)
(1.06269 -0.0117445 0)
(1.05252 -0.00797487 0)
(1.04509 -0.00373958 0)
(1.04056 0.000926715 0)
(1.03986 0.00531451 0)
(1.04313 0.00956222 0)
(1.04957 0.0131903 0)
(1.05956 0.0163734 0)
(1.07244 0.0188276 0)
(1.08366 0.0206665 0)
(1.07283 0.0213522 0)
(0.966796 0.018204 0)
(0.655135 0.00581567 0)
(0.212987 -0.000560395 0)
(0.214546 0.00035755 0)
(0.640206 -0.002938 0)
(0.957777 -0.0126709 0)
(1.07572 -0.0151151 0)
(1.09042 -0.0140786 0)
(1.07921 -0.0120453 0)
(1.06557 -0.00942226 0)
(1.0551 -0.00607822 0)
(1.04749 -0.00224129 0)
(1.04284 0.00203019 0)
(1.04188 0.00609698 0)
(1.04496 0.00986962 0)
(1.05142 0.0128416 0)
(1.06086 0.0154456 0)
(1.0739 0.0168228 0)
(1.08459 0.0180879 0)
(1.06838 0.0184271 0)
(0.946874 0.0149094 0)
(0.626369 0.0039055 0)
(0.205663 -0.000118098 0)
(0.211649 0.000133062 0)
(0.623738 -0.00105824 0)
(0.943481 -0.00820571 0)
(1.07312 -0.0104571 0)
(1.09284 -0.00972664 0)
(1.0825 -0.00804673 0)
(1.06875 -0.00603506 0)
(1.05776 -0.00354115 0)
(1.04955 -0.000544542 0)
(1.04442 0.00309834 0)
(1.04328 0.00692805 0)
(1.04639 0.00981573 0)
(1.0532 0.0119477 0)
(1.063 0.0129875 0)
(1.07627 0.0143556 0)
(1.08527 0.0151892 0)
(1.06315 0.0147004 0)
(0.928625 0.0109114 0)
(0.605719 0.00227226 0)
(0.200297 0.000126781 0)
(0.21078 -4.55128e-05 0)
(0.614497 8.83166e-06 0)
(0.932183 -0.00432594 0)
(1.07068 -0.00650118 0)
(1.09524 -0.00612402 0)
(1.08607 -0.00443788 0)
(1.07258 -0.00245804 0)
(1.06166 -0.000379071 0)
(1.05318 0.00206157 0)
(1.04766 0.00480353 0)
(1.04613 0.00780391 0)
(1.04891 0.00962255 0)
(1.05537 0.0106971 0)
(1.06531 0.0115145 0)
(1.07788 0.0120072 0)
(1.08515 0.0121424 0)
(1.05756 0.0111391 0)
(0.91384 0.00747511 0)
(0.592848 0.00134866 0)
(0.196755 0.000224371 0)
(0.211262 -0.000102624 0)
(0.611541 0.000753464 0)
(0.925664 -0.0014708 0)
(1.06881 -0.00331187 0)
(1.09714 -0.00303392 0)
(1.08923 -0.00167191 0)
(1.07609 -7.33722e-05 0)
(1.06546 0.0018694 0)
(1.05729 0.0042384 0)
(1.05181 0.00660529 0)
(1.04973 0.00905503 0)
(1.05154 0.0103459 0)
(1.05688 0.0111792 0)
(1.06551 0.011662 0)
(1.07755 0.0110787 0)
(1.08381 0.0107669 0)
(1.05134 0.0094735 0)
(0.901097 0.00574094 0)
(0.583409 0.00121365 0)
(0.193665 0.000278186 0)
(0.212751 0.000148785 0)
(0.611733 0.0011275 0)
(0.920984 0.000301797 0)
(1.06717 -0.000960695 0)
(1.09829 -0.000622952 0)
(1.09096 0.000509889 0)
(1.07787 0.00199055 0)
(1.06715 0.00402529 0)
(1.05895 0.0063733 0)
(1.05335 0.00879557 0)
(1.0508 0.0110104 0)
(1.052 0.0121041 0)
(1.05695 0.0123438 0)
(1.06505 0.01208 0)
(1.07647 0.0110281 0)
(1.08129 0.0101793 0)
(1.04507 0.00831801 0)
(0.890827 0.0047283 0)
(0.576461 0.00126803 0)
(0.190909 0.00030338 0)
(0.215675 0.000408236 0)
(0.613659 0.0015449 0)
(0.919749 0.00205501 0)
(1.06648 0.00153789 0)
(1.09907 0.00200465 0)
(1.09219 0.00289913 0)
(1.07921 0.00410332 0)
(1.06833 0.00604825 0)
(1.05981 0.00838509 0)
(1.05374 0.0110104 0)
(1.05062 0.0131082 0)
(1.05126 0.0141049 0)
(1.05587 0.0139222 0)
(1.06371 0.0129796 0)
(1.07449 0.0117917 0)
(1.07776 0.0103611 0)
(1.03858 0.00792593 0)
(0.881485 0.0042825 0)
(0.569748 0.00132652 0)
(0.187919 0.000307297 0)
(0.219116 0.000432075 0)
(0.617649 0.00205475 0)
(0.920804 0.00352599 0)
(1.06652 0.00339 0)
(1.10039 0.00383741 0)
(1.09425 0.00487823 0)
(1.08173 0.00641415 0)
(1.07099 0.00872179 0)
(1.0622 0.0112997 0)
(1.05539 0.0142122 0)
(1.05127 0.0162315 0)
(1.05079 0.0171162 0)
(1.05433 0.016675 0)
(1.06125 0.0153289 0)
(1.07107 0.0133734 0)
(1.07263 0.0110133 0)
(1.03073 0.00777731 0)
(0.872236 0.00416781 0)
(0.563538 0.00150944 0)
(0.184965 0.000335115 0)
(0.224621 0.000533915 0)
(0.626148 0.00262978 0)
(0.924421 0.00482316 0)
(1.06746 0.00539744 0)
(1.10176 0.00585148 0)
(1.09682 0.00676132 0)
(1.08513 0.00863134 0)
(1.07488 0.0113542 0)
(1.06602 0.0144945 0)
(1.05855 0.0178389 0)
(1.05329 0.0198869 0)
(1.05155 0.0206098 0)
(1.05369 0.0198034 0)
(1.0594 0.0181594 0)
(1.06746 0.0157318 0)
(1.06718 0.0127729 0)
(1.02302 0.00907816 0)
(0.863613 0.0050846 0)
(0.556504 0.00203319 0)
(0.181192 0.000426885 0)
(0.22962 0.000630979 0)
(0.632774 0.00296272 0)
(0.928573 0.00576945 0)
(1.06916 0.00691119 0)
(1.10358 0.00771493 0)
(1.09966 0.00910436 0)
(1.0888 0.0115605 0)
(1.07876 0.0149568 0)
(1.0696 0.0188593 0)
(1.06125 0.0227322 0)
(1.05463 0.0249769 0)
(1.05154 0.0255209 0)
(1.05201 0.0244437 0)
(1.05619 0.0222465 0)
(1.06199 0.0191956 0)
(1.05937 0.0149884 0)
(1.01254 0.0103298 0)
(0.852409 0.00596852 0)
(0.54752 0.00258281 0)
(0.176356 0.000536471 0)
(0.237805 0.000849366 0)
(0.645958 0.00402492 0)
(0.937077 0.0079581 0)
(1.07251 0.0100569 0)
(1.10569 0.011215 0)
(1.10288 0.0128422 0)
(1.09288 0.0158717 0)
(1.08287 0.0198603 0)
(1.07302 0.0243089 0)
(1.06327 0.0284747 0)
(1.05503 0.0307169 0)
(1.05045 0.0306996 0)
(1.04945 0.028897 0)
(1.05199 0.0257906 0)
(1.05559 0.0219582 0)
(1.05077 0.0172931 0)
(1.0025 0.0123141 0)
(0.842285 0.00744544 0)
(0.537559 0.00324022 0)
(0.170403 0.000650484 0)
(0.246139 0.00111609 0)
(0.657857 0.00478638 0)
(0.945885 0.00962639 0)
(1.07733 0.0127171 0)
(1.10941 0.0151541 0)
(1.10742 0.0180662 0)
(1.09809 0.0219458 0)
(1.0879 0.0266641 0)
(1.07707 0.0317006 0)
(1.06569 0.0359657 0)
(1.05553 0.0378517 0)
(1.04899 0.0369523 0)
(1.04607 0.0342338 0)
(1.04651 0.0303428 0)
(1.04781 0.025539 0)
(1.04022 0.0198022 0)
(0.989036 0.0138961 0)
(0.826986 0.00851363 0)
(0.523811 0.00381225 0)
(0.162901 0.00075902 0)
(0.259148 0.00144392 0)
(0.677735 0.00669612 0)
(0.960536 0.0132421 0)
(1.08555 0.0177986 0)
(1.1154 0.0211888 0)
(1.11381 0.0249205 0)
(1.10466 0.0298033 0)
(1.09386 0.0353924 0)
(1.08159 0.0409241 0)
(1.06796 0.0450717 0)
(1.05519 0.0463121 0)
(1.04634 0.0442732 0)
(1.04149 0.0401924 0)
(1.03974 0.0348803 0)
(1.03866 0.028942 0)
(1.02901 0.0227545 0)
(0.976749 0.0165435 0)
(0.814616 0.0105976 0)
(0.510277 0.00467345 0)
(0.154585 0.000884853 0)
(0.274297 0.00201383 0)
(0.700705 0.00812021 0)
(0.978581 0.0166724 0)
(1.09713 0.0229431 0)
(1.12413 0.02818 0)
(1.12212 0.0339184 0)
(1.11243 0.0403457 0)
(1.1004 0.0468951 0)
(1.08616 0.052898 0)
(1.07003 0.0567732 0)
(1.05465 0.0568302 0)
(1.04316 0.0530752 0)
(1.0358 0.0474204 0)
(1.0317 0.0410653 0)
(1.02837 0.0341083 0)
(1.01605 0.0269071 0)
(0.959977 0.0196142 0)
(0.793007 0.0124996 0)
(0.489408 0.00554565 0)
(0.143536 0.00105911 0)
(0.295834 0.00288661 0)
(0.731715 0.011982 0)
(1.00235 0.0224655 0)
(1.11261 0.0309203 0)
(1.13612 0.037767 0)
(1.13293 0.045621 0)
(1.12181 0.0533014 0)
(1.10758 0.0610056 0)
(1.09048 0.0672951 0)
(1.0709 0.0704555 0)
(1.05181 0.0690125 0)
(1.0373 0.0636623 0)
(1.0279 0.0562922 0)
(1.02173 0.0480689 0)
(1.01631 0.0397189 0)
(1.00198 0.0314884 0)
(0.944054 0.0234201 0)
(0.776318 0.0154307 0)
(0.470647 0.00677838 0)
(0.13204 0.0011612 0)
(0.326411 0.00400381 0)
(0.773844 0.0148407 0)
(1.03387 0.0297069 0)
(1.13392 0.0408729 0)
(1.15264 0.0506567 0)
(1.14662 0.0608634 0)
(1.13249 0.070676 0)
(1.115 0.079349 0)
(1.0943 0.0855637 0)
(1.071 0.087731 0)
(1.04862 0.0844055 0)
(1.03115 0.0765531 0)
(1.0187 0.0669897 0)
(1.01006 0.0572619 0)
(1.00251 0.0475745 0)
(0.985367 0.0382323 0)
(0.921996 0.0286033 0)
(0.74495 0.0184419 0)
(0.438652 0.00776283 0)
(0.116084 0.00132386 0)
(0.363015 0.00790163 0)
(0.825228 0.0245643 0)
(1.07381 0.0419737 0)
(1.16067 0.0570804 0)
(1.17299 0.0685748 0)
(1.16273 0.0823005 0)
(1.14452 0.0932316 0)
(1.12277 0.102098 0)
(1.09752 0.107615 0)
(1.06942 0.107895 0)
(1.04227 0.101813 0)
(1.02114 0.0915338 0)
(1.00687 0.0800395 0)
(0.996438 0.0682382 0)
(0.986692 0.0568516 0)
(0.966567 0.0456126 0)
(0.898895 0.0342722 0)
(0.720073 0.022466 0)
(0.413382 0.00967341 0)
(0.101738 0.00126855 0)
(0.446573 0.0115093 0)
(0.904994 0.0346466 0)
(1.12633 0.0615889 0)
(1.19357 0.0798781 0)
(1.19885 0.0960995 7.86261e-35)
(1.18113 0.111534 -5.16216e-35)
(1.15719 0.122488 0)
(1.12983 0.130762 0)
(1.09928 0.134465 0)
(1.06639 0.13205 0)
(1.03567 0.122973 0)
(1.01175 0.109708 0)
(0.993733 0.095337 0)
(0.980382 0.0816382 0)
(0.968398 0.0686419 0)
(0.944456 0.0561714 0)
(0.868713 0.0427491 0)
(0.674475 0.0276434 0)
(0.362785 0.0101664 0)
(0.0784616 0.00101745 0)
(0.513928 0.0265159 -6.71274e-21)
(0.996132 0.058982 4.45414e-21)
(1.18345 0.0940037 0)
(1.22958 0.115848 1.17033e-21)
(1.22518 0.135084 -9.48319e-22)
(1.19912 0.150051 5.44632e-35)
(1.16875 0.159942 0)
(1.13524 0.166625 4.9306e-21)
(1.09889 0.167885 -1.76301e-20)
(1.06013 0.162499 3.88542e-21)
(1.02337 0.149878 0)
(0.994269 0.133026 -1.26732e-20)
(0.974329 0.116727 -1.5849e-20)
(0.958986 0.100843 2.78684e-20)
(0.943091 0.0858668 -2.24062e-20)
(0.912234 0.0704987 0)
(0.823628 0.053496 -8.59577e-21)
(0.615338 0.034398 0)
(0.313073 0.0147838 -4.64714e-20)
(0.0606716 0.00178181 5.49823e-20)
(0.543608 0.0548725 -1.00602e-23)
(1.0499 0.102295 -4.29168e-20)
(1.22775 0.145569 1.1636e-20)
(1.26243 0.164421 1.64452e-20)
(1.24904 0.183266 -1.29639e-21)
(1.21504 0.19622 2.86957e-21)
(1.1781 0.204299 0)
(1.13824 0.208921 0)
(1.09567 0.207649 2.76127e-20)
(1.05072 0.199269 0)
(1.00902 0.183354 4.35678e-20)
(0.97647 0.165195 1.35968e-20)
(0.950216 0.146659 3.33849e-22)
(0.928972 0.129458 -3.12695e-20)
(0.909518 0.113404 0)
(0.875059 0.098065 0)
(0.784099 0.0771156 -1.4494e-19)
(0.58364 0.0541518 3.63494e-19)
(0.300284 0.0245562 -2.15966e-19)
(0.0593027 0.00576213 -2.56061e-19)
(0.546935 0.0787274 7.66045e-20)
(1.07931 0.160161 -2.245e-20)
(1.26054 0.207673 -5.86888e-21)
(1.28872 0.223923 -3.18062e-20)
(1.2677 0.239746 1.37517e-20)
(1.22719 0.248665 -2.44914e-21)
(1.18428 0.253404 4.84771e-21)
(1.13846 0.254893 0)
(1.08987 0.250547 -5.72367e-20)
(1.03888 0.239218 6.35093e-20)
(0.991312 0.221441 -1.19118e-19)
(0.952585 0.200059 5.80948e-20)
(0.924164 0.180263 -4.28368e-20)
(0.90171 0.162358 9.37976e-20)
(0.878671 0.145957 0)
(0.84214 0.12968 -3.68447e-20)
(0.754914 0.109013 0)
(0.570121 0.0768454 2.08647e-19)
(0.304176 0.0413103 -4.95182e-19)
(0.0707446 0.00957154 3.10701e-19)
(0.535806 0.110982 -3.65561e-19)
(1.09413 0.218842 1.45973e-19)
(1.28035 0.274465 2.36081e-20)
(1.30628 0.288605 0)
(1.28009 0.301007 1.69528e-20)
(1.23479 0.305089 -1.8165e-20)
(1.18681 0.305877 -5.08889e-21)
(1.13562 0.303599 0)
(1.0816 0.295647 4.03968e-20)
(1.02539 0.280695 -4.36249e-20)
(0.972528 0.258671 1.04816e-19)
(0.930098 0.235377 0)
(0.897038 0.215144 -9.02646e-20)
(0.869997 0.197284 4.96733e-20)
(0.846451 0.180942 1.35168e-19)
(0.812282 0.165102 -1.18962e-19)
(0.731917 0.142097 1.96418e-19)
(0.563243 0.105214 -4.36121e-19)
(0.316963 0.0597642 2.76677e-19)
(0.0829929 0.0161762 -3.4685e-19)
(0.519646 0.135122 2.26512e-19)
(1.09716 0.273763 -1.66952e-19)
(1.29027 0.34163 7.37923e-20)
(1.31545 0.354059 -1.00967e-19)
(1.28569 0.363369 6.76307e-20)
(1.23717 0.363052 -1.09693e-20)
(1.18528 0.359962 3.66288e-21)
(1.12978 0.353705 -2.67101e-20)
(1.07133 0.34179 -4.03839e-20)
(1.01042 0.32316 -9.39296e-20)
(0.953816 0.298566 -2.26319e-19)
(0.909034 0.274513 -7.62405e-20)
(0.875012 0.252639 2.64539e-21)
(0.848546 0.233913 -1.79454e-19)
(0.822499 0.216772 -6.34415e-21)
(0.787059 0.198704 1.74954e-19)
(0.711875 0.174066 -5.44108e-20)
(0.557748 0.133377 -3.17261e-20)
(0.32659 0.0792238 0)
(0.0916127 0.0228781 7.45038e-19)
(0.500353 0.156352 0)
(1.08845 0.324116 5.19392e-20)
(1.29204 0.405719 3.60959e-20)
(1.31844 0.418063 -1.22595e-20)
(1.28618 0.425206 -8.25146e-20)
(1.23521 0.420858 1.69317e-20)
(1.18031 0.414077 1.90655e-21)
(1.12156 0.403887 4.80117e-20)
(1.05964 0.388103 -2.43323e-20)
(0.994847 0.365451 4.10554e-20)
(0.934076 0.337403 1.22157e-19)
(0.884536 0.308776 1.68933e-19)
(0.846756 0.284774 -1.05676e-19)
(0.81705 0.264933 1.94949e-19)
(0.794736 0.24813 -1.56639e-19)
(0.765298 0.232224 0)
(0.698698 0.207211 -4.16932e-19)
(0.555394 0.162048 5.6049e-19)
(0.332814 0.098063 4.23765e-20)
(0.0968341 0.0291497 -7.90859e-19)
(0.485097 0.177146 -5.43839e-21)
(1.07932 0.373381 -3.54696e-19)
(1.28892 0.467155 -2.72014e-19)
(1.31626 0.479613 2.26334e-19)
(1.2819 0.485109 -4.86566e-20)
(1.22932 0.477334 2.59725e-20)
(1.17227 0.46722 -8.75145e-21)
(1.11091 0.453389 -3.88656e-21)
(1.04569 0.43401 -8.53616e-20)
(0.977133 0.407891 6.47067e-22)
(0.913475 0.376639 -1.33539e-19)
(0.864931 0.346917 -1.80362e-19)
(0.830161 0.322692 1.1907e-19)
(0.804047 0.302601 -7.01605e-20)
(0.776806 0.284313 1.70723e-19)
(0.743109 0.263763 0)
(0.678112 0.236746 -2.58846e-19)
(0.543587 0.188443 3.82866e-19)
(0.331737 0.114732 7.32764e-19)
(0.0978867 0.034193 -8.59954e-19)
(0.469974 0.194856 -6.75719e-19)
(1.0649 0.418122 3.41329e-19)
(1.28188 0.5248 2.65426e-19)
(1.31055 0.538141 -2.4572e-19)
(1.27451 0.542588 1.12242e-20)
(1.22071 0.531775 7.041e-20)
(1.16193 0.518728 -1.91513e-21)
(1.0985 0.501626 -1.79242e-20)
(1.0309 0.47884 -5.30521e-20)
(0.960234 0.449052 9.24253e-20)
(0.89479 0.413395 1.26089e-19)
(0.842698 0.380143 2.82818e-19)
(0.802448 0.351933 0)
(0.770312 0.327934 5.59547e-21)
(0.749451 0.308689 -4.75214e-19)
(0.723746 0.293354 1.0923e-19)
(0.666191 0.26519 5.56886e-19)
(0.535492 0.212356 -1.63603e-19)
(0.32362 0.129428 3.47412e-19)
(0.0955971 0.037173 -2.90058e-20)
(0.460701 0.213865 6.17623e-21)
(1.05316 0.462153 3.16486e-19)
(1.27263 0.580054 2.01916e-19)
(1.30189 0.593986 -4.3958e-19)
(1.26428 0.597142 2.7901e-19)
(1.20975 0.583672 -8.7315e-20)
(1.1497 0.568141 -1.41714e-21)
(1.08468 0.548163 3.80546e-20)
(1.01504 0.522306 9.32337e-20)
(0.941798 0.489223 -1.19304e-19)
(0.873873 0.450921 0)
(0.820932 0.414855 -1.11747e-19)
(0.78445 0.38529 1.28295e-19)
(0.759154 0.362515 1.72937e-19)
(0.732244 0.343591 -9.91872e-20)
(0.700945 0.319513 -2.50789e-19)
(0.642458 0.289881 -7.61843e-20)
(0.518495 0.230532 -1.21138e-21)
(0.312631 0.139235 0)
(0.0908787 0.0397748 0)
(0.451965 0.229307 -3.35043e-19)
(1.03952 0.502473 0)
(1.26131 0.631696 2.31626e-19)
(1.29135 0.646907 -1.06793e-19)
(1.25255 0.648966 -2.89912e-19)
(1.19747 0.632927 8.00363e-20)
(1.13635 0.615233 -7.48405e-21)
(1.07001 0.592704 -1.72522e-20)
(0.998723 0.564129 5.82094e-20)
(0.923314 0.527846 -4.93651e-20)
(0.85287 0.485326 7.08647e-20)
(0.798464 0.444962 3.49055e-19)
(0.758178 0.413034 1.34924e-20)
(0.724406 0.385842 -1.76518e-19)
(0.703474 0.362221 3.41339e-19)
(0.680845 0.344346 4.50688e-21)
(0.628614 0.310518 8.15085e-20)
(0.504582 0.248273 -3.9551e-19)
(0.300288 0.146781 4.00821e-19)
(0.0851013 0.0414213 -4.78934e-19)
(0.445506 0.248412 3.40151e-23)
(1.02766 0.541908 0)
(1.24922 0.680839 0)
(1.27937 0.697115 9.95664e-20)
(1.23954 0.697868 1.13847e-19)
(1.18409 0.679469 -6.60909e-20)
(1.12208 0.659903 4.10229e-20)
(1.05466 0.635177 0)
(0.98175 0.604311 -9.52936e-20)
(0.904251 0.565404 1.74492e-19)
(0.831791 0.520032 2.16615e-19)
(0.775657 0.477548 -1.31663e-19)
(0.735292 0.441573 -1.65339e-19)
(0.711705 0.413489 3.91061e-19)
(0.686261 0.390489 -1.20751e-19)
(0.656806 0.364122 -1.46669e-19)
(0.602207 0.329543 -8.97253e-20)
(0.483496 0.259998 -4.29006e-19)
(0.286251 0.15216 6.05405e-20)
(0.0786791 0.0419369 5.20384e-19)
(0.441749 0.267204 -1.34099e-19)
(1.01589 0.578387 -2.11924e-19)
(1.23631 0.726514 2.36306e-20)
(1.2667 0.744459 4.54206e-23)
(1.22612 0.744193 3.67917e-20)
(1.17034 0.723558 -1.77568e-19)
(1.10748 0.702218 0)
(1.03902 0.675517 1.45483e-20)
(0.964563 0.642515 -1.14716e-20)
(0.884962 0.6009 2.75526e-19)
(0.809509 0.552323 -5.43329e-20)
(0.75082 0.505706 6.03408e-20)
(0.710774 0.467268 0)
(0.67602 0.434542 -2.13526e-19)
(0.656606 0.40716 2.66233e-19)
(0.635638 0.385001 0)
(0.585548 0.343235 -1.96268e-19)
(0.465209 0.27166 5.74143e-19)
(0.271079 0.155605 6.82323e-20)
(0.0718658 0.0414738 -6.44594e-19)
(0.439772 0.284209 -2.97967e-19)
(1.00589 0.613738 3.8239e-19)
(1.22344 0.769748 0)
(1.25359 0.789109 2.48162e-19)
(1.21234 0.787849 0)
(1.1563 0.765222 1.65768e-19)
(1.09265 0.742279 0)
(1.02323 0.713831 0)
(0.947353 0.679126 -3.33736e-20)
(0.865472 0.636004 -2.68659e-19)
(0.787493 0.585497 -4.03024e-19)
(0.727488 0.535481 7.63772e-20)
(0.685159 0.492715 2.85902e-19)
(0.66156 0.45924 2.40315e-19)
(0.637003 0.431206 -8.54356e-19)
(0.60906 0.398108 -3.53086e-19)
(0.55672 0.358907 2.05296e-19)
(0.440892 0.277708 0)
(0.254382 0.156947 5.90805e-19)
(0.0645272 0.0400215 -6.9922e-19)
(0.438334 0.299964 3.28786e-19)
(0.995632 0.646148 -4.20483e-19)
(1.21038 0.809635 0)
(1.24034 0.830832 -1.02825e-20)
(1.19857 0.828984 -1.01962e-19)
(1.14234 0.804673 0)
(1.07806 0.780252 -1.31903e-20)
(1.00782 0.750161 2.07265e-20)
(0.930618 0.713925 -4.18789e-20)
(0.847233 0.668563 2.6447e-20)
(0.767794 0.613809 0)
(0.70515 0.561423 3.05384e-19)
(0.660624 0.516607 4.04888e-21)
(0.624465 0.476057 1.30554e-19)
(0.605417 0.441097 1.5738e-19)
(0.586555 0.415672 0)
(0.538108 0.364905 -3.46095e-19)
(0.420579 0.283269 6.78547e-19)
(0.237174 0.156098 -7.21782e-19)
(0.0573814 0.0376734 1.51714e-18)
(0.43716 0.314924 0)
(0.986654 0.677811 0)
(1.1978 0.847389 -2.31277e-19)
(1.22711 0.869981 0)
(1.18484 0.867492 0)
(1.1285 0.841784 2.39466e-19)
(1.06371 0.816143 -1.68849e-20)
(0.99269 0.784622 1.70407e-20)
(0.914142 0.747107 -2.86559e-21)
(0.828008 0.700623 0)
(0.743396 0.64677 -6.48245e-20)
(0.677619 0.591669 -2.5312e-19)
(0.632555 0.539077 -3.17818e-19)
(0.608222 0.497877 -1.32041e-19)
(0.585094 0.463121 1.73198e-19)
(0.557927 0.422402 -4.11328e-19)
(0.507344 0.376152 7.48963e-19)
(0.393653 0.283885 6.35154e-21)
(0.219369 0.153122 -6.98014e-19)
(0.0503686 0.034815 -1.03521e-19)
(0.435874 0.329513 0)
(0.977465 0.707036 -3.28148e-19)
(1.18525 0.882238 2.58082e-19)
(1.21401 0.906436 0)
(1.17134 0.903554 0)
(1.11497 0.876723 -5.29805e-19)
(1.04983 0.850058 0)
(0.978219 0.817395 0)
(0.898618 0.778834 -7.09986e-20)
(0.811543 0.731718 5.13907e-20)
(0.727727 0.674515 -5.17451e-19)
(0.659086 0.614571 0)
(0.608141 0.563799 -3.45873e-19)
(0.567969 0.513961 1.14899e-20)
(0.548812 0.468796 -5.54231e-19)
(0.532586 0.434557 2.22911e-19)
(0.487253 0.372649 3.51471e-21)
(0.374723 0.281977 -7.98831e-19)
(0.203321 0.148821 3.79012e-19)
(0.0450465 0.0319758 1.10754e-19)
(0.434664 0.343648 0)
(0.969452 0.73567 -3.8727e-19)
(1.17333 0.915425 2.74867e-19)
(1.20123 0.940696 5.76515e-19)
(1.15815 0.937201 1.16381e-19)
(1.10181 0.909384 -8.06893e-20)
(1.03647 0.881951 4.97836e-20)
(0.964492 0.84828 -8.84562e-20)
(0.884061 0.808856 7.59482e-20)
(0.794985 0.760554 3.14604e-19)
(0.704466 0.702849 4.29135e-19)
(0.629831 0.643613 8.26652e-20)
(0.57708 0.584891 5.02029e-19)
(0.549014 0.533909 3.26115e-19)
(0.52517 0.488647 4.00211e-19)
(0.500536 0.431795 -2.49701e-19)
(0.454102 0.376953 -2.95004e-19)
(0.347325 0.27465 3.46603e-19)
(0.186117 0.139798 -2.04832e-19)
(0.0414956 0.0315542 3.61598e-19)
(0.433371 0.357314 5.09586e-19)
(0.961249 0.761881 6.15086e-19)
(1.16148 0.94601 1.51084e-19)
(1.18871 0.97255 1.61617e-20)
(1.14535 0.968631 -4.04719e-19)
(1.08912 0.940001 1.5352e-19)
(1.02365 0.911876 -5.7038e-20)
(0.951275 0.877448 -2.15031e-20)
(0.869801 0.837597 -6.70379e-20)
(0.778288 0.789111 -3.51573e-19)
(0.686267 0.731666 2.5712e-20)
(0.610459 0.669354 0)
(0.553995 0.611358 0)
(0.505323 0.551913 -1.65862e-19)
(0.481808 0.489901 -6.59448e-19)
(0.467643 0.439949 5.41825e-19)
(0.432532 0.354274 3.30622e-19)
(0.34128 0.253978 0)
(0.191203 0.118635 6.53859e-19)
(0.0360582 0.0116432 -3.90878e-19)
(0.432217 0.370248 -2.72286e-19)
(0.954039 0.787466 2.35604e-19)
(1.15032 0.975266 -3.36931e-19)
(1.17668 1.00258 -3.62683e-19)
(1.13304 0.99797 -1.59954e-19)
(1.07691 0.968515 3.67704e-20)
(1.01136 0.939875 0)
(0.938807 0.904914 1.30149e-19)
(0.856622 0.864425 1.18569e-20)
(0.764301 0.815607 0)
(0.670644 0.757286 0)
(0.588216 0.697212 5.77926e-20)
(0.52002 0.634603 8.841e-20)
(0.484015 0.5717 -1.79082e-19)
(0.453115 0.51275 4.76751e-19)
(0.425176 0.429766 -5.96766e-19)
(0.387714 0.345264 -7.09688e-19)
(0.322322 0.229597 6.28452e-19)
(0.22078 0.137462 -2.356e-19)
(0.121611 0.091716 1.35189e-19)
(0.430818 0.382406 3.14424e-19)
(0.946486 0.810559 0)
(1.13922 1.00199 0)
(1.16499 1.03038 -1.22081e-19)
(1.12119 1.02535 9.88174e-20)
(1.06523 0.995222 -2.07613e-20)
(0.999676 0.966076 -2.16485e-19)
(0.926822 0.930529 -2.07571e-19)
(0.843852 0.889992 7.10373e-20)
(0.74968 0.841483 -2.84927e-20)
(0.651126 0.78482 6.84965e-20)
(0.563567 0.722341 -4.76592e-19)
(0.500991 0.659598 -5.24287e-19)
(0.436539 0.595272 -9.5618e-20)
(0.397386 0.514564 0)
(0.373524 0.441495 -1.24807e-20)
(0.346746 0.293806 3.92042e-19)
(0.303182 0.132116 -6.58303e-19)
(0.26386 -0.0254797 4.88708e-19)
(0.0807572 -0.0879066 3.90648e-19)
(0.429522 0.393945 -6.85371e-19)
(0.939779 0.833238 -2.96293e-19)
(1.12878 1.02781 6.46045e-21)
(1.15374 1.05686 1.55766e-19)
(1.10973 1.05122 0)
(1.05387 1.02043 4.59457e-19)
(0.988202 0.990945 2.6899e-19)
(0.915197 0.955229 -4.47497e-20)
(0.831877 0.914744 -2.30995e-20)
(0.736737 0.866226 -2.6838e-20)
(0.637603 0.809477 2.49275e-20)
(0.5498 0.751112 4.21304e-19)
(0.465296 0.689462 5.12391e-19)
(0.414201 0.618337 9.2247e-20)
(0.366053 0.550828 5.09694e-19)
(0.306932 0.433336 0)
(0.20876 0.290712 0)
(0.0449508 0.279995 4.86027e-19)
(-0.0668014 0.629867 -3.34697e-20)
(0.000648858 1.50239 -6.24205e-19)
(0.427833 0.404875 3.73178e-19)
(0.932696 0.853644 8.88754e-19)
(1.11831 1.05139 -1.33694e-18)
(1.14271 1.08158 8.05253e-19)
(1.09858 1.07581 -9.37014e-20)
(1.04284 1.04471 6.00745e-19)
(0.977209 1.01511 0)
(0.904125 0.979315 2.17415e-19)
(0.820016 0.939015 0)
(0.723055 0.891671 2.56282e-19)
(0.619849 0.837119 -3.90983e-20)
(0.521706 0.778782 4.38389e-20)
(0.449176 0.718986 5.6936e-19)
(0.362204 0.659354 -2.09687e-19)
(0.277944 0.568668 -2.66627e-19)
(0.209367 0.497037 0)
(0.108395 0.584377 0)
(0.0385702 1.25077 0)
(0.0788765 2.42733 -2.73324e-19)
(0.109657 2.89325 -1.6968e-19)
(0.426218 0.415359 0)
(0.926471 0.873831 0)
(1.10855 1.07442 4.78524e-19)
(1.13216 1.10531 -6.71144e-19)
(1.08781 1.09921 4.59879e-19)
(1.03222 1.0678 -5.50378e-19)
(0.966518 1.03823 -3.10196e-20)
(0.893201 1.00265 2.4152e-20)
(0.808867 0.963399 6.95871e-21)
(0.711536 0.917018 -2.91438e-19)
(0.60685 0.864887 5.9787e-20)
(0.512629 0.811518 3.96992e-19)
(0.411679 0.757993 -5.61094e-19)
(0.340703 0.686762 -6.5799e-19)
(0.274285 0.633752 2.2979e-19)
(0.208436 0.752115 0)
(0.144872 1.49163 3.31679e-19)
(0.143382 2.6689 3.69252e-19)
(0.149058 3.07965 -4.1325e-19)
(0.13979 3.21855 4.54169e-19)
(0.424237 0.425042 0)
(0.919817 0.891641 7.22942e-19)
(1.09875 1.09515 -1.24012e-19)
(1.1219 1.12724 8.45493e-19)
(1.07747 1.12128 -4.82715e-19)
(1.02201 1.08995 0)
(0.95637 1.06061 0)
(0.883206 1.02547 0)
(0.798415 0.986616 -7.07028e-20)
(0.699255 0.941813 3.08011e-21)
(0.591939 0.890908 0)
(0.485622 0.83946 -3.87498e-19)
(0.405776 0.791034 0)
(0.29593 0.744323 4.68189e-19)
(0.217075 0.822038 -3.05267e-19)
(0.172104 1.44169 -2.56057e-19)
(0.179389 2.65932 -6.28534e-19)
(0.198427 3.12554 -3.14441e-19)
(0.188357 3.27199 -3.63879e-19)
(0.17312 3.31316 3.11304e-19)
(0.422443 0.434104 -2.44242e-19)
(0.914044 0.909467 1.51079e-20)
(1.08971 1.11566 -1.33672e-19)
(1.11214 1.14845 -6.76506e-19)
(1.06749 1.14239 0)
(1.01223 1.11102 0)
(0.946644 1.08203 0)
(0.873303 1.04735 -1.49969e-20)
(0.78834 1.0101 7.98021e-20)
(0.689388 0.967803 0)
(0.580873 0.92169 0)
(0.481142 0.877948 0)
(0.36872 0.835443 0)
(0.30748 0.829655 3.08565e-19)
(0.287029 1.18184 8.0559e-19)
(0.276124 2.3322 2.51193e-19)
(0.287062 3.08023 4.59301e-19)
(0.279019 3.29168 -2.96088e-19)
(0.22817 3.3602 1.09137e-19)
(0.193837 3.37289 0)
(0.420292 0.44264 2.47605e-19)
(0.907547 0.925283 -1.55993e-18)
(1.08036 1.13435 -4.42145e-19)
(1.10245 1.16843 -1.07891e-19)
(1.05777 1.16272 1.23154e-19)
(1.00266 1.13168 -8.67328e-19)
(0.937117 1.10315 5.862e-20)
(0.864028 1.06928 3.97443e-19)
(0.778987 1.03284 0)
(0.678679 0.991494 -1.66306e-20)
(0.568871 0.946112 1.51286e-20)
(0.459373 0.903194 0)
(0.378598 0.876363 0)
(0.330503 1.00076 -3.8282e-19)
(0.296505 1.82967 1.62959e-21)
(0.293644 2.92665 -1.36595e-19)
(0.311719 3.29595 2.28815e-19)
(0.284836 3.39943 9.01782e-20)
(0.21664 3.42557 5.35418e-20)
(0.190369 3.43413 -2.88932e-20)
(0.418088 0.451178 4.77205e-19)
(0.901425 0.942934 1.49257e-18)
(1.07101 1.15484 5.43527e-19)
(1.09244 1.18953 0)
(1.04762 1.1837 0)
(0.992816 1.15261 6.6451e-19)
(0.92753 1.12447 -4.08893e-19)
(0.854554 1.0911 -3.65609e-19)
(0.769629 1.0562 -1.44036e-20)
(0.66984 1.01889 5.0403e-20)
(0.559195 0.981306 -2.85782e-19)
(0.451668 0.945926 0)
(0.373524 0.951848 0)
(0.348011 1.3427 -2.14331e-19)
(0.360633 2.43614 -2.7962e-19)
(0.402641 3.19875 0)
(0.428773 3.38488 2.8238e-20)
(0.358815 3.45051 2.03699e-19)
(0.283245 3.49517 -4.19578e-19)
(0.25815 3.52128 2.49589e-19)
(0.414947 0.460158 -9.04094e-19)
(0.893585 0.959528 -7.10212e-19)
(1.06025 1.17466 0)
(1.08156 1.21068 0)
(1.03688 1.20516 0)
(0.982349 1.17429 0)
(0.917226 1.14646 4.36594e-19)
(0.844699 1.11381 -4.74688e-19)
(0.760114 1.08005 0)
(0.660394 1.04317 -4.01212e-20)
(0.552363 1.00343 4.71933e-19)
(0.449748 0.974774 2.43297e-20)
(0.40002 1.06831 4.13692e-20)
(0.407314 1.71643 3.17042e-19)
(0.431171 2.87554 -9.91897e-20)
(0.466985 3.33027 0)
(0.449092 3.46218 -5.62649e-20)
(0.35847 3.55145 1.00248e-19)
(0.27333 3.62173 3.37456e-19)
(0.19692 3.60218 -2.90322e-19)
(0.411828 0.469205 4.28742e-19)
(0.886032 0.97925 -6.98604e-19)
(1.04919 1.19748 0)
(1.06989 1.23376 -1.73239e-19)
(1.02517 1.22784 6.57424e-19)
(0.971156 1.19661 0)
(0.906665 1.16896 0)
(0.834805 1.13667 8.88656e-19)
(0.751087 1.10398 1.38485e-20)
(0.652384 1.07096 -6.89307e-20)
(0.538628 1.04239 -2.00514e-19)
(0.449117 1.03315 1.55975e-19)
(0.412121 1.23141 0)
(0.448923 2.13274 -1.49402e-19)
(0.49811 3.13498 1.24463e-19)
(0.558386 3.43808 -3.07373e-20)
(0.552366 3.54308 0)
(0.482231 3.6392 -1.88031e-19)
(0.405561 3.68464 -7.4444e-19)
(0.321269 3.65555 -1.88782e-19)
(0.40708 0.478571 -8.31475e-19)
(0.876087 0.997126 9.94155e-19)
(1.03633 1.21901 7.40227e-19)
(1.0572 1.25656 -1.91744e-19)
(1.01281 1.25083 -1.00307e-18)
(0.959295 1.21963 0)
(0.895207 1.19202 3.80769e-19)
(0.824055 1.16015 -3.64058e-19)
(0.740973 1.12856 -3.68654e-20)
(0.643083 1.0966 5.82655e-20)
(0.538218 1.0657 -1.23067e-21)
(0.4598 1.07723 -1.73441e-19)
(0.467001 1.44337 1.56653e-19)
(0.529803 2.50143 -7.60015e-21)
(0.595765 3.30379 1.01899e-19)
(0.650713 3.49919 -3.20827e-19)
(0.610367 3.56258 0)
(0.544809 3.57436 0)
(0.440948 3.54489 -8.76027e-19)
(0.196408 3.34215 1.73607e-18)
(0.402484 0.488206 3.94309e-19)
(0.866584 1.01908 9.59984e-19)
(1.02316 1.24439 -7.29092e-19)
(1.04358 1.28174 7.1558e-19)
(0.999323 1.27519 9.92434e-19)
(0.946628 1.24328 0)
(0.88363 1.21555 -4.13795e-19)
(0.81376 1.18383 -5.10603e-19)
(0.732439 1.15309 0)
(0.637428 1.12334 0)
(0.530261 1.1053 0)
(0.46804 1.16609 0)
(0.50148 1.6648 -1.64903e-19)
(0.587515 2.79288 4.52925e-20)
(0.669621 3.4072 0)
(0.716688 3.52083 2.00129e-19)
(0.713012 3.53031 0)
(0.783196 3.38328 3.29174e-19)
(0.879265 3.02381 -2.50466e-18)
(0.464056 2.66369 2.47332e-18)
(0.395815 0.4967 -7.72324e-19)
(0.853853 1.03805 -6.08569e-19)
(1.00768 1.26766 -4.69967e-19)
(1.02874 1.30628 -6.69286e-19)
(0.98505 1.29976 -4.71425e-19)
(0.933262 1.26764 0)
(0.871076 1.23967 -9.24784e-20)
(0.802375 1.20802 3.61897e-20)
(0.722272 1.17765 2.71085e-19)
(0.628246 1.14966 0)
(0.532886 1.13263 2.81727e-21)
(0.490356 1.23217 -3.20244e-21)
(0.568063 1.89845 0)
(0.677954 3.04121 -3.64143e-20)
(0.76816 3.45664 0)
(0.803234 3.50493 -3.40801e-19)
(0.806399 3.42852 8.72698e-19)
(0.799365 3.06007 -3.23545e-19)
(0.55199 2.06941 5.04987e-19)
(-0.356909 0.54588 -1.23646e-18)
(0.388798 0.506463 -1.2871e-20)
(0.84142 1.06205 -2.99493e-19)
(0.991641 1.29596 6.53388e-19)
(1.01253 1.33411 -1.88788e-20)
(0.969199 1.32644 -1.25241e-19)
(0.918541 1.29338 0)
(0.857888 1.26508 4.23708e-19)
(0.790986 1.23338 4.27367e-19)
(0.713126 1.20414 -5.2496e-19)
(0.620916 1.17757 2.84984e-19)
(0.532573 1.17615 1.09035e-19)
(0.515301 1.35485 0)
(0.61532 2.159 -7.87533e-20)
(0.737779 3.1898 9.19525e-20)
(0.821122 3.44085 2.05747e-19)
(0.83452 3.44848 0)
(0.768341 3.24611 -4.29703e-19)
(0.588094 2.45455 5.08927e-19)
(0.144212 0.775421 -6.06294e-19)
(-0.261391 -0.440904 -5.49167e-19)
(0.379278 0.513841 7.00141e-19)
(0.824782 1.08168 -2.8789e-19)
(0.972621 1.32118 4.35805e-19)
(0.994729 1.36096 3.43865e-19)
(0.95218 1.35338 2.42305e-19)
(0.902959 1.32007 6.33533e-19)
(0.843636 1.29145 -8.15275e-19)
(0.778544 1.25997 -5.2354e-19)
(0.703077 1.23071 5.69795e-19)
(0.613577 1.20714 7.39469e-20)
(0.540711 1.21421 5.3346e-20)
(0.550729 1.46467 8.50384e-20)
(0.691687 2.43524 -1.23354e-19)
(0.820236 3.28172 1.82056e-19)
(0.889379 3.42231 -3.00972e-19)
(0.862438 3.35883 3.05888e-19)
(0.728918 2.91516 -7.50017e-19)
(0.479119 1.80669 4.57862e-19)
(0.0754873 0.0928023 0)
(-0.076937 -0.190916 -8.6441e-19)
(0.368986 0.522341 0)
(0.808095 1.10664 -1.08463e-18)
(0.952919 1.3522 2.35898e-20)
(0.975263 1.39159 -6.01914e-19)
(0.933362 1.38257 0)
(0.885677 1.34817 -4.52779e-19)
(0.828415 1.31915 6.93923e-19)
(0.765809 1.28723 4.89758e-19)
(0.69336 1.25905 -5.97749e-19)
(0.606794 1.23784 -2.88485e-19)
(0.545081 1.26349 -1.57236e-19)
(0.587546 1.61889 4.5772e-20)
(0.741927 2.65147 1.2609e-19)
(0.864339 3.3191 1.45431e-19)
(0.908872 3.37409 -3.18222e-19)
(0.841324 3.18668 4.95182e-19)
(0.615728 2.49363 3.44805e-19)
(0.147469 0.570523 -4.08498e-19)
(-0.128787 -0.247638 0)
(-0.111287 -0.209067 0)
(0.35489 0.527247 -6.48206e-19)
(0.78584 1.12508 1.05152e-18)
(0.929724 1.37874 0)
(0.953744 1.42047 0)
(0.912803 1.41163 0)
(0.86743 1.37691 0)
(0.812165 1.34731 -2.96297e-19)
(0.752107 1.31568 -1.4899e-20)
(0.682836 1.28808 -7.84318e-20)
(0.603963 1.27001 -3.83273e-20)
(0.55756 1.31701 3.34843e-19)
(0.631607 1.75526 -1.33824e-19)
(0.81706 2.86959 0)
(0.930761 3.32753 3.81306e-20)
(0.962727 3.32397 5.2223e-19)
(0.826938 2.99119 -2.09956e-19)
(0.464086 1.84576 3.49484e-19)
(0.0254937 0.0308402 2.00759e-19)
(-0.182862 -0.222429 -9.18494e-19)
(-0.0585712 -0.140018 -1.09071e-18)
(0.339276 0.532451 3.17998e-19)
(0.762819 1.14813 4.90727e-19)
(0.905719 1.41136 -9.40486e-21)
(0.930116 1.45335 2.90775e-19)
(0.890285 1.44273 0)
(0.847091 1.40669 7.2655e-19)
(0.794509 1.37665 -1.98539e-19)
(0.73788 1.34444 7.19887e-20)
(0.672653 1.3165 -3.21246e-20)
(0.599792 1.30185 -4.32885e-20)
(0.567757 1.37225 -2.12037e-19)
(0.677639 1.92783 1.81266e-19)
(0.86847 2.99911 1.7085e-19)
(0.962122 3.31173 1.18183e-19)
(0.948333 3.23461 -3.26531e-19)
(0.733499 2.6385 7.25533e-19)
(0.305695 1.13751 -4.26063e-19)
(-0.0758959 -0.23384 5.33872e-19)
(-0.201613 -0.248358 -1.57972e-18)
(-0.0634611 -0.158229 1.11483e-18)
(0.319534 0.53258 -2.97453e-19)
(0.734563 1.16389 0)
(0.877493 1.43762 -3.65513e-19)
(0.903515 1.48352 -5.53007e-19)
(0.865161 1.47328 0)
(0.825513 1.43686 -5.53312e-19)
(0.775531 1.40579 0)
(0.722379 1.37278 -4.14341e-19)
(0.659669 1.34626 2.23057e-19)
(0.597617 1.33703 -4.45654e-19)
(0.584877 1.43921 3.0384e-19)
(0.728845 2.10183 -7.06009e-20)
(0.927492 3.09107 -4.4783e-19)
(1.01316 3.30002 2.38896e-19)
(0.984464 3.12956 -3.0413e-19)
(0.683833 2.34526 -2.27681e-19)
(0.141795 0.354866 5.49361e-19)
(-0.129316 -0.307368 -6.41356e-19)
(-0.142497 -0.260834 -6.4104e-22)
(-0.0669505 -0.131593 -1.15699e-19)
(0.298148 0.531428 5.77594e-19)
(0.705039 1.18298 -4.53292e-19)
(0.847541 1.46892 3.69603e-19)
(0.874242 1.51727 2.62739e-19)
(0.838127 1.50515 2.63906e-20)
(0.801383 1.46703 2.95362e-19)
(0.754757 1.43533 0)
(0.705965 1.40218 -3.18238e-20)
(0.648436 1.37455 0)
(0.595319 1.36937 4.1684e-19)
(0.601284 1.49787 -2.77013e-19)
(0.78096 2.25921 5.86577e-20)
(0.971911 3.14089 4.48528e-19)
(1.03632 3.26607 2.54766e-19)
(0.93308 2.96743 -1.38327e-19)
(0.527758 1.87089 2.33245e-19)
(0.0374727 -0.00203817 -7.67548e-19)
(-0.192343 -0.277475 -4.56714e-19)
(-0.123674 -0.268216 -1.81976e-19)
(-0.0558216 -0.0983837 8.50055e-19)
(0.272389 0.52248 4.16372e-21)
(0.669183 1.19209 2.24941e-19)
(0.812304 1.49199 0)
(0.84112 1.54679 4.90871e-19)
(0.807675 1.53611 -7.40722e-19)
(0.775418 1.49753 2.86378e-19)
(0.731805 1.46437 -2.07146e-19)
(0.688188 1.42881 3.56327e-19)
(0.636164 1.40168 -3.54597e-19)
(0.593176 1.4031 5.34633e-20)
(0.622137 1.56696 -3.41781e-19)
(0.828165 2.38885 -4.73162e-19)
(1.01866 3.17323 4.04097e-20)
(1.06671 3.24112 -4.87991e-19)
(0.941473 2.8174 -2.94874e-19)
(0.502498 1.53531 5.43173e-19)
(-0.0507673 -0.17014 -4.60447e-19)
(-0.203205 -0.275925 2.83447e-19)
(-0.138906 -0.29496 1.39351e-21)
(-0.0368695 -0.0892252 -7.89762e-19)
(0.244404 0.509072 1.04987e-18)
(0.630454 1.20163 -2.18948e-19)
(0.774263 1.51863 -6.34308e-19)
(0.804921 1.57834 5.14863e-19)
(0.775385 1.56688 -3.33353e-19)
(0.746135 1.52626 5.41057e-19)
(0.706888 1.4921 3.57602e-19)
(0.66833 1.45587 0)
(0.622178 1.42714 4.12929e-19)
(0.587988 1.43352 -6.36771e-20)
(0.639153 1.61679 8.10583e-20)
(0.882279 2.48137 4.775e-19)
(1.06298 3.18534 4.96867e-20)
(1.07822 3.22305 8.68048e-21)
(0.834735 2.6774 -4.24881e-19)
(0.308837 1.02952 -1.73097e-19)
(-0.191796 -0.0467185 4.702e-19)
(-0.249489 -0.248062 2.63955e-19)
(-0.221755 -0.280851 7.70505e-20)
(-0.0063535 -0.0376348 7.3179e-19)
(0.211783 0.483977 0)
(0.584354 1.19695 2.04068e-19)
(0.729926 1.53453 -2.9026e-19)
(0.764409 1.60452 4.91559e-19)
(0.73913 1.5962 -6.73132e-19)
(0.714011 1.55513 2.73795e-19)
(0.678446 1.51894 0)
(0.646446 1.48039 0)
(0.609903 1.44901 0)
(0.582345 1.46037 1.12864e-19)
(0.656729 1.66845 -1.05849e-19)
(0.926737 2.54047 9.59126e-20)
(1.11203 3.19287 3.72162e-19)
(1.10373 3.21562 3.1462e-19)
(0.799304 2.58355 -5.81561e-19)
(0.129523 0.918106 2.9648e-19)
(-0.406021 -0.0295323 4.35779e-21)
(-0.487939 -0.4555 -7.15893e-19)
(-0.453608 -0.543354 1.18249e-19)
(-0.141825 -0.265329 0)
(0.176969 0.450524 9.46766e-19)
(0.534149 1.18801 -1.90833e-19)
(0.681932 1.55141 4.16177e-21)
(0.720038 1.63062 0)
(0.699512 1.6227 -3.16798e-19)
(0.677554 1.58017 1.76291e-20)
(0.647638 1.54306 0)
(0.621454 1.50175 1.13054e-19)
(0.593113 1.46836 -8.92024e-20)
(0.576803 1.47758 0)
(0.663685 1.68958 0)
(0.972988 2.54639 -2.27347e-19)
(1.19101 3.18299 -4.02323e-19)
(1.18324 3.21267 4.66285e-20)
(0.859862 2.56421 -2.4785e-19)
(0.193876 0.987726 2.73625e-19)
(-0.341332 0.0430005 0)
(-0.610713 -0.749995 -6.71183e-19)
(-0.649236 -1.04439 -9.79838e-19)
(-0.39764 -0.909174 2.55986e-18)
(0.138932 0.401496 7.79412e-19)
(0.476132 1.1582 -1.81263e-19)
(0.626944 1.55277 2.66044e-19)
(0.670773 1.64999 -6.55505e-19)
(0.655811 1.64724 0)
(0.63819 1.60496 0)
(0.61297 1.56465 0)
(0.593523 1.5216 1.08694e-19)
(0.575052 1.48025 -8.57132e-20)
(0.563935 1.48479 0)
(0.6595 1.69276 0)
(1.01713 2.51396 3.65999e-19)
(1.28549 3.15267 -2.36155e-19)
(1.35602 3.18697 1.81558e-19)
(1.11939 2.65509 8.34527e-19)
(0.576747 1.18571 0)
(-0.0393269 0.13435 -2.49961e-19)
(-0.442788 -0.875307 -2.74565e-19)
(-0.639853 -1.32675 2.7259e-18)
(-0.485085 -1.34326 -3.21343e-18)
(0.100404 0.340833 -7.25551e-19)
(0.413303 1.11741 1.85685e-19)
(0.567047 1.55065 5.42431e-19)
(0.615553 1.66543 3.84453e-19)
(0.605763 1.66494 -3.1086e-19)
(0.592884 1.62361 -2.1684e-19)
(0.572498 1.5821 1.55326e-19)
(0.558923 1.53607 0)
(0.550992 1.4894 0)
(0.550488 1.48199 0)
(0.642614 1.66839 -1.83738e-19)
(1.02088 2.40879 -3.34882e-19)
(1.38914 3.06448 2.21482e-19)
(1.56227 3.06053 -1.44974e-19)
(1.48551 2.67401 -1.11871e-19)
(1.16444 1.7087 0)
(0.578526 0.572672 3.47885e-19)
(0.0580495 -0.407654 -1.68779e-18)
(-0.315027 -1.35205 3.68652e-18)
(-0.472573 -1.53547 -1.99156e-18)
(0.0624289 0.265267 7.70468e-19)
(0.342279 1.04531 -6.3307e-19)
(0.499429 1.5251 0)
(0.555154 1.67192 1.87798e-19)
(0.552149 1.68051 1.3839e-19)
(0.54414 1.64221 3.03433e-19)
(0.529649 1.59582 -1.45202e-19)
(0.520756 1.546 0)
(0.514861 1.49442 0)
(0.533518 1.46524 -2.7903e-19)
(0.611648 1.61094 2.43378e-20)
(0.982145 2.26197 1.57726e-19)
(1.34978 2.92689 1.05119e-19)
(1.54108 2.86498 1.21006e-19)
(1.46089 2.61158 -3.41066e-19)
(1.30429 1.96144 1.79848e-19)
(0.844567 0.935382 -1.83415e-19)
(0.404562 -0.0140465 0)
(-0.00596576 -0.829621 2.48655e-20)
(-0.178232 -1.08223 -1.41616e-19)
(0.0281986 0.18469 7.98154e-19)
(0.266408 0.955042 0)
(0.425677 1.48715 0)
(0.48789 1.66699 0)
(0.489918 1.68523 1.17408e-19)
(0.488016 1.65224 -2.92896e-19)
(0.476863 1.60326 -1.33353e-19)
(0.472491 1.55253 0)
(0.471436 1.49035 0)
(0.49432 1.44293 1.72544e-19)
(0.537486 1.54289 7.28013e-20)
(0.828121 1.99134 -6.51168e-20)
(1.21213 2.77186 -7.8509e-20)
(1.35406 2.72901 -1.39265e-19)
(1.33226 2.56597 1.23032e-19)
(1.23421 2.15146 -4.24328e-19)
(0.931992 1.42733 3.91124e-19)
(0.546845 0.613321 0)
(0.18783 -0.114595 -2.32241e-20)
(-0.0541977 -0.524364 -9.19787e-19)
(0.00587298 0.117324 -7.63834e-19)
(0.183607 0.819297 2.6375e-19)
(0.345538 1.41494 4.06546e-19)
(0.414625 1.64962 -2.18912e-20)
(0.424764 1.68641 -2.47584e-19)
(0.425598 1.66088 -1.63989e-19)
(0.41965 1.60879 3.72687e-19)
(0.416834 1.55171 -8.39397e-21)
(0.415287 1.48964 0)
(0.435894 1.41926 4.32819e-20)
(0.441466 1.47308 -9.26712e-21)
(0.613014 1.78228 4.39502e-20)
(0.950471 2.58081 0)
(1.05662 2.64711 4.55394e-20)
(1.04157 2.57493 0)
(0.980629 2.33773 9.33875e-20)
(0.818814 1.87145 8.22939e-20)
(0.53619 1.19908 0)
(0.265589 0.577875 0)
(0.0637397 0.125709 -1.22691e-18)
(-0.00192482 0.0592955 6.27591e-19)
(0.106584 0.64915 -2.35426e-19)
(0.266447 1.31283 1.84308e-19)
(0.337479 1.60784 -2.89926e-19)
(0.351649 1.67332 1.12615e-19)
(0.358066 1.66016 -3.85719e-20)
(0.354164 1.60932 2.49978e-20)
(0.356579 1.54862 -4.89899e-20)
(0.339771 1.4917 -3.14178e-20)
(0.361392 1.39881 -2.52455e-20)
(0.349716 1.41795 5.23063e-21)
(0.394912 1.65529 0)
(0.661057 2.41157 6.7219e-21)
(0.750853 2.64523 0)
(0.73001 2.63714 0)
(0.687068 2.53286 0)
(0.603523 2.26112 5.93376e-19)
(0.427339 1.76761 -1.56392e-18)
(0.238328 1.24728 3.12995e-21)
(0.0880163 0.689771 1.11797e-18)
(0.00389701 0.00234209 1.11294e-19)
(0.0428845 0.401651 1.0452e-19)
(0.188419 1.15807 -8.51671e-20)
(0.256215 1.54724 -6.33753e-20)
(0.276637 1.65349 5.0838e-20)
(0.283516 1.65094 3.59147e-20)
(0.283079 1.6096 2.56834e-20)
(0.287306 1.54864 0)
(0.267507 1.48948 -1.31275e-20)
(0.277011 1.40036 -7.92752e-21)
(0.269901 1.40485 1.72444e-20)
(0.237006 1.58622 0)
(0.40901 2.28733 5.60462e-21)
(0.510202 2.67064 -1.38962e-20)
(0.455056 2.74606 0)
(0.413331 2.71797 0)
(0.361771 2.56581 -3.12762e-20)
(0.256693 2.20406 0)
(0.138015 1.73573 -2.55536e-20)
(0.0464577 1.03836 0)
(0.011987 -0.0665422 0)
(0.0115039 0.199186 0)
(0.0991589 0.939155 0)
(0.164463 1.43185 0)
(0.192954 1.60917 -1.2547e-33)
(0.207224 1.6306 9.42499e-34)
(0.211872 1.60702 0)
(0.220287 1.54636 0)
(0.215041 1.48944 0)
(0.203706 1.41975 0)
(0.204502 1.41936 0)
(0.148965 1.55308 0)
(0.243564 2.19329 0)
(0.336196 2.68405 0)
(0.280319 2.82986 0)
(0.238459 2.84285 0)
(0.208476 2.76096 0)
(0.138294 2.49812 0)
(0.054959 2.07087 0)
(0.00588608 1.2803 0)
(0.00954421 -0.0999706 0)
(-0.00609747 0.166822 0)
(0.0221453 0.813992 0)
(0.0770559 1.33974 0)
(0.107172 1.55954 0)
(0.133727 1.60377 0)
(0.144216 1.59371 0)
(0.16287 1.54171 0)
(0.165118 1.49559 0)
(0.142223 1.44148 0)
(0.147116 1.43419 0)
(0.0882644 1.53631 0)
(0.145267 2.13993 0)
(0.217175 2.69167 0)
(0.174288 2.88584 0)
(0.137086 2.92746 0)
(0.11036 2.87933 0)
(0.0624365 2.65623 0)
(0.011128 2.22321 0)
(-0.00905171 1.33479 0)
(-0.001518 -0.0881403 0)
(-0.0168212 0.18348 0)
(-0.0232397 0.748617 0)
(0.0121665 1.26392 0)
(0.0395463 1.50425 0)
(0.0724327 1.56964 0)
(0.0894151 1.5715 0)
(0.112673 1.53697 0)
(0.113095 1.50092 0)
(0.0976655 1.46003 0)
(0.0920954 1.44984 0)
(0.042248 1.52792 0)
(0.0694831 2.09337 0)
(0.13095 2.70091 0)
(0.0924457 2.93113 0)
(0.0615728 3.00214 0)
(0.0424974 2.97713 0)
(0.0115076 2.76599 0)
(-0.0118913 2.33181 0)
(-0.015046 1.31629 0)
(-0.00512873 -0.0442827 0)
(-0.0265113 0.239959 0)
(-0.0476199 0.748671 0)
(-0.0287622 1.20164 0)
(-0.00285529 1.44124 0)
(0.0308485 1.52529 0)
(0.0535535 1.54057 0)
(0.076392 1.52912 0)
(0.0798275 1.49744 0)
(0.0781678 1.4759 0)
(0.0505833 1.47377 0)
(0.0116241 1.5329 0)
(0.00358355 2.05963 0)
(0.0637453 2.71393 0)
(0.0212381 2.97077 0)
(0.00499479 3.06173 0)
(-0.00633388 3.03397 0)
(-0.0216934 2.82097 0)
(-0.0357048 2.33553 0)
(-0.0177774 1.24756 0)
(-0.00596079 0.0168361 0)
(-0.0290518 0.32152 0)
(-0.0547164 0.76619 0)
(-0.0477759 1.1552 0)
(-0.0241661 1.37735 0)
(0.00661391 1.47317 0)
(0.0353245 1.50087 0)
(0.0593388 1.51263 0)
(0.0725241 1.48852 0)
(0.0784151 1.49065 0)
(0.0393065 1.50683 0)
(-0.00875144 1.55777 0)
(-0.0390236 2.03624 0)
(0.00808806 2.71487 0)
(-0.0260317 2.99581 0)
(-0.0262352 3.08888 0)
(-0.0321819 3.05572 0)
(-0.041965 2.84116 0)
(-0.0436656 2.31161 0)
(-0.0229384 1.12484 0)
(-0.00531306 0.0769289 0)
(-0.0248216 0.400574 0)
(-0.051318 0.798864 0)
(-0.0507241 1.12738 0)
(-0.0317957 1.32305 0)
(-0.00185625 1.42023 0)
(0.029601 1.45685 0)
(0.061694 1.48431 0)
(0.080594 1.47772 0)
(0.0937251 1.50093 0)
(0.0656595 1.54388 0)
(-0.00483058 1.59652 0)
(-0.0496048 2.02961 0)
(-0.0125489 2.71682 0)
(-0.0420635 3.0043 0)
(-0.0376922 3.09535 0)
(-0.0485937 3.0671 0)
(-0.0579646 2.83639 0)
(-0.0503006 2.25898 0)
(-0.0266892 0.9794 0)
(-0.00340739 0.124971 0)
(-0.0174326 0.466982 0)
(-0.038908 0.837865 0)
(-0.0413308 1.11218 0)
(-0.0264162 1.2785 0)
(0.00581251 1.36804 0)
(0.0392232 1.40947 0)
(0.0863325 1.44409 0)
(0.11448 1.45536 0)
(0.138675 1.50303 0)
(0.132517 1.58502 0)
(0.0373886 1.65614 0)
(-0.0449474 2.03303 0)
(-0.0106778 2.71938 0)
(-0.041745 3.01564 0)
(-0.0463289 3.1083 0)
(-0.0615145 3.08812 0)
(-0.0708452 2.8203 0)
(-0.0547349 2.16299 0)
(-0.0227018 0.828352 0)
(-0.00136852 0.155874 0)
(-0.00996303 0.513156 0)
(-0.0236757 0.867058 0)
(-0.0243367 1.10101 0)
(-0.00998973 1.23622 0)
(0.0267564 1.31032 0)
(0.0655571 1.35099 0)
(0.131502 1.38675 0)
(0.173165 1.41298 0)
(0.239626 1.48962 0)
(0.216164 1.63091 0)
(0.114956 1.75061 0)
(-0.0359753 2.05671 0)
(-0.004713 2.73096 0)
(-0.0466019 3.04083 0)
(-0.0552089 3.14184 0)
(-0.0722322 3.1053 0)
(-0.0675507 2.80174 0)
(-0.0536415 2.08073 0)
(-0.0127567 0.697838 0)
(0.000358093 0.169198 0)
(-0.00356917 0.538644 0)
(-0.00984728 0.879131 0)
(-0.00566425 1.08492 0)
(0.0117221 1.18893 0)
(0.0532462 1.24285 0)
(0.100401 1.2768 0)
(0.181676 1.30806 0)
(0.23733 1.34918 0)
(0.338051 1.46425 0)
(0.296778 1.69265 0)
(0.191599 1.88471 0)
(-0.0378015 2.12711 0)
(-0.0201341 2.75293 0)
(-0.0715063 3.08009 0)
(-0.0715503 3.17291 0)
(-0.0831663 3.10418 0)
(-0.0630308 2.76647 0)
(-0.0511918 2.0004 0)
(0.000788649 0.599668 0)
(0.00176269 0.168599 0)
(0.00197302 0.546392 0)
(0.000188065 0.875786 0)
(0.0103405 1.05652 0)
(0.0328811 1.1329 0)
(0.0775493 1.16647 0)
(0.133047 1.18927 0)
(0.221813 1.21261 0)
(0.296786 1.26838 0)
(0.404535 1.42967 0)
(0.356054 1.77307 0)
(0.241871 2.056 0)
(-0.0285104 2.25849 0)
(-0.0519835 2.79461 0)
(-0.0940848 3.10933 0)
(-0.101443 3.17971 0)
(-0.0986801 3.08211 0)
(-0.0904518 2.70411 0)
(-0.0481319 1.83808 0)
(0.00969715 0.531997 0)
(0.00304097 0.15673 0)
(0.00488495 0.543977 0)
(0.0062487 0.860758 0)
(0.0201114 1.01604 0)
(0.0464063 1.06911 0)
(0.0906639 1.08454 0)
(0.150272 1.09314 0)
(0.238942 1.10755 0)
(0.327957 1.18031 0)
(0.422162 1.39742 0)
(0.379889 1.86427 0)
(0.275878 2.23605 0)
(0.0275349 2.40625 0)
(-0.0520971 2.85455 0)
(-0.104502 3.1488 0)
(-0.129039 3.19 0)
(-0.129478 3.06587 0)
(-0.133674 2.61984 0)
(-0.0406957 1.5874 0)
(0.00550051 0.480397 0)
(0.00339233 0.139174 0)
(0.00573598 0.537143 0)
(0.00705524 0.841003 0)
(0.0211263 0.971106 0)
(0.0461753 1.00536 0)
(0.0850425 1.00503 0)
(0.140756 0.997855 0)
(0.220903 1.00429 0)
(0.304539 1.09157 0)
(0.395229 1.37767 0)
(0.354417 1.94375 0)
(0.289502 2.38372 0)
(0.0821307 2.5757 0)
(-0.0694337 2.9692 0)
(-0.141394 3.21353 0)
(-0.175629 3.23573 0)
(-0.196419 3.04619 0)
(-0.153256 2.45818 0)
(-0.0312135 1.33343 0)
(-0.0034661 0.427316 0)
(0.00287073 0.123061 0)
(0.00378886 0.534792 0)
(0.00169072 0.82672 0)
(0.0115968 0.93384 0)
(0.0281465 0.953439 0)
(0.0552174 0.939619 0)
(0.0951182 0.919255 0)
(0.151844 0.919851 0)
(0.208696 1.01687 0)
(0.272633 1.36186 0)
(0.25195 1.99798 0)
(0.213878 2.50562 0)
(-0.0152848 2.80013 0)
(-0.185671 3.17635 0)
(-0.255058 3.32013 0)
(-0.285208 3.28254 0)
(-0.267255 2.9518 0)
(-0.143105 2.11042 0)
(-0.0319385 1.12509 0)
(-0.00837602 0.358016 0)
(0.00180608 0.114547 0)
(-0.000500939 0.543802 0)
(-0.00746478 0.826103 0)
(-0.00675635 0.917433 0)
(-0.00430208 0.927719 0)
(0.0048145 0.903808 0)
(0.0174544 0.877169 0)
(0.0339293 0.875441 0)
(0.0443232 0.988407 0)
(0.0329993 1.36931 0)
(-0.00910386 2.05074 0)
(-0.0370541 2.66363 0)
(-0.284468 3.03192 0)
(-0.358478 3.31389 0)
(-0.395417 3.37764 0)
(-0.363759 3.22356 0)
(-0.267967 2.74633 0)
(-0.0957848 1.78046 0)
(-0.0309725 0.96704 0)
(-0.00865587 0.278561 0)
(5.01212e-05 0.117884 0)
(-0.00631307 0.571677 0)
(-0.0205719 0.84728 0)
(-0.0294843 0.92812 0)
(-0.0470962 0.935693 0)
(-0.0586436 0.907888 0)
(-0.0779026 0.881603 0)
(-0.108303 0.886351 0)
(-0.158632 1.01723 0)
(-0.238038 1.41782 0)
(-0.334865 2.11751 0)
(-0.361857 2.80194 0)
(-0.533881 3.14228 0)
(-0.523815 3.317 0)
(-0.483548 3.3259 0)
(-0.397502 3.04768 0)
(-0.180388 2.27982 0)
(-0.0519255 1.54966 0)
(-0.0184259 0.861287 0)
(-0.00536774 0.215703 0)
(-0.00170561 0.135113 0)
(-0.0118477 0.616513 0)
(-0.0333078 0.897939 0)
(-0.053805 0.976235 0)
(-0.0876722 0.982095 0)
(-0.120543 0.956595 0)
(-0.170066 0.935975 0)
(-0.241806 0.949354 0)
(-0.342662 1.092 0)
(-0.466784 1.5041 0)
(-0.601852 2.19745 0)
(-0.612556 2.8525 0)
(-0.661293 3.13244 0)
(-0.602733 3.23452 0)
(-0.503567 3.17908 0)
(-0.299661 2.62267 0)
(-0.0889877 1.91345 0)
(-0.0249964 1.40621 0)
(-0.00757758 0.806392 0)
(-0.0026998 0.181771 0)
(-0.00288624 0.164501 0)
(-0.0159102 0.675448 0)
(-0.0423622 0.967367 0)
(-0.0724726 1.05059 0)
(-0.119192 1.05849 0)
(-0.170255 1.04041 0)
(-0.243212 1.03063 0)
(-0.344084 1.05527 0)
(-0.475183 1.20235 0)
(-0.616285 1.60689 0)
(-0.736305 2.27033 0)
(-0.728467 2.82491 0)
(-0.700996 3.04559 0)
(-0.569461 3.11221 0)
(-0.40401 2.8533 0)
(-0.132065 2.1981 0)
(-0.0297675 1.71194 0)
(-0.000382544 1.33819 0)
(0.00153166 0.791384 0)
(0.000161947 0.173028 0)
(-0.00335893 0.200764 0)
(-0.0171291 0.74218 0)
(-0.0458054 1.05391 0)
(-0.0809503 1.14719 0)
(-0.134468 1.16156 0)
(-0.195646 1.15238 0)
(-0.280527 1.15442 0)
(-0.394385 1.18885 0)
(-0.536187 1.33042 0)
(-0.678698 1.70003 0)
(-0.754431 2.31629 0)
(-0.74107 2.76028 0)
(-0.639608 2.93013 0)
(-0.430072 2.83449 0)
(-0.211352 2.44584 0)
(-0.014957 1.94335 0)
(0.00893843 1.63146 0)
(0.0189645 1.32485 0)
(0.00965088 0.804087 0)
(0.00250757 0.185521 0)
(-0.00333376 0.23846 0)
(-0.0160613 0.808214 0)
(-0.0442026 1.14347 0)
(-0.0810814 1.24874 0)
(-0.136386 1.27122 0)
(-0.200883 1.27102 0)
(-0.287427 1.28457 0)
(-0.400407 1.32845 0)
(-0.537544 1.46245 0)
(-0.662473 1.78353 0)
(-0.728254 2.32439 0)
(-0.667702 2.66295 0)
(-0.457263 2.70414 0)
(-0.243898 2.52608 0)
(-0.0560869 2.16537 0)
(0.0406761 1.82967 0)
(0.0340045 1.62094 0)
(0.0270082 1.33744 0)
(0.0136811 0.843708 0)
(0.00302633 0.211426 0)
(-0.00291853 0.272856 0)
(-0.0133524 0.868038 0)
(-0.0381596 1.23292 0)
(-0.0726754 1.35457 0)
(-0.124034 1.38552 0)
(-0.18436 1.39187 0)
(-0.263005 1.41249 0)
(-0.361932 1.46042 0)
(-0.479872 1.58107 0)
(-0.570685 1.85086 0)
(-0.61413 2.28758 0)
(-0.473474 2.49768 0)
(-0.26543 2.46591 0)
(-0.0918726 2.28953 0)
(0.0293957 2.00667 0)
(0.0594066 1.80406 0)
(0.045049 1.63721 0)
(0.0293626 1.38295 0)
(0.0126746 0.886364 0)
(0.00308411 0.240696 0)
(-0.00234354 0.301011 0)
(-0.0103124 0.916317 0)
(-0.0307837 1.30715 0)
(-0.0616632 1.44393 0)
(-0.107162 1.48207 0)
(-0.160992 1.49337 0)
(-0.228448 1.51783 0)
(-0.309396 1.56653 0)
(-0.400725 1.67131 0)
(-0.46191 1.8905 0)
(-0.43905 2.21463 0)
(-0.299913 2.34913 0)
(-0.12813 2.28454 0)
(-0.00684977 2.13899 0)
(0.0579704 1.941 0)
(0.0617242 1.80779 0)
(0.0437224 1.67989 0)
(0.0246557 1.43232 0)
(0.0107018 0.923492 0)
(0.00273393 0.26821 0)
(-0.00171865 0.322576 0)
(-0.0073337 0.955007 0)
(-0.022759 1.37348 0)
(-0.0481136 1.52956 0)
(-0.0848934 1.57386 0)
(-0.129045 1.58736 0)
(-0.182641 1.61053 0)
(-0.244342 1.65366 0)
(-0.309919 1.73632 0)
(-0.349567 1.89943 0)
(-0.303781 2.13312 0)
(-0.177306 2.21894 0)
(-0.0499467 2.14962 0)
(0.0272957 2.04365 0)
(0.0567681 1.91517 0)
(0.0532249 1.82607 0)
(0.0332629 1.72344 0)
(0.0183286 1.47183 0)
(0.0082365 0.953787 0)
(0.00210935 0.291304 0)
(-0.00119975 0.337506 0)
(-0.00503071 0.981133 0)
(-0.0164199 1.41786 0)
(-0.0375185 1.58789 0)
(-0.0675707 1.63617 0)
(-0.104487 1.6517 0)
(-0.147585 1.67307 0)
(-0.195359 1.71111 0)
(-0.242643 1.77721 0)
(-0.268092 1.8969 0)
(-0.221505 2.06249 0)
(-0.11353 2.12295 0)
(-0.0214322 2.06749 0)
(0.0273272 1.99647 0)
(0.0446503 1.91428 0)
(0.0350782 1.85491 0)
(0.0216942 1.75777 0)
(0.0117006 1.49887 0)
(0.00545681 0.97479 0)
(0.00138584 0.307886 0)
(-0.000781171 0.348122 0)
(-0.00320127 1.00247 0)
(-0.0108287 1.46012 0)
(-0.0264618 1.64891 0)
(-0.0484398 1.70157 0)
(-0.0760088 1.71705 0)
(-0.107299 1.73363 0)
(-0.141295 1.76258 0)
(-0.173245 1.80988 0)
(-0.189401 1.89046 0)
(-0.154031 1.99827 0)
(-0.074326 2.03896 0)
(-0.0122523 2.00105 0)
(0.0175256 1.95806 0)
(0.0273804 1.91095 0)
(0.0213518 1.87072 0)
(0.0137071 1.77892 0)
(0.0074843 1.5154 0)
(0.00365981 0.9886 0)
(0.000906481 0.318967 0)
(-0.000528361 0.354131 0)
(-0.00213285 1.01293 0)
(-0.00781021 1.47901 0)
(-0.0207254 1.67586 0)
(-0.0390751 1.73074 0)
(-0.0624835 1.74678 0)
(-0.0883529 1.76122 0)
(-0.115734 1.78604 0)
(-0.140193 1.82468 0)
(-0.151398 1.88584 0)
(-0.124198 1.96302 0)
(-0.062882 1.99563 0)
(-0.016753 1.97239 0)
(0.00471234 1.94584 0)
(0.0126544 1.91414 0)
(0.0102277 1.88163 0)
(0.00701886 1.79149 0)
(0.00408481 1.52472 0)
(0.00218352 0.997299 0)
(0.000521395 0.326203 0)
(-0.000280743 0.35993 0)
(-0.00119959 1.02657 0)
(-0.00456824 1.50919 0)
(-0.0129365 1.72244 0)
(-0.0247093 1.78206 0)
(-0.0398371 1.79696 0)
(-0.0560006 1.80628 0)
(-0.0732856 1.82185 0)
(-0.0880762 1.84558 0)
(-0.0951868 1.88092 0)
(-0.081231 1.92286 0)
(-0.0478261 1.9411 0)
(-0.0214341 1.9306 0)
(-0.00756139 1.91866 0)
(-0.000133572 1.9036 0)
(0.00141763 1.88038 0)
(0.00151415 1.79416 0)
(0.00100054 1.52757 0)
(0.000584856 1.00102 0)
(0.000129046 0.329917 0)
(-0.262824 1.64298 1.79395e-22)
(0.41251 3.2628 -1.76362e-19)
(0.0974085 3.48666 2.72018e-19)
(0.209333 3.44955 0)
(0.173133 3.3979 0)
(0.167916 3.34768 -1.87365e-19)
(0.170435 3.32166 2.38977e-19)
(0.142523 3.27183 -2.522e-19)
(0.122524 3.16952 5.09896e-21)
(0.112783 2.56594 4.00582e-19)
(-0.104021 2.3771 5.62929e-23)
(0.142932 3.31688 1.74679e-19)
(0.0149876 3.4495 0)
(0.105775 3.39922 0)
(0.081876 3.35113 5.55775e-21)
(0.0878899 3.31071 4.19676e-19)
(0.0831923 3.27464 -2.53746e-19)
(0.057654 3.23684 -4.83998e-21)
(0.0550924 3.07594 4.61928e-21)
(0.0019627 2.07895 0)
(-0.0272331 2.10064 9.96013e-21)
(0.0923837 3.15645 -1.11054e-20)
(0.0328437 3.35494 0)
(0.0802864 3.32995 1.88328e-19)
(0.0590064 3.30507 -1.48009e-21)
(0.0603381 3.2819 -2.31146e-19)
(0.0504369 3.26677 -3.23186e-19)
(0.0348363 3.24374 -2.38176e-22)
(0.043137 3.11574 4.79392e-21)
(-0.0161645 2.20783 0)
(-0.0393719 2.03933 4.40437e-20)
(0.0311987 3.12951 0)
(-0.00960786 3.31493 -1.0181e-19)
(0.0269354 3.31027 -6.61245e-20)
(0.020149 3.28646 8.69151e-21)
(0.0268294 3.26229 -1.69027e-19)
(0.0309734 3.24475 1.45024e-19)
(0.0238648 3.23241 -5.58741e-21)
(0.0435915 3.12307 7.50398e-21)
(0.00792215 2.24793 1.9799e-19)
(-0.0460158 2.03512 -5.62771e-20)
(0.016887 3.09604 0)
(-0.00414861 3.27034 2.35646e-19)
(0.0165618 3.26339 -1.34767e-19)
(0.0165288 3.24898 -7.28819e-22)
(0.0198829 3.23715 -7.85992e-21)
(0.022473 3.23339 -1.53547e-20)
(0.0232397 3.22303 -2.05478e-19)
(0.0439169 3.12595 5.59668e-21)
(-0.00308579 2.31074 -4.19361e-19)
(-0.0522639 2.08862 0)
(-0.00781194 3.08899 -1.45434e-19)
(-0.02698 3.24561 2.24973e-20)
(-0.0122552 3.2482 -1.037e-20)
(-0.00348592 3.23305 1.06574e-20)
(0.00460594 3.22024 1.78886e-19)
(0.0175519 3.21018 1.90127e-19)
(0.0218965 3.20509 4.09187e-19)
(0.0429392 3.12355 2.30643e-19)
(0.0109433 2.35344 -1.64051e-20)
(-0.0480573 2.14706 0)
(-0.0182596 3.08482 1.50434e-19)
(-0.0177267 3.21503 -1.60237e-19)
(-0.0103707 3.21315 -1.1667e-20)
(0.000788935 3.20257 2.42781e-20)
(0.00859252 3.19551 3.78963e-22)
(0.0165532 3.19579 -1.327e-20)
(0.0222374 3.19046 -2.16339e-19)
(0.0427235 3.12072 -2.24772e-19)
(0.00380372 2.41923 -1.70984e-20)
(-0.0500063 2.22743 1.87303e-19)
(-0.0280625 3.08544 -8.68804e-21)
(-0.0314988 3.19476 6.01519e-21)
(-0.0229678 3.1961 0)
(-0.0126309 3.18593 0)
(-0.00104035 3.1783 0)
(0.0142464 3.17113 0)
(0.0210269 3.1693 2.51728e-19)
(0.0410871 3.11261 -2.60928e-19)
(0.0156074 2.46368 2.54592e-19)
(-0.044552 2.31055 2.54426e-20)
(-0.0324726 3.08698 2.11316e-19)
(-0.0202731 3.17001 0)
(-0.01447 3.16554 -1.4064e-20)
(-0.0038614 3.15764 1.43865e-20)
(0.00561543 3.1529 0)
(0.0144517 3.15457 -7.92456e-21)
(0.0207675 3.15244 -2.44262e-19)
(0.0403494 3.10893 2.61858e-19)
(0.0103159 2.53285 0)
(-0.0450649 2.40112 1.75774e-20)
(-0.0363589 3.08545 -3.26803e-19)
(-0.0303086 3.14992 0)
(-0.022489 3.14712 0)
(-0.0135062 3.13936 1.58499e-20)
(-0.00217424 3.13398 -1.35255e-19)
(0.0122402 3.1285 -1.67887e-20)
(0.0193666 3.1294 1.45145e-19)
(0.0384047 3.09618 0)
(0.0194028 2.58103 0)
(-0.0386801 2.49373 -3.47543e-19)
(-0.0381291 3.0837 1.17475e-19)
(-0.0201525 3.12443 0)
(-0.0130318 3.11616 0)
(-0.00355271 3.10941 0)
(0.00566108 3.10628 2.81302e-19)
(0.0138806 3.10919 0)
(0.0201127 3.1104 -1.54935e-19)
(0.0380039 3.09038 9.65448e-21)
(0.0148138 2.65372 1.65386e-19)
(-0.0386711 2.58666 1.259e-19)
(-0.040466 3.07406 -1.24064e-20)
(-0.0300403 3.10107 1.50343e-19)
(-0.0213143 3.09506 1.46517e-19)
(-0.0124132 3.08856 0)
(-0.000869721 3.08452 -1.45817e-19)
(0.0130463 3.08087 0)
(0.0211862 3.08458 0)
(0.0383532 3.07224 0)
(0.0224372 2.70643 -1.66153e-19)
(-0.0342258 2.68092 -1.38533e-19)
(-0.0428438 3.06377 1.43277e-19)
(-0.0230466 3.0721 -1.41815e-19)
(-0.0131182 3.06198 -2.25252e-19)
(-0.00290906 3.05681 0)
(0.00724038 3.05521 2.02699e-20)
(0.0163064 3.05916 -1.03337e-20)
(0.0247262 3.06291 7.78578e-20)
(0.041792 3.06152 9.65761e-20)
(0.0207004 2.78034 -9.95484e-20)
(-0.0352238 2.77009 1.42106e-19)
(-0.0468824 3.04318 -1.37523e-19)
(-0.0330452 3.04546 9.91214e-21)
(-0.0208841 3.04037 5.77902e-20)
(-0.0110061 3.03642 -8.42255e-20)
(0.0002806 3.0341 0)
(0.014303 3.03158 9.06692e-20)
(0.025769 3.03564 4.95028e-21)
(0.0445304 3.03669 -1.88253e-19)
(0.0287728 2.83263 -6.54983e-21)
(-0.0289627 2.85732 -4.20182e-20)
(-0.0437061 3.02331 1.01621e-20)
(-0.0227832 3.01807 -5.28907e-20)
(-0.0110121 3.01452 2.1674e-20)
(-0.00219548 3.01408 1.02822e-19)
(0.00628966 3.01348 -4.39447e-20)
(0.013936 3.01464 -4.30811e-20)
(0.0232646 3.01682 -4.49068e-20)
(0.0419172 3.02172 9.72795e-20)
(0.0246916 2.90025 4.6957e-20)
(-0.0178904 2.93829 3.37585e-20)
(-0.0261775 2.999 1.49447e-20)
(-0.0162655 3.00048 2.91167e-20)
(-0.0093993 3.0017 -5.9684e-20)
(-0.00410714 3.00263 2.02366e-20)
(0.000632236 3.00218 4.09759e-20)
(0.00581448 3.0006 -4.27413e-20)
(0.010776 2.99896 -4.48633e-20)
(0.0217838 2.99725 6.14427e-21)
(0.0166006 2.94918 4.34724e-20)
)
;

boundaryField
{
    wall-4
    {
        type            noSlip;
    }
    pressure-outlet-7
    {
        type            zeroGradient;
    }
    velocity-inlet-6
    {
        type            fixedValue;
        value           uniform (0 3 0);
    }
    velocity-inlet-5
    {
        type            fixedValue;
        value           uniform (1 0 0);
    }
    frontAndBackPlanes
    {
        type            empty;
    }
}


// ************************************************************************* //
