/*--------------------------------*- C++ -*----------------------------------*\
  =========                 |
  \\      /  F ield         | OpenFOAM: The Open Source CFD Toolbox
   \\    /   O peration     | Website:  https://openfoam.org
    \\  /    A nd           | Version:  9
     \\/     M anipulation  |
\*---------------------------------------------------------------------------*/
FoamFile
{
    format      ascii;
    class       volVectorField;
    location    "18";
    object      U;
}
// * * * * * * * * * * * * * * * * * * * * * * * * * * * * * * * * * * * * * //

dimensions      [0 1 -1 0 0 0 0];

internalField   nonuniform List<vector> 
2200
(
(0.878605 -0.0303699 0)
(1.00565 -0.0513015 0)
(1.00281 -0.0353642 0)
(0.99985 -0.0244289 0)
(0.999665 -0.0167068 0)
(1.00003 -0.0108796 0)
(1.00021 -0.00691069 0)
(1.00025 -0.00408464 0)
(1.00023 -0.0020931 0)
(1.00016 -0.000642501 0)
(1.00011 0.000756209 0)
(1.00024 0.00228274 0)
(1.00027 0.00425779 0)
(1.00026 0.00711305 0)
(1.00007 0.0110197 0)
(0.999696 0.0168259 0)
(0.999888 0.0245116 0)
(1.00285 0.0354322 0)
(1.00565 0.0513209 0)
(0.878592 0.0303923 0)
(0.712397 -0.0327092 0)
(0.996706 -0.0628015 0)
(1.03386 -0.0559719 0)
(1.02517 -0.045961 0)
(1.01569 -0.0354045 0)
(1.00942 -0.0256067 0)
(1.00584 -0.0176017 0)
(1.00376 -0.0113057 0)
(1.00248 -0.00609714 0)
(1.00198 -0.00171264 0)
(1.00193 0.00241307 0)
(1.00245 0.00675072 0)
(1.00374 0.0118932 0)
(1.00573 0.0180164 0)
(1.00927 0.0259843 0)
(1.01554 0.0356955 0)
(1.02501 0.0461881 0)
(1.03366 0.0561185 0)
(0.996571 0.0629506 0)
(0.712228 0.0327343 0)
(0.536234 -0.0238748 0)
(0.970305 -0.0567359 0)
(1.05657 -0.0543353 0)
(1.05281 -0.048606 0)
(1.03694 -0.0401819 0)
(1.02464 -0.0317245 0)
(1.01571 -0.0235634 0)
(1.00996 -0.0159532 0)
(1.00672 -0.00901696 0)
(1.00543 -0.00263679 0)
(1.00542 0.00373174 0)
(1.00668 0.00998142 0)
(1.00975 0.0167503 0)
(1.01547 0.0242907 0)
(1.0244 0.0323005 0)
(1.0367 0.0406989 0)
(1.05257 0.0490515 0)
(1.05634 0.0547056 0)
(0.969832 0.0569591 0)
(0.535575 0.0239458 0)
(0.39348 -0.0133956 0)
(0.9123 -0.0459024 0)
(1.05795 -0.0465197 0)
(1.0696 -0.043822 0)
(1.05514 -0.0380038 0)
(1.03938 -0.0314941 0)
(1.02753 -0.0247149 0)
(1.01918 -0.0173494 0)
(1.01402 -0.00997133 0)
(1.01161 -0.00275141 0)
(1.01149 0.00433836 0)
(1.01372 0.0114347 0)
(1.01882 0.0186284 0)
(1.02713 0.0258036 0)
(1.03895 0.0325041 0)
(1.05473 0.0388357 0)
(1.06908 0.0444965 0)
(1.05712 0.0470394 0)
(0.911141 0.0461899 0)
(0.392126 0.0134756 0)
(0.311497 -0.00418292 0)
(0.849695 -0.0312678 0)
(1.04996 -0.0381721 0)
(1.07884 -0.0363512 0)
(1.06776 -0.032121 0)
(1.05169 -0.027043 0)
(1.03814 -0.0220714 0)
(1.02761 -0.0163271 0)
(1.02064 -0.00979906 0)
(1.0171 -0.00253409 0)
(1.0169 0.00469121 0)
(1.02018 0.0118542 0)
(1.02699 0.0181865 0)
(1.03743 0.0237343 0)
(1.05088 0.0283639 0)
(1.06681 0.0331886 0)
(1.07777 0.037174 0)
(1.04861 0.0387763 0)
(0.847655 0.0315904 0)
(0.309493 0.0042503 0)
(0.270182 0.000343786 0)
(0.795168 -0.0190015 0)
(1.03566 -0.0292762 0)
(1.0834 -0.029449 0)
(1.07629 -0.0260318 0)
(1.06037 -0.0216669 0)
(1.04704 -0.017696 0)
(1.03618 -0.0132326 0)
(1.02815 -0.00810202 0)
(1.02344 -0.00186255 0)
(1.02327 0.00459331 0)
(1.02762 0.0105909 0)
(1.03527 0.0154073 0)
(1.04584 0.0194811 0)
(1.05902 0.0232182 0)
(1.07493 0.027358 0)
(1.08179 0.0305484 0)
(1.03352 0.0301057 0)
(0.792046 0.0193925 0)
(0.267469 -0.000269826 0)
(0.248162 0.00137677 0)
(0.747207 -0.0112018 0)
(1.01788 -0.0231021 0)
(1.08447 -0.024423 0)
(1.08182 -0.0216916 0)
(1.06636 -0.0177989 0)
(1.05342 -0.0140722 0)
(1.04333 -0.0100801 0)
(1.03549 -0.00576146 0)
(1.03063 -0.000891537 0)
(1.03034 0.00445576 0)
(1.03465 0.00900752 0)
(1.04204 0.0129393 0)
(1.05187 0.0166266 0)
(1.06474 0.0199743 0)
(1.07995 0.023483 0)
(1.08222 0.0259091 0)
(1.01452 0.0241709 0)
(0.742321 0.0116609 0)
(0.244521 -0.00126179 0)
(0.237014 0.00120001 0)
(0.708718 -0.00576881 0)
(0.998653 -0.0170096 0)
(1.08291 -0.0190051 0)
(1.0852 -0.0173859 0)
(1.07054 -0.0145121 0)
(1.05701 -0.0113574 0)
(1.04649 -0.00798839 0)
(1.03881 -0.00414237 0)
(1.03449 -7.31496e-05 0)
(1.03396 0.00460854 0)
(1.03745 0.00840794 0)
(1.04453 0.0118396 0)
(1.0548 0.014617 0)
(1.06793 0.0171627 0)
(1.08236 0.0196116 0)
(1.07952 0.0207508 0)
(0.993815 0.0181541 0)
(0.702202 0.00626527 0)
(0.232393 -0.00105962 0)
(0.233407 0.00082348 0)
(0.684329 -0.00165202 0)
(0.982017 -0.0098342 0)
(1.07913 -0.0119477 0)
(1.08621 -0.0117799 0)
(1.07227 -0.010291 0)
(1.05826 -0.00870512 0)
(1.0476 -0.00620944 0)
(1.04007 -0.0029208 0)
(1.03597 0.000794326 0)
(1.03533 0.00502396 0)
(1.03843 0.00833099 0)
(1.0453 0.0110125 0)
(1.05498 0.0126766 0)
(1.06897 0.0136485 0)
(1.08234 0.0145195 0)
(1.0743 0.0140439 0)
(0.975125 0.0112128 0)
(0.675845 0.00226002 0)
(0.227413 -0.000695222 0)
(0.233762 0.00054744 0)
(0.673034 0.000357133 0)
(0.969801 -0.00435487 0)
(1.0749 -0.00635408 0)
(1.08632 -0.00701755 0)
(1.0741 -0.00661097 0)
(1.06031 -0.0058768 0)
(1.04981 -0.00424405 0)
(1.04215 -0.00165315 0)
(1.03788 0.0017179 0)
(1.03709 0.00535849 0)
(1.03996 0.00813139 0)
(1.04653 0.00996548 0)
(1.05672 0.0107348 0)
(1.06971 0.0107564 0)
(1.08104 0.0102545 0)
(1.06852 0.00883369 0)
(0.9612 0.00602769 0)
(0.662245 0.000429244 0)
(0.226435 -0.000301932 0)
(0.235584 0.000189233 0)
(0.669135 0.000657806 0)
(0.963027 -0.00174407 0)
(1.07188 -0.00354234 0)
(1.08612 -0.00446456 0)
(1.07576 -0.0045672 0)
(1.06344 -0.00399227 0)
(1.05385 -0.00247618 0)
(1.04665 -0.000235499 0)
(1.04217 0.00283965 0)
(1.04088 0.00593838 0)
(1.04321 0.0083618 0)
(1.04905 0.00969174 0)
(1.05752 0.0106274 0)
(1.0691 0.00977089 0)
(1.07904 0.00869698 0)
(1.0633 0.00686837 0)
(0.951563 0.0039678 0)
(0.655567 0.000354607 0)
(0.226087 2.11931e-05 0)
(0.236844 -5.99127e-06 0)
(0.668526 0.00068017 0)
(0.959128 -0.000601768 0)
(1.06911 -0.00244117 0)
(1.08515 -0.00354138 0)
(1.07601 -0.00375588 0)
(1.06527 -0.00336682 0)
(1.0567 -0.00153241 0)
(1.05027 0.000941329 0)
(1.04609 0.00426559 0)
(1.04455 0.00732653 0)
(1.0461 0.00979127 0)
(1.05055 0.0108975 0)
(1.05727 0.0109924 0)
(1.06793 0.0100658 0)
(1.0758 0.00866356 0)
(1.05785 0.0063917 0)
(0.943967 0.0033659 0)
(0.650822 0.000709612 0)
(0.225064 0.000157248 0)
(0.238268 0.00019507 0)
(0.668922 0.00087977 0)
(0.955203 0.00044433 0)
(1.06561 -0.00100434 0)
(1.08274 -0.0023306 0)
(1.07535 -0.00294522 0)
(1.06553 -0.00233811 0)
(1.05765 -0.00056622 0)
(1.0516 0.00204792 0)
(1.04744 0.00556695 0)
(1.04562 0.00874162 0)
(1.0466 0.0112856 0)
(1.05018 0.0122365 0)
(1.05627 0.0120017 0)
(1.06506 0.011039 0)
(1.07073 0.00889006 0)
(1.05098 0.00602785 0)
(0.93644 0.00285501 0)
(0.646168 0.000759109 0)
(0.223153 0.000181459 0)
(0.240363 0.000343313 0)
(0.670422 0.00118009 0)
(0.953397 0.00181309 0)
(1.06217 0.000396471 0)
(1.08055 -0.00079938 0)
(1.07507 -0.00146532 0)
(1.0666 -0.000680308 0)
(1.05946 0.00119341 0)
(1.05359 0.00394767 0)
(1.04912 0.00743082 0)
(1.04682 0.0104828 0)
(1.04718 0.0127469 0)
(1.04991 0.0134054 0)
(1.05488 0.0130738 0)
(1.06154 0.0114922 0)
(1.06502 0.00876394 0)
(1.04365 0.00552271 0)
(0.9297 0.00243009 0)
(0.642423 0.000741824 0)
(0.221571 0.000180111 0)
(0.243598 0.00037108 0)
(0.674354 0.00152134 0)
(0.953785 0.00262059 0)
(1.05967 0.00208736 0)
(1.07904 0.00137524 0)
(1.07562 0.000919352 0)
(1.069 0.00177789 0)
(1.06282 0.00363137 0)
(1.0572 0.00639167 0)
(1.05231 0.00969614 0)
(1.04912 0.01253 0)
(1.04841 0.0142533 0)
(1.04983 0.0145912 0)
(1.05334 0.0137875 0)
(1.05774 0.0119344 0)
(1.05901 0.0091238 0)
(1.0362 0.00584 0)
(0.923049 0.00282251 0)
(0.638169 0.0010945 0)
(0.219487 0.000273521 0)
(0.246751 0.000369805 0)
(0.678378 0.00174965 0)
(0.955218 0.00316451 0)
(1.05925 0.00331404 0)
(1.0786 0.00305319 0)
(1.07652 0.00329819 0)
(1.07131 0.00468841 0)
(1.06592 0.00685277 0)
(1.06053 0.00975906 0)
(1.0553 0.0129041 0)
(1.05126 0.0153987 0)
(1.04947 0.0164061 0)
(1.04955 0.0161733 0)
(1.05156 0.0146763 0)
(1.054 0.0123816 0)
(1.05337 0.00933437 0)
(1.02941 0.00610841 0)
(0.917006 0.00329369 0)
(0.633745 0.00147295 0)
(0.216826 0.000352453 0)
(0.251402 0.000496435 0)
(0.685697 0.00227919 0)
(0.958759 0.00423506 0)
(1.06013 0.00513474 0)
(1.07932 0.00564347 0)
(1.07821 0.00649886 0)
(1.07387 0.0081254 0)
(1.06885 0.0105323 0)
(1.06334 0.0135525 0)
(1.0575 0.0165686 0)
(1.05241 0.018657 0)
(1.04929 0.0189655 0)
(1.04805 0.0179425 0)
(1.04834 0.0160006 0)
(1.04918 0.013364 0)
(1.0471 0.0102658 0)
(1.0224 0.00712986 0)
(0.910293 0.00421675 0)
(0.627604 0.00192024 0)
(0.213057 0.000443245 0)
(0.25605 0.000645527 0)
(0.691807 0.00269424 0)
(0.963098 0.00524718 0)
(1.06265 0.0068106 0)
(1.08152 0.00840342 0)
(1.08083 0.0101692 0)
(1.07684 0.0126055 0)
(1.07181 0.0154676 0)
(1.06581 0.0185905 0)
(1.05898 0.0213932 0)
(1.05254 0.0228342 0)
(1.04799 0.0223127 0)
(1.04553 0.0203713 0)
(1.0445 0.0177191 0)
(1.04412 0.0144354 0)
(1.04088 0.0110099 0)
(1.01526 0.0076625 0)
(0.902838 0.0047364 0)
(0.620636 0.00224257 0)
(0.208719 0.000515618 0)
(0.263688 0.000879892 0)
(0.703589 0.00375663 0)
(0.971502 0.00734179 0)
(1.06751 0.00998717 0)
(1.08545 0.0120847 0)
(1.08487 0.0146012 0)
(1.0809 0.0176092 0)
(1.07556 0.020985 0)
(1.0688 0.0244432 0)
(1.0607 0.0271296 0)
(1.05264 0.0279108 0)
(1.04645 0.0264732 0)
(1.04257 0.0235788 0)
(1.04019 0.0201566 0)
(1.03859 0.0164535 0)
(1.03437 0.0128388 0)
(1.00813 0.00942799 0)
(0.895123 0.00609977 0)
(0.612238 0.00284203 0)
(0.203264 0.000630655 0)
(0.27169 0.00116181 0)
(0.714653 0.00447414 0)
(0.980356 0.00880839 0)
(1.0743 0.0122596 0)
(1.09147 0.0158577 0)
(1.09053 0.0196687 0)
(1.08607 0.02376 0)
(1.07985 0.0280429 0)
(1.07178 0.0319475 0)
(1.06185 0.0345899 0)
(1.0517 0.0346534 0)
(1.0436 0.0321571 0)
(1.03816 0.0282985 0)
(1.03451 0.0239321 0)
(1.03187 0.019461 0)
(1.02672 0.0151152 0)
(0.999146 0.0109236 0)
(0.884362 0.0071209 0)
(0.601218 0.00338707 0)
(0.196634 0.00076896 0)
(0.284546 0.00154095 0)
(0.733121 0.00647195 0)
(0.994107 0.0122728 0)
(1.08376 0.0170708 0)
(1.09928 0.0211522 0)
(1.09778 0.0260129 0)
(1.09237 0.0311824 0)
(1.08488 0.0363248 0)
(1.07499 0.0407707 0)
(1.06281 0.0433423 0)
(1.05028 0.0426273 0)
(1.04017 0.0389215 0)
(1.03316 0.0338328 0)
(1.02832 0.0283517 0)
(1.02473 0.0230256 0)
(1.01875 0.0182067 0)
(0.990327 0.0137792 0)
(0.874193 0.00921451 0)
(0.589389 0.00431687 0)
(0.18868 0.000927275 0)
(0.298956 0.00213713 0)
(0.753479 0.00755845 0)
(1.01016 0.0149579 0)
(1.09606 0.0210707 0)
(1.11016 0.0273437 0)
(1.10724 0.0340365 0)
(1.10029 0.040652 0)
(1.09071 0.0470145 0)
(1.07833 0.052198 0)
(1.06326 0.0546654 0)
(1.04777 0.0530593 0)
(1.03521 0.0480432 0)
(1.02629 0.0416619 0)
(1.01998 0.0349512 0)
(1.01532 0.028531 0)
(1.00826 0.0223178 0)
(0.977573 0.0163722 0)
(0.857516 0.0107722 0)
(0.571729 0.0050431 0)
(0.178489 0.00110909 0)
(0.32064 0.00305386 0)
(0.781861 0.0116989 0)
(1.03219 0.020949 0)
(1.11245 0.0291329 0)
(1.12376 0.0362961 0)
(1.11907 0.0447039 0)
(1.10979 0.0529218 0)
(1.09735 0.0605262 0)
(1.08173 0.0661276 0)
(1.06307 0.0682073 0)
(1.04421 0.0653673 0)
(1.02904 0.0586548 0)
(1.01823 0.0505333 0)
(1.01056 0.0421621 0)
(1.00476 0.0342365 0)
(0.996608 0.0272253 0)
(0.964598 0.0206501 0)
(0.843036 0.0138826 0)
(0.554996 0.0064578 0)
(0.167226 0.0012908 0)
(0.350534 0.00421425 0)
(0.820979 0.0142099 0)
(1.06032 0.0274831 0)
(1.13281 0.0379843 0)
(1.14151 0.0480231 0)
(1.13354 0.0593763 0)
(1.1209 0.0692598 0)
(1.10474 0.0779 0)
(1.08508 0.0836956 0)
(1.06233 0.0849837 0)
(1.03968 0.0804837 0)
(1.02152 0.0718338 0)
(1.00841 0.0619076 0)
(0.998998 0.0520537 0)
(0.991892 0.0427471 0)
(0.98205 0.0338016 0)
(0.946172 0.0252338 0)
(0.816839 0.0165469 0)
(0.526579 0.00738779 0)
(0.15174 0.00146809 0)
(0.386678 0.0082947 0)
(0.867229 0.0239798 0)
(1.09626 0.0395528 0)
(1.15903 0.0530303 0)
(1.16329 0.0664982 0)
(1.15061 0.079611 0)
(1.13336 0.0907811 0)
(1.11236 0.0999556 0)
(1.08782 0.105225 0)
(1.06023 0.104981 0)
(1.03322 0.0983388 0)
(1.01181 0.0873964 0)
(0.996404 0.0752825 0)
(0.985202 0.0631952 0)
(0.976489 0.0518717 0)
(0.964878 0.0414562 0)
(0.926226 0.0312423 0)
(0.795527 0.020989 0)
(0.503783 0.00971667 0)
(0.13778 0.00151432 0)
(0.471364 0.0118555 0)
(0.94324 0.0337925 0)
(1.14404 0.0590577 0)
(1.19145 0.0761407 0)
(1.18907 0.0935479 7.05259e-35)
(1.16953 0.107961 -4.79671e-35)
(1.14618 0.119859 0)
(1.11939 0.128296 0)
(1.08939 0.131867 0)
(1.05663 0.129236 0)
(1.02541 0.119572 0)
(1.00073 0.10564 0)
(0.982693 0.0911259 0)
(0.969394 0.0773086 0)
(0.958777 0.0643329 0)
(0.944411 0.0521229 0)
(0.899966 0.0399881 0)
(0.755444 0.0265412 0)
(0.454341 0.0106929 0)
(0.11229 0.00135964 0)
(0.536039 0.0271143 -7.76336e-21)
(1.02977 0.0584732 5.21381e-21)
(1.19692 0.0914233 0)
(1.22735 0.112212 7.70525e-22)
(1.21546 0.132289 -6.24412e-22)
(1.18808 0.146331 5.0607e-35)
(1.15825 0.156948 0)
(1.12519 0.163536 4.72189e-21)
(1.08899 0.164841 -1.69457e-20)
(1.05023 0.15926 3.74942e-21)
(1.01359 0.146347 0)
(0.984562 0.129791 -1.23533e-20)
(0.963256 0.113075 -1.54805e-20)
(0.94706 0.0969945 2.72292e-20)
(0.933416 0.0820785 -2.19093e-20)
(0.914499 0.0675564 0)
(0.8605 0.0519319 -8.44917e-21)
(0.703057 0.0351498 0)
(0.408718 0.0176991 -4.5694e-20)
(0.0949817 0.00251745 5.42183e-20)
(0.561065 0.0543005 -1.19794e-22)
(1.07848 0.10331 -4.62235e-20)
(1.23957 0.143513 1.21867e-20)
(1.26013 0.161514 1.78337e-20)
(1.23903 0.180349 -5.57226e-22)
(1.20458 0.192162 1.63017e-21)
(1.16813 0.200896 0)
(1.12842 0.205644 0)
(1.08575 0.204783 2.64691e-20)
(1.04085 0.196672 0)
(0.998695 0.181368 4.23109e-20)
(0.964881 0.162486 1.32531e-20)
(0.938721 0.143907 3.74605e-22)
(0.918082 0.126776 -3.05748e-20)
(0.900407 0.110937 0)
(0.877896 0.0966524 0)
(0.822852 0.0800204 -1.43162e-19)
(0.673795 0.0606471 3.59977e-19)
(0.397375 0.0317655 -2.1396e-19)
(0.0964206 0.00937439 -2.54891e-19)
(0.563068 0.0824087 8.05218e-20)
(1.10604 0.162023 -2.35216e-20)
(1.2711 0.207397 -6.20435e-21)
(1.28637 0.221835 -3.41616e-20)
(1.25799 0.236621 1.36208e-20)
(1.21743 0.244337 1.01598e-21)
(1.17462 0.250024 3.69536e-21)
(1.12868 0.251775 0)
(1.08006 0.247837 -5.46484e-20)
(1.02902 0.236588 6.12993e-20)
(0.980533 0.218211 -1.15667e-19)
(0.941209 0.197489 5.64789e-20)
(0.911843 0.178585 -4.18845e-20)
(0.888603 0.161569 9.16544e-20)
(0.868043 0.146215 0)
(0.843635 0.131793 -3.61254e-20)
(0.790955 0.116628 0)
(0.654883 0.0906573 2.06936e-19)
(0.399183 0.0545691 -4.91206e-19)
(0.110042 0.0159006 3.08444e-19)
(0.549484 0.113844 -3.78514e-19)
(1.11904 0.222066 1.51229e-19)
(1.29014 0.276138 2.42686e-20)
(1.30391 0.286981 0)
(1.27064 0.297596 1.87897e-20)
(1.2254 0.300771 -2.04201e-20)
(1.17731 0.302615 -3.7763e-21)
(1.12617 0.300449 0)
(1.07237 0.292759 3.85121e-20)
(1.01605 0.278037 -4.20395e-20)
(0.963574 0.257176 1.01501e-19)
(0.921552 0.235044 0)
(0.887732 0.214753 -8.81038e-20)
(0.86048 0.19759 4.85447e-20)
(0.838383 0.182766 1.32234e-19)
(0.81403 0.168525 -1.16297e-19)
(0.765268 0.152172 1.93129e-19)
(0.642158 0.123244 -4.29658e-19)
(0.406934 0.0777877 2.73012e-19)
(0.121133 0.0244718 -3.42996e-19)
(0.530494 0.138162 2.32865e-19)
(1.11893 0.277628 -1.71574e-19)
(1.29925 0.344039 7.58189e-20)
(1.31336 0.352453 -1.04377e-19)
(1.27662 0.359918 7.04441e-20)
(1.22812 0.358897 -1.18176e-20)
(1.17615 0.356716 3.71113e-21)
(1.12092 0.350426 -2.41134e-20)
(1.0626 0.338968 -3.8148e-20)
(1.00136 0.320927 -9.01248e-20)
(0.943464 0.296975 -2.18899e-19)
(0.896098 0.272195 -7.3875e-20)
(0.861865 0.251521 2.80837e-21)
(0.835711 0.233611 -1.74576e-19)
(0.813418 0.218796 -6.29946e-21)
(0.79005 0.20414 1.705e-19)
(0.745673 0.18729 -5.30391e-20)
(0.633157 0.155711 -3.11735e-20)
(0.410313 0.100956 0)
(0.126994 0.0323694 7.32942e-19)
(0.510622 0.160226 0)
(1.11005 0.329303 5.29811e-20)
(1.30085 0.408526 3.67517e-20)
(1.31647 0.416334 -1.21205e-20)
(1.27713 0.421805 -8.55006e-20)
(1.22633 0.416861 1.87307e-20)
(1.17147 0.410833 3.52305e-22)
(1.11289 0.400618 4.37632e-20)
(1.05068 0.3854 -2.30189e-20)
(0.98553 0.363543 3.94125e-20)
(0.925259 0.335764 1.18013e-19)
(0.878431 0.309685 1.6361e-19)
(0.841772 0.287042 -1.02193e-19)
(0.812812 0.268002 1.89108e-19)
(0.790409 0.251948 -1.5197e-19)
(0.768419 0.23864 0)
(0.727571 0.22008 -4.06386e-19)
(0.622961 0.187055 5.46345e-19)
(0.40903 0.121581 4.14246e-20)
(0.128171 0.0393456 -7.72742e-19)
(0.493779 0.180992 -5.73342e-21)
(1.0991 0.378754 -3.61506e-19)
(1.29706 0.469867 -2.76707e-19)
(1.31405 0.477578 2.30774e-19)
(1.27264 0.481639 -5.08265e-20)
(1.22052 0.473322 2.78651e-20)
(1.16363 0.463909 -1.21975e-20)
(1.10258 0.450078 -2.42934e-21)
(1.03754 0.431207 -7.96762e-20)
(0.969741 0.405535 9.74563e-22)
(0.906827 0.37527 -1.28338e-19)
(0.856393 0.345301 -1.74077e-19)
(0.820097 0.320822 1.1527e-19)
(0.793039 0.300742 -6.79776e-20)
(0.770254 0.284706 1.65417e-19)
(0.747779 0.270084 0)
(0.709083 0.250343 -2.51744e-19)
(0.609096 0.214012 3.72431e-19)
(0.40128 0.140141 7.14043e-19)
(0.12592 0.0442749 -8.36898e-19)
(0.478826 0.199546 -6.87323e-19)
(1.08467 0.424764 3.47152e-19)
(1.28954 0.528072 2.69313e-19)
(1.30791 0.535952 -2.50129e-19)
(1.26493 0.538765 1.11746e-20)
(1.21195 0.52744 7.43372e-20)
(1.1535 0.515177 9.57591e-23)
(1.09049 0.498096 -1.60101e-20)
(1.02308 0.475856 -4.94796e-20)
(0.952592 0.446794 8.73083e-20)
(0.886622 0.411969 1.20756e-19)
(0.83543 0.379564 2.72762e-19)
(0.797555 0.353249 0)
(0.768284 0.331415 5.42007e-21)
(0.746303 0.312805 -4.60198e-19)
(0.726447 0.299171 1.05644e-19)
(0.691618 0.278869 5.40504e-19)
(0.595339 0.237452 -1.58363e-19)
(0.389753 0.154967 3.38723e-19)
(0.121502 0.0482182 -2.79906e-20)
(0.468871 0.21811 6.43013e-21)
(1.07154 0.469166 3.21152e-19)
(1.27952 0.583768 2.04291e-19)
(1.29885 0.591591 -4.45464e-19)
(1.25457 0.592839 2.84418e-19)
(1.20108 0.578813 -9.13774e-20)
(1.14148 0.564189 -3.5914e-21)
(1.07699 0.544333 3.2227e-20)
(1.00767 0.519174 8.64408e-20)
(0.934883 0.48678 -1.13135e-19)
(0.867475 0.449066 0)
(0.815468 0.41419 -1.07919e-19)
(0.777494 0.384683 1.239e-19)
(0.750108 0.361517 1.67495e-19)
(0.727186 0.342264 -9.60616e-20)
(0.704891 0.324875 -2.43073e-19)
(0.668707 0.301665 -7.3942e-20)
(0.575318 0.256881 -1.21945e-21)
(0.376454 0.166499 0)
(0.11569 0.0514208 0)
(0.459856 0.234262 -3.39305e-19)
(1.05756 0.510389 0)
(1.26789 0.636052 2.34019e-19)
(1.28821 0.644548 -1.0777e-19)
(1.24296 0.644161 -2.96016e-19)
(1.18897 0.62751 8.16212e-20)
(1.12827 0.610788 -9.78374e-21)
(1.06246 0.588494 -1.31889e-20)
(0.991527 0.560766 5.27348e-20)
(0.916758 0.525082 -4.7424e-20)
(0.846556 0.483829 6.76111e-20)
(0.790729 0.443721 3.36797e-19)
(0.750257 0.411502 1.32567e-20)
(0.719849 0.384912 -1.70767e-19)
(0.70025 0.363668 3.30839e-19)
(0.683211 0.3475 4.45872e-21)
(0.651904 0.323731 7.91095e-20)
(0.559953 0.275081 -3.85711e-19)
(0.361935 0.176076 3.91287e-19)
(0.109216 0.0534111 -4.66943e-19)
(0.453557 0.254014 2.8347e-23)
(1.04501 0.55008 0)
(1.25541 0.685213 0)
(1.27635 0.694688 1.00622e-19)
(1.23023 0.69275 1.15915e-19)
(1.17583 0.673655 -6.83529e-20)
(1.11417 0.654983 4.54899e-20)
(1.04722 0.630539 0)
(0.974666 0.600523 -8.73132e-20)
(0.897308 0.562345 1.65565e-19)
(0.824069 0.517986 2.07253e-19)
(0.769244 0.476238 -1.27225e-19)
(0.731958 0.44159 -1.5991e-19)
(0.706134 0.414175 3.78473e-19)
(0.682164 0.391103 -1.17011e-19)
(0.659882 0.368312 -1.42259e-19)
(0.625032 0.342267 -8.72019e-20)
(0.535635 0.287943 -4.18557e-19)
(0.345987 0.183154 5.85243e-20)
(0.101794 0.0544712 5.07459e-19)
(0.449935 0.272959 -1.35564e-19)
(1.0332 0.587226 -2.13712e-19)
(1.24234 0.731058 2.37789e-20)
(1.26381 0.742028 1.4495e-22)
(1.21711 0.738884 3.84088e-20)
(1.16234 0.717495 -1.82216e-19)
(1.09974 0.69694 0)
(1.03166 0.670533 1.20729e-20)
(0.957557 0.638531 -9.51976e-21)
(0.878399 0.597966 2.59669e-19)
(0.803942 0.550181 -5.29629e-20)
(0.745719 0.503952 5.79263e-20)
(0.702075 0.464334 0)
(0.669823 0.431859 -2.06787e-19)
(0.65216 0.40483 2.58292e-19)
(0.637098 0.387472 0)
(0.607893 0.356632 -1.91351e-19)
(0.517581 0.300999 5.59338e-19)
(0.329064 0.188168 6.67441e-20)
(0.0938634 0.0542925 -6.29136e-19)
(0.447784 0.290037 -3.00762e-19)
(1.02246 0.622406 3.85474e-19)
(1.22907 0.773819 0)
(1.25069 0.786247 2.50453e-19)
(1.20351 0.782223 0)
(1.14856 0.759018 1.71053e-19)
(1.08525 0.736806 0)
(1.01621 0.708631 0)
(0.940903 0.674862 -3.08263e-20)
(0.85973 0.632433 -2.53687e-19)
(0.782447 0.582755 -3.85218e-19)
(0.721672 0.534265 7.36676e-20)
(0.681379 0.492926 2.76237e-19)
(0.656303 0.458544 2.32988e-19)
(0.633921 0.432381 -8.28859e-19)
(0.612451 0.402228 -3.43458e-19)
(0.577949 0.372386 1.99554e-19)
(0.491295 0.308758 0)
(0.31071 0.190817 5.77956e-19)
(0.0851235 0.0530319 -6.82986e-19)
(0.446118 0.305796 3.31813e-19)
(1.01196 0.655272 -4.23586e-19)
(1.21575 0.81365 0)
(1.23745 0.827647 -1.01212e-20)
(1.18998 0.822985 -1.03039e-19)
(1.13492 0.798248 0)
(1.07109 0.774618 -1.47858e-20)
(1.00134 0.744887 1.89247e-20)
(0.924889 0.709621 -3.6604e-20)
(0.841691 0.665472 2.42127e-20)
(0.761294 0.612882 0)
(0.69865 0.560185 2.93272e-19)
(0.653313 0.514196 3.80407e-21)
(0.618305 0.475097 1.26663e-19)
(0.599529 0.44032 1.52867e-19)
(0.586665 0.416869 0)
(0.559264 0.379959 -3.38131e-19)
(0.471061 0.315232 6.62797e-19)
(0.29178 0.191164 -7.06714e-19)
(0.0765349 0.0505722 1.48423e-18)
(0.444577 0.320832 0)
(1.00218 0.686771 0)
(1.20267 0.850923 -2.32095e-19)
(1.22407 0.866167 0)
(1.17628 0.8609 0)
(1.12133 0.835042 2.45514e-19)
(1.05719 0.810296 -1.86584e-20)
(0.986822 0.779288 1.67327e-20)
(0.90907 0.742754 -1.51224e-21)
(0.823528 0.697449 0)
(0.740473 0.643767 -6.19846e-20)
(0.674996 0.589247 -2.43387e-19)
(0.628162 0.538918 -3.06633e-19)
(0.601955 0.496379 -1.27752e-19)
(0.580407 0.46216 1.68562e-19)
(0.560194 0.427578 -4.00657e-19)
(0.527656 0.391734 7.32522e-19)
(0.442005 0.317924 7.93559e-21)
(0.2719 0.189159 -6.84047e-19)
(0.0677566 0.0473348 -1.01585e-19)
(0.44297 0.335466 0)
(0.992615 0.716336 -3.29517e-19)
(1.18988 0.885733 2.59387e-19)
(1.21104 0.902274 0)
(1.16302 0.896407 0)
(1.1081 0.869505 -5.42403e-19)
(1.04366 0.843815 0)
(0.972771 0.8118 0)
(0.89406 0.774234 -5.80465e-20)
(0.807168 0.727992 4.83282e-20)
(0.721863 0.67208 -4.89897e-19)
(0.651477 0.61385 0)
(0.601466 0.56234 -3.32774e-19)
(0.561532 0.514073 1.17082e-20)
(0.542314 0.47007 -5.38482e-19)
(0.53142 0.437771 2.17302e-19)
(0.505843 0.388865 4.17829e-21)
(0.421794 0.316692 -7.85197e-19)
(0.253566 0.185052 3.72379e-19)
(0.0612557 0.0439125 1.08685e-19)
(0.441413 0.349631 0)
(0.983923 0.744808 -3.88703e-19)
(1.17749 0.918536 2.75613e-19)
(1.19809 0.936008 5.79208e-19)
(1.14981 0.929435 1.17717e-19)
(1.09502 0.901647 -8.2094e-20)
(1.03044 0.875196 5.12704e-20)
(0.959171 0.842374 -1.0267e-19)
(0.879563 0.803961 6.20931e-20)
(0.790513 0.757093 2.88811e-19)
(0.701428 0.701058 4.06232e-19)
(0.627444 0.643766 7.86934e-20)
(0.57235 0.587811 4.83612e-19)
(0.542609 0.534957 3.15194e-19)
(0.518829 0.490691 3.89036e-19)
(0.499872 0.438788 -2.43854e-19)
(0.471538 0.396411 -2.9021e-19)
(0.391923 0.312587 3.42008e-19)
(0.232134 0.176357 -2.02365e-19)
(0.0562063 0.0413081 3.55641e-19)
(0.439829 0.363241 5.12941e-19)
(0.975301 0.771106 6.17143e-19)
(1.16547 0.949043 1.51077e-19)
(1.18573 0.967642 1.59195e-20)
(1.13728 0.96044 -4.08611e-19)
(1.08254 0.931755 1.57035e-19)
(1.01774 0.904579 -5.85282e-20)
(0.946156 0.871088 -2.10918e-20)
(0.8658 0.832228 -5.02384e-20)
(0.77525 0.785214 -3.23694e-19)
(0.683513 0.728965 2.39588e-20)
(0.604883 0.669063 0)
(0.547125 0.610743 0)
(0.498116 0.554088 -1.59887e-19)
(0.473326 0.493911 -6.39543e-19)
(0.463468 0.44723 5.29136e-19)
(0.445529 0.377064 3.24956e-19)
(0.377032 0.292306 0)
(0.232058 0.155222 6.45483e-19)
(0.0509221 0.0241926 -3.86428e-19)
(0.438357 0.376036 -2.73998e-19)
(0.967524 0.796449 2.36297e-19)
(1.1539 0.97786 -3.37392e-19)
(1.17354 0.997201 -3.63709e-19)
(1.12496 0.98932 -1.611e-19)
(1.07041 0.959879 3.77033e-20)
(1.0056 0.932103 0)
(0.933852 0.898082 1.48171e-19)
(0.85279 0.858902 1.0148e-20)
(0.76084 0.811849 0)
(0.667368 0.755959 0)
(0.586521 0.696663 5.52103e-20)
(0.519015 0.636494 8.54062e-20)
(0.477852 0.576153 -1.72218e-19)
(0.44611 0.518537 4.62594e-19)
(0.421304 0.443766 -5.82308e-19)
(0.398292 0.374203 -7.00517e-19)
(0.350993 0.270447 6.22632e-19)
(0.25175 0.165032 -2.33036e-19)
(0.130161 0.0986425 1.33513e-19)
(0.43663 0.387976 3.16148e-19)
(0.959539 0.819436 0)
(1.14269 1.00445 0)
(1.16202 1.02482 -1.22558e-19)
(1.11344 1.01642 9.91925e-20)
(1.05904 0.986237 -2.054e-20)
(0.994168 0.957894 -2.2288e-19)
(0.922284 0.923461 -2.27319e-19)
(0.840692 0.88403 3.9053e-20)
(0.747406 0.837216 -2.62721e-20)
(0.649791 0.781638 6.40508e-20)
(0.561157 0.721853 -4.5105e-19)
(0.494381 0.662552 -4.99745e-19)
(0.43076 0.600527 -9.17023e-20)
(0.389272 0.526031 0)
(0.367494 0.457901 -1.3373e-20)
(0.351689 0.330827 3.84313e-19)
(0.315776 0.178132 -6.54198e-19)
(0.281868 0.00966612 4.83878e-19)
(0.0857518 -0.0780637 3.86305e-19)
(0.434975 0.399207 -6.89314e-19)
(0.952313 0.84179 -2.96592e-19)
(1.13187 1.02973 5.98982e-21)
(1.15061 1.05075 1.55844e-19)
(1.10199 1.04185 0)
(1.04787 1.01119 4.66048e-19)
(0.983072 0.982498 2.77817e-19)
(0.911083 0.947804 -4.55715e-20)
(0.82894 0.908405 -6.02631e-21)
(0.734337 0.862032 -2.4563e-20)
(0.635824 0.808069 2.28146e-20)
(0.547645 0.751915 3.98866e-19)
(0.465778 0.69252 4.88725e-19)
(0.410434 0.625614 8.80991e-20)
(0.360904 0.564174 4.88966e-19)
(0.305385 0.459947 0)
(0.213304 0.335681 0)
(0.0644719 0.315538 4.85187e-19)
(-0.0582262 0.632428 -3.31508e-20)
(-0.00135619 1.48146 -6.25313e-19)
(0.432852 0.40981 3.74944e-19)
(0.944792 0.861999 8.89191e-19)
(1.12133 1.05317 -1.33611e-18)
(1.13975 1.07527 8.05531e-19)
(1.09118 1.06616 -9.44325e-20)
(1.03721 1.03514 6.07704e-19)
(0.972402 1.00629 0)
(0.900339 0.971592 2.34782e-19)
(0.817798 0.93256 0)
(0.722239 0.887037 2.2154e-19)
(0.619804 0.834299 -3.65688e-20)
(0.523369 0.778226 4.10027e-20)
(0.446623 0.723789 5.39e-19)
(0.360395 0.668329 -2.00316e-19)
(0.275694 0.589192 -2.56952e-19)
(0.209031 0.526703 0)
(0.112228 0.612343 0)
(0.0470511 1.2182 0)
(0.0828177 2.41055 -2.73222e-19)
(0.115098 2.88508 -1.6935e-19)
(0.430794 0.420147 0)
(0.938078 0.881814 0)
(1.1112 1.0756 4.7796e-19)
(1.12903 1.09836 -6.71477e-19)
(1.08041 1.08903 4.61377e-19)
(1.02672 1.05792 -5.57045e-19)
(0.961987 1.02911 -3.22064e-20)
(0.889965 0.994679 2.50763e-20)
(0.807003 0.956313 4.4058e-21)
(0.710242 0.912305 -2.51492e-19)
(0.606097 0.862672 5.48574e-20)
(0.507714 0.814008 3.70912e-19)
(0.410519 0.761405 -5.30791e-19)
(0.339811 0.696546 -6.2384e-19)
(0.277111 0.65407 2.18272e-19)
(0.213157 0.768904 0)
(0.153828 1.46746 3.15571e-19)
(0.154006 2.65782 3.56958e-19)
(0.157199 3.07616 -3.99476e-19)
(0.148253 3.21744 4.45566e-19)
(0.428388 0.429346 0)
(0.931031 0.89943 7.22297e-19)
(1.10135 1.09627 -1.23839e-19)
(1.11892 1.12016 8.4465e-19)
(1.07036 1.11082 -4.84284e-19)
(1.01682 1.07964 0)
(0.952137 1.05103 0)
(0.8801 1.01697 0)
(0.796944 0.979441 -8.62273e-20)
(0.699599 0.936703 1.09999e-21)
(0.59458 0.888147 0)
(0.494747 0.838886 -3.61471e-19)
(0.409389 0.79888 0)
(0.301198 0.755818 4.43466e-19)
(0.221396 0.835208 -2.86195e-19)
(0.178489 1.42722 -2.40929e-19)
(0.189216 2.64876 -5.95067e-19)
(0.208287 3.12454 -2.95388e-19)
(0.197113 3.27437 -3.34581e-19)
(0.181806 3.31615 2.96574e-19)
(0.426186 0.438053 -2.4405e-19)
(0.924776 0.916808 1.47003e-20)
(1.09196 1.11614 -1.33408e-19)
(1.109 1.14069 -6.76018e-19)
(1.06036 1.13133 0)
(1.0071 1.10033 0)
(0.942497 1.07204 0)
(0.870657 1.03855 -1.62744e-20)
(0.787312 1.00219 9.93618e-20)
(0.689391 0.961828 0)
(0.581341 0.918832 0)
(0.475108 0.88047 0)
(0.369633 0.839905 0)
(0.305451 0.839307 2.88153e-19)
(0.295218 1.17639 7.5261e-19)
(0.287185 2.30962 2.35852e-19)
(0.299279 3.07809 4.24165e-19)
(0.290272 3.29523 -2.63231e-19)
(0.238069 3.36539 9.73435e-20)
(0.20329 3.37841 0)
(0.423628 0.445989 2.47273e-19)
(0.917907 0.932434 -1.55718e-18)
(1.08258 1.13488 -4.40544e-19)
(1.09946 1.16064 -1.0761e-19)
(1.05091 1.15144 1.23583e-19)
(0.997786 1.12054 -8.73034e-19)
(0.933279 1.09266 5.92744e-20)
(0.861513 1.05984 4.13557e-19)
(0.778226 1.02473 0)
(0.679984 0.986192 -1.40159e-20)
(0.573002 0.943702 1.27502e-20)
(0.471056 0.903736 0)
(0.387833 0.880504 0)
(0.33621 1.00488 -3.56311e-19)
(0.308895 1.809 -5.98143e-21)
(0.304939 2.91546 -1.19748e-19)
(0.323035 3.29767 1.86715e-19)
(0.295385 3.40503 5.1597e-20)
(0.226284 3.43272 1.26025e-19)
(0.199374 3.44128 -6.46436e-20)
(0.420945 0.454232 4.76308e-19)
(0.911243 0.949506 1.48913e-18)
(1.07284 1.15459 5.41708e-19)
(1.08928 1.18095 0)
(1.04073 1.17175 0)
(0.987987 1.14106 6.68853e-19)
(0.923717 1.11356 -4.14653e-19)
(0.852478 1.08135 -3.80061e-19)
(0.76947 1.04748 -1.52758e-20)
(0.671714 1.01154 1.55775e-20)
(0.562438 0.976192 -2.4357e-19)
(0.454196 0.946878 0)
(0.374502 0.959518 0)
(0.354681 1.32322 -1.92301e-19)
(0.373879 2.40457 -2.52495e-19)
(0.415673 3.19721 0)
(0.443933 3.39204 1.03406e-19)
(0.373099 3.46033 2.24034e-19)
(0.294802 3.50514 -5.00949e-19)
(0.268113 3.53119 2.89599e-19)
(0.417375 0.462278 -9.03269e-19)
(0.903001 0.965927 -7.08396e-19)
(1.0621 1.17459 0)
(1.07857 1.20218 0)
(1.03029 1.19307 0)
(0.977831 1.16228 0)
(0.913872 1.13502 4.42989e-19)
(0.842964 1.10337 -4.88486e-19)
(0.760284 1.07079 0)
(0.662603 1.03693 -8.47936e-21)
(0.556839 1.00218 3.95087e-19)
(0.456763 0.976328 2.12244e-20)
(0.404556 1.05928 3.67251e-20)
(0.42076 1.69647 2.77806e-19)
(0.448584 2.86018 -6.64202e-20)
(0.484449 3.33338 0)
(0.466096 3.4702 -8.39136e-20)
(0.372214 3.56038 1.05739e-19)
(0.281415 3.63526 3.66424e-19)
(0.203571 3.61738 -3.22301e-19)
(0.413523 0.471025 4.28079e-19)
(0.894749 0.984814 -6.96012e-19)
(1.05055 1.19635 0)
(1.06669 1.22423 -1.72737e-19)
(1.01856 1.21491 6.55861e-19)
(0.966722 1.18411 0)
(0.903303 1.15708 0)
(0.833307 1.12585 9.12932e-19)
(0.751609 1.0942 1.59943e-20)
(0.655713 1.06261 -1.01544e-19)
(0.54572 1.03422 -1.63341e-19)
(0.458151 1.02835 1.31398e-19)
(0.428208 1.21974 0)
(0.466543 2.0897 -1.27046e-19)
(0.517572 3.12375 1.1163e-19)
(0.576938 3.4434 -5.3757e-20)
(0.572452 3.5543 0)
(0.496061 3.6603 -2.11209e-19)
(0.416755 3.70763 -7.98369e-19)
(0.330462 3.67912 -2.01398e-19)
(0.408374 0.47924 -8.30151e-19)
(0.884372 1.00254 9.90428e-19)
(1.03773 1.21821 7.3611e-19)
(1.05419 1.24724 -1.90759e-19)
(1.00653 1.23782 -1.00033e-18)
(0.955198 1.20665 0)
(0.892411 1.17955 3.83237e-19)
(0.823295 1.14859 -3.731e-19)
(0.742372 1.11808 -3.81606e-20)
(0.646765 1.08877 8.63465e-20)
(0.543176 1.06457 7.9996e-22)
(0.465762 1.07859 -1.46146e-19)
(0.47315 1.41526 1.21165e-19)
(0.546219 2.46888 -2.27155e-20)
(0.61836 3.30059 1.42225e-19)
(0.676552 3.51046 -3.82106e-19)
(0.633808 3.58125 0)
(0.563902 3.5996 0)
(0.454027 3.57294 -9.19754e-19)
(0.200119 3.37457 1.83237e-18)
(0.402847 0.488126 3.93585e-19)
(0.873969 1.02332 9.55012e-19)
(1.02395 1.24222 -7.2505e-19)
(1.04031 1.27108 7.11361e-19)
(0.993011 1.26112 9.88664e-19)
(0.942631 1.22964 0)
(0.880775 1.20249 -4.16801e-19)
(0.812821 1.17178 -5.18802e-19)
(0.733491 1.14204 0)
(0.641536 1.11376 0)
(0.53976 1.09412 0)
(0.477964 1.14283 0)
(0.523525 1.64167 -1.23194e-19)
(0.61723 2.75276 7.08562e-20)
(0.698272 3.40803 0)
(0.74457 3.53606 2.33043e-19)
(0.739406 3.55126 0)
(0.807347 3.40933 3.70241e-19)
(0.900932 3.05711 -2.68927e-18)
(0.474173 2.70948 2.62727e-18)
(0.395504 0.495839 -7.681e-19)
(0.860744 1.04207 -6.05482e-19)
(1.00853 1.26601 -4.66558e-19)
(1.02565 1.29597 -6.65339e-19)
(0.979087 1.28566 -4.69382e-19)
(0.929573 1.25351 0)
(0.868759 1.22597 -9.31712e-20)
(0.802561 1.19512 3.8475e-20)
(0.725 1.16589 2.80033e-19)
(0.633714 1.14004 0)
(0.537441 1.13007 4.00736e-22)
(0.495028 1.23704 -4.55237e-22)
(0.574418 1.84497 0)
(0.699965 3.00623 -6.59213e-20)
(0.796618 3.4649 0)
(0.840708 3.52526 -3.87026e-19)
(0.844257 3.4506 9.89372e-19)
(0.831858 3.09477 -3.64397e-19)
(0.583891 2.12168 5.60482e-19)
(-0.36207 0.575431 -1.38331e-18)
(0.387664 0.504366 -1.25321e-20)
(0.847177 1.06451 -2.97637e-19)
(0.991754 1.29258 6.48642e-19)
(1.00912 1.32209 -1.86159e-20)
(0.963146 1.311 -1.24369e-19)
(0.914971 1.27832 0)
(0.85555 1.25047 4.23445e-19)
(0.790712 1.21972 4.32051e-19)
(0.714874 1.19182 -5.4072e-19)
(0.626372 1.16712 3.04071e-19)
(0.542947 1.16175 1.35606e-19)
(0.526521 1.31294 0)
(0.647072 2.09791 -1.1271e-19)
(0.782781 3.17382 1.11111e-19)
(0.866971 3.4554 2.38244e-19)
(0.873977 3.46457 0)
(0.804717 3.27501 -4.88675e-19)
(0.63074 2.5203 5.92934e-19)
(0.1658 0.836706 -7.0515e-19)
(-0.27127 -0.454477 -6.37458e-19)
(0.377193 0.510848 6.95296e-19)
(0.829887 1.08363 -2.85823e-19)
(0.972847 1.31837 4.31886e-19)
(0.991495 1.34946 3.40575e-19)
(0.946537 1.33795 2.40344e-19)
(0.899636 1.30451 6.2965e-19)
(0.841682 1.27622 -8.13537e-19)
(0.779497 1.24539 -5.2456e-19)
(0.70701 1.21755 5.80711e-19)
(0.620504 1.19477 7.25807e-20)
(0.546871 1.20446 4.86332e-20)
(0.55817 1.44889 1.08777e-19)
(0.7099 2.36707 -1.4268e-19)
(0.849428 3.26398 2.25463e-19)
(0.922811 3.4271 -3.53373e-19)
(0.914963 3.38378 3.55942e-19)
(0.786818 2.97806 -8.76576e-19)
(0.511753 1.87021 5.37867e-19)
(0.0795073 0.120588 0)
(-0.0876068 -0.20215 -1.00599e-18)
(0.365491 0.517935 0)
(0.811459 1.10631 -1.0748e-18)
(0.952293 1.34726 2.34366e-20)
(0.971672 1.37806 -5.96625e-19)
(0.927514 1.36555 0)
(0.882486 1.33144 -4.50024e-19)
(0.826628 1.30262 6.90495e-19)
(0.766669 1.27131 4.90712e-19)
(0.69668 1.24449 -6.03814e-19)
(0.614731 1.22616 -3.02018e-19)
(0.553043 1.24674 -1.77278e-19)
(0.601198 1.55643 4.2407e-20)
(0.781082 2.57947 1.56774e-19)
(0.923086 3.31525 1.65683e-19)
(0.977029 3.39309 -3.74182e-19)
(0.902763 3.22912 5.81704e-19)
(0.659142 2.55138 4.08043e-19)
(0.206977 0.756638 -4.82731e-19)
(-0.126398 -0.251528 0)
(-0.131311 -0.224844 0)
(0.350257 0.521818 -6.42022e-19)
(0.788336 1.12374 1.04161e-18)
(0.929407 1.37435 0)
(0.950426 1.40763 0)
(0.907391 1.39458 0)
(0.864341 1.35953 0)
(0.810527 1.33013 -2.94392e-19)
(0.753377 1.29878 -1.45488e-20)
(0.68702 1.27296 -7.55161e-20)
(0.611256 1.2561 -3.9694e-20)
(0.562567 1.29468 3.4968e-19)
(0.641684 1.70485 -1.48365e-19)
(0.849782 2.78834 0)
(0.973683 3.32065 3.95434e-20)
(1.00447 3.33152 6.1537e-19)
(0.887108 3.03451 -2.43971e-19)
(0.551301 1.98994 4.03325e-19)
(0.0434064 0.0893113 2.34768e-19)
(-0.197266 -0.265402 -1.08012e-18)
(-0.0755997 -0.162391 -1.28421e-18)
(0.333802 0.525793 3.1447e-19)
(0.764394 1.14543 4.85264e-19)
(0.904509 1.40439 -9.66849e-21)
(0.92616 1.43812 2.87267e-19)
(0.884256 1.42385 0)
(0.844061 1.38793 7.17398e-19)
(0.793091 1.35807 -1.96291e-19)
(0.739918 1.32607 7.1189e-20)
(0.678803 1.29904 -2.87404e-20)
(0.610114 1.28537 -4.40071e-20)
(0.577203 1.34771 -2.22168e-19)
(0.693627 1.83433 1.83427e-19)
(0.91979 2.93152 1.97217e-19)
(1.03374 3.31472 1.36155e-19)
(1.04698 3.26887 -3.80709e-19)
(0.842942 2.75653 8.67167e-19)
(0.353842 1.32336 -5.12499e-19)
(-0.083753 -0.211805 6.4381e-19)
(-0.242534 -0.27446 -1.90602e-18)
(-0.0789059 -0.178355 1.33298e-18)
(0.313497 0.524833 -2.94154e-19)
(0.735461 1.15976 0)
(0.876428 1.43088 -3.61108e-19)
(0.89963 1.4689 -5.45793e-19)
(0.859476 1.45401 0)
(0.822507 1.41707 -5.46203e-19)
(0.774383 1.38613 0)
(0.724078 1.35267 -4.06148e-19)
(0.665639 1.32662 2.20751e-19)
(0.604359 1.31933 -4.37911e-19)
(0.584689 1.40393 3.04976e-19)
(0.743447 1.984 -6.83917e-20)
(0.979096 3.02745 -5.12187e-19)
(1.0713 3.29695 2.73086e-19)
(1.044 3.15292 -3.49133e-19)
(0.766242 2.43496 -2.64297e-19)
(0.288559 0.71001 6.58772e-19)
(-0.102476 -0.313232 -7.86405e-19)
(-0.19553 -0.302025 -4.96546e-21)
(-0.0817668 -0.185016 -1.37423e-19)
(0.291868 0.522647 5.70318e-19)
(0.704771 1.17748 -4.47275e-19)
(0.845261 1.45927 3.64697e-19)
(0.869175 1.49968 2.59102e-19)
(0.831435 1.48392 2.56705e-20)
(0.798446 1.44568 2.90488e-19)
(0.753169 1.41404 0)
(0.707786 1.38075 -2.84295e-20)
(0.655136 1.35448 0)
(0.60333 1.34921 4.09369e-19)
(0.606439 1.45573 -2.79704e-19)
(0.798547 2.10913 3.63487e-20)
(1.04501 3.08716 4.86094e-19)
(1.12692 3.28842 3.01274e-19)
(1.07006 3.04714 -1.58023e-19)
(0.736195 2.16009 2.40585e-19)
(0.172451 0.212092 -8.2022e-19)
(-0.115797 -0.254556 -5.17577e-19)
(-0.13723 -0.284478 -2.13697e-19)
(-0.0470718 -0.119748 9.56069e-19)
(0.265674 0.512471 4.11744e-21)
(0.667753 1.18484 2.21994e-19)
(0.809446 1.48246 0)
(0.835745 1.5292 4.82302e-19)
(0.801423 1.51408 -7.28008e-19)
(0.772277 1.47466 2.81097e-19)
(0.730645 1.44151 -2.01883e-19)
(0.690312 1.40644 3.47615e-19)
(0.645332 1.37709 -3.39687e-19)
(0.604849 1.37399 5.21573e-20)
(0.620156 1.50944 -3.33533e-19)
(0.851834 2.196 -4.33328e-19)
(1.10138 3.11081 4.57603e-20)
(1.15382 3.263 -5.95317e-19)
(0.991717 2.93111 -3.0895e-19)
(0.506168 1.69617 6.10617e-19)
(-0.131152 0.122519 -4.86026e-19)
(-0.264903 -0.132821 2.31552e-19)
(-0.231186 -0.215785 -1.16678e-20)
(-0.0422139 -0.0650679 -8.53744e-19)
(0.237769 0.498824 1.03493e-18)
(0.627293 1.19326 -2.15749e-19)
(0.769603 1.50627 -6.23235e-19)
(0.798103 1.55759 5.058e-19)
(0.76853 1.5429 -3.27046e-19)
(0.742768 1.5018 5.29052e-19)
(0.704775 1.46684 3.48676e-19)
(0.669713 1.43012 0)
(0.629534 1.40014 3.94517e-19)
(0.596974 1.39767 -6.01408e-20)
(0.630973 1.55909 8.85552e-20)
(0.901073 2.26861 4.36426e-19)
(1.17591 3.12664 9.25498e-20)
(1.20459 3.27248 2.94422e-20)
(0.991397 2.8954 -6.44594e-19)
(0.366449 1.52228 -3.68321e-19)
(-0.353589 0.182351 7.68058e-19)
(-0.533363 -0.341506 4.20255e-19)
(-0.501996 -0.523588 9.50086e-20)
(-0.250817 -0.445769 1.03445e-18)
(0.205394 0.474376 0)
(0.579725 1.18752 2.00958e-19)
(0.72379 1.52254 -2.84745e-19)
(0.757119 1.5834 4.82478e-19)
(0.731971 1.5705 -6.58359e-19)
(0.709157 1.52769 2.66573e-19)
(0.676339 1.49107 0)
(0.648482 1.45456 0)
(0.61501 1.42303 0)
(0.592181 1.41335 1.05591e-19)
(0.632941 1.58975 -9.90551e-20)
(0.95309 2.25992 6.15678e-20)
(1.25686 3.10705 3.43156e-19)
(1.31203 3.24188 4.782e-19)
(1.09145 2.86833 -8.61403e-19)
(0.484015 1.50313 7.93204e-19)
(-0.243532 0.154909 8.64913e-21)
(-0.699764 -0.671871 -1.60235e-18)
(-0.727957 -1.11242 1.95669e-19)
(-0.519892 -1.05625 0)
(0.1721 0.444276 9.32471e-19)
(0.527838 1.17901 -1.87928e-19)
(0.673885 1.53698 3.86332e-21)
(0.710992 1.60659 0)
(0.69104 1.5949 -3.08623e-19)
(0.671797 1.55104 1.74659e-20)
(0.645353 1.51243 0)
(0.623346 1.47354 1.07256e-19)
(0.599341 1.44076 -8.46264e-20)
(0.589214 1.42085 0)
(0.628708 1.59137 0)
(0.982716 2.22937 -1.82606e-19)
(1.36907 3.06177 -3.50624e-19)
(1.50722 3.17817 1.56393e-19)
(1.41354 2.88148 -2.36934e-19)
(0.966915 1.74772 4.83576e-19)
(0.298041 0.493564 0)
(-0.277309 -0.563115 -1.139e-18)
(-0.676402 -1.37952 -1.51487e-18)
(-0.603675 -1.44391 3.7075e-18)
(0.135532 0.400603 7.67487e-19)
(0.468387 1.14986 -1.78251e-19)
(0.616019 1.53818 2.60108e-19)
(0.659065 1.62384 -6.41589e-19)
(0.644939 1.61532 0)
(0.630708 1.57191 0)
(0.610465 1.53112 0)
(0.595644 1.48786 1.02132e-19)
(0.576981 1.45272 -8.05802e-20)
(0.585243 1.42053 0)
(0.62656 1.56784 0)
(0.985485 2.13146 2.72082e-19)
(1.44697 2.96183 -1.63142e-19)
(1.67073 3.03705 2.00521e-19)
(1.63795 2.73532 4.79212e-19)
(1.40936 1.98451 0)
(0.834656 0.837082 -8.98966e-20)
(0.254817 -0.228633 -2.79671e-19)
(-0.205553 -1.04813 1.51728e-18)
(-0.464375 -1.48853 -1.93701e-18)
(0.100383 0.352135 -7.13353e-19)
(0.403892 1.11415 1.83931e-19)
(0.55334 1.53483 5.32355e-19)
(0.600887 1.63613 3.74836e-19)
(0.593386 1.63066 -3.02876e-19)
(0.584522 1.58586 -2.09189e-19)
(0.570819 1.54379 1.48551e-19)
(0.563018 1.49665 0)
(0.54822 1.45887 0)
(0.572773 1.41408 0)
(0.589747 1.53639 -1.41866e-19)
(0.943948 1.95016 -2.22225e-19)
(1.39406 2.81079 1.06175e-19)
(1.63197 2.83035 -8.5869e-20)
(1.59174 2.62533 -1.53212e-19)
(1.43881 2.07918 0)
(1.01378 1.16897 1.83526e-21)
(0.514504 0.216892 3.29278e-19)
(0.035851 -0.666271 -8.97341e-19)
(-0.195032 -0.951339 5.24526e-19)
(0.0669187 0.291581 7.56289e-19)
(0.331721 1.04875 -6.21495e-19)
(0.480574 1.50769 0)
(0.535043 1.63599 1.83054e-19)
(0.535172 1.63732 1.33887e-19)
(0.533349 1.5966 2.92427e-19)
(0.524144 1.55181 -1.38871e-19)
(0.523342 1.5055 0)
(0.511614 1.4606 0)
(0.535892 1.41166 -2.27219e-19)
(0.513414 1.47309 3.89246e-20)
(0.785095 1.76495 9.9805e-20)
(1.22169 2.60167 7.01224e-20)
(1.4092 2.69184 -1.81221e-19)
(1.4084 2.56926 4.15028e-19)
(1.30675 2.20836 -8.89855e-19)
(1.03277 1.53301 6.88349e-19)
(0.634563 0.765925 0)
(0.236858 0.0734588 6.86001e-20)
(-0.0329266 -0.349398 -2.21936e-18)
(0.0392298 0.231294 7.8118e-19)
(0.258355 0.977233 0)
(0.40326 1.47578 0)
(0.462444 1.62871 0)
(0.4697 1.63647 1.12831e-19)
(0.476152 1.60087 -2.82283e-19)
(0.475827 1.55214 -1.27713e-19)
(0.481483 1.50638 0)
(0.470594 1.46412 0)
(0.47803 1.42352 1.36581e-19)
(0.448854 1.42322 4.73104e-20)
(0.534305 1.62328 -3.85449e-20)
(0.92442 2.44614 -7.66673e-20)
(1.10292 2.64213 -1.96612e-19)
(1.10177 2.57862 3.17882e-19)
(1.04725 2.35779 -5.89854e-19)
(0.885069 1.927 6.03261e-19)
(0.593487 1.3284 0)
(0.305781 0.724209 -6.40324e-20)
(0.0882846 0.236959 -1.39388e-18)
(0.0185251 0.163037 -7.47757e-19)
(0.181558 0.864121 2.58263e-19)
(0.319268 1.40273 3.94641e-19)
(0.3829 1.59776 -2.30593e-20)
(0.40092 1.61946 -2.38931e-19)
(0.413177 1.59242 -1.57511e-19)
(0.425391 1.54261 3.57243e-19)
(0.43541 1.50379 -7.28271e-21)
(0.428312 1.46575 0)
(0.441791 1.43932 3.86006e-20)
(0.425705 1.43091 5.19391e-22)
(0.369861 1.5734 2.53561e-20)
(0.604903 2.27313 0)
(0.809439 2.62827 7.31543e-20)
(0.789023 2.65637 0)
(0.744708 2.56755 1.17409e-19)
(0.661089 2.29875 7.40514e-20)
(0.468028 1.78983 0)
(0.274756 1.23612 0)
(0.113432 0.649117 -1.20778e-18)
(0.00629583 0.102308 6.14909e-19)
(0.113566 0.758221 -2.30778e-19)
(0.229527 1.32341 1.77916e-19)
(0.293879 1.55113 -2.78967e-19)
(0.325881 1.58876 1.08004e-19)
(0.344547 1.57061 -3.70254e-20)
(0.37095 1.52449 2.43709e-20)
(0.392931 1.49471 -4.65859e-20)
(0.40323 1.44916 -2.97308e-20)
(0.44286 1.44277 -2.13623e-20)
(0.432303 1.46035 4.7469e-21)
(0.353505 1.595 0)
(0.38574 2.1561 7.17233e-21)
(0.555296 2.65702 0)
(0.511758 2.76932 0)
(0.477506 2.73731 0)
(0.43724 2.54231 4.78823e-19)
(0.319227 2.15172 -1.28369e-18)
(0.197555 1.61444 -1.95797e-22)
(0.087753 0.900518 9.20091e-19)
(-0.00177654 0.0362302 1.07332e-19)
(0.0549488 0.613405 1.00101e-19)
(0.13986 1.19867 -8.16041e-20)
(0.198836 1.46764 -5.98627e-20)
(0.239813 1.53518 4.83996e-20)
(0.273612 1.52485 3.48078e-20)
(0.313092 1.48654 2.50759e-20)
(0.362247 1.4544 0)
(0.404075 1.40263 -1.25238e-20)
(0.482979 1.41742 -8.32729e-21)
(0.497473 1.51013 1.50618e-20)
(0.391599 1.65427 0)
(0.306981 2.16478 3.18634e-21)
(0.381498 2.6959 -1.16425e-20)
(0.3152 2.86118 0)
(0.286428 2.84836 0)
(0.252169 2.71569 -2.51215e-20)
(0.164124 2.40722 0)
(0.0955545 1.85174 -2.0607e-20)
(0.0312656 1.04258 0)
(-0.00199512 -0.0131557 0)
(0.0177792 0.492881 0)
(0.0580342 1.06686 0)
(0.107099 1.35273 0)
(0.153947 1.44521 -1.17453e-33)
(0.205434 1.44884 9.03498e-34)
(0.262278 1.41754 0)
(0.342758 1.37461 0)
(0.418357 1.31331 0)
(0.540289 1.36004 0)
(0.547042 1.54498 0)
(0.481116 1.7938 0)
(0.286008 2.22124 0)
(0.277271 2.74026 0)
(0.220352 2.91696 0)
(0.178605 2.93012 0)
(0.126762 2.87055 0)
(0.0493944 2.58632 0)
(0.0267941 2.03717 0)
(-0.0081175 1.11868 0)
(-0.000465261 -0.0292907 0)
(-0.00381473 0.455857 0)
(0.0095188 0.989146 0)
(0.0433405 1.25365 0)
(0.0890581 1.34088 0)
(0.149346 1.34906 0)
(0.2185 1.31651 0)
(0.316986 1.26381 0)
(0.406598 1.21236 0)
(0.549425 1.29378 0)
(0.554606 1.56142 0)
(0.548411 1.96085 0)
(0.29391 2.35025 0)
(0.231882 2.81349 0)
(0.165667 2.99033 0)
(0.0834531 3.0562 0)
(0.0118744 3.0366 0)
(-0.0201331 2.64438 0)
(-0.0129532 2.07612 0)
(-0.0114755 1.11301 0)
(-0.00533433 -0.00528237 0)
(-0.00922321 0.464631 0)
(-0.0124643 0.948948 0)
(0.00891648 1.17738 0)
(0.0452971 1.24332 0)
(0.101224 1.244 0)
(0.166632 1.20662 0)
(0.259986 1.14832 0)
(0.343413 1.10572 0)
(0.487024 1.20842 0)
(0.514845 1.56254 0)
(0.521458 2.11153 0)
(0.269317 2.52926 0)
(0.155495 2.94838 0)
(0.0381949 3.1549 0)
(-0.0551022 3.2503 0)
(-0.105866 3.10784 0)
(-0.0726894 2.61767 0)
(-0.0389751 2.05034 0)
(-0.0222722 1.05266 0)
(-0.00438596 0.0210042 0)
(-0.0122302 0.487838 0)
(-0.0223856 0.941077 0)
(-0.00991583 1.12345 0)
(0.0112277 1.16851 0)
(0.0523965 1.15825 0)
(0.0980731 1.11789 0)
(0.164354 1.05705 0)
(0.219852 1.01612 0)
(0.323555 1.13014 0)
(0.325777 1.58349 0)
(0.322642 2.26614 0)
(0.0488565 2.76011 0)
(-0.0726036 3.18109 0)
(-0.186353 3.34399 0)
(-0.23131 3.34468 0)
(-0.190147 3.04828 0)
(-0.116657 2.50714 0)
(-0.0670097 1.94837 0)
(-0.0261409 0.882967 0)
(-0.0033595 0.0533 0)
(-0.0165121 0.533918 0)
(-0.0280997 0.947123 0)
(-0.0272653 1.09949 0)
(-0.0194516 1.1259 0)
(-0.0023926 1.1085 0)
(0.0147655 1.06846 0)
(0.0394749 1.01055 0)
(0.0452694 0.974482 0)
(0.0650478 1.1208 0)
(-0.0371784 1.64355 0)
(-0.0570363 2.44717 0)
(-0.318839 2.98149 0)
(-0.338271 3.30913 0)
(-0.397023 3.39347 0)
(-0.352634 3.2638 0)
(-0.231119 2.83283 0)
(-0.130197 2.30443 0)
(-0.0705685 1.74851 0)
(-0.0188825 0.707627 0)
(-0.00352588 0.0899949 0)
(-0.0196621 0.586988 0)
(-0.0356843 0.970527 0)
(-0.0428703 1.10241 0)
(-0.051491 1.12051 0)
(-0.0580385 1.10081 0)
(-0.0700811 1.06543 0)
(-0.0899432 1.0171 0)
(-0.140651 0.998576 0)
(-0.220672 1.18199 0)
(-0.386195 1.73795 0)
(-0.431023 2.57391 0)
(-0.590843 3.04694 0)
(-0.525437 3.28391 0)
(-0.482371 3.31241 0)
(-0.363399 3.04908 0)
(-0.199312 2.49166 0)
(-0.10811 2.10849 0)
(-0.0553705 1.56059 0)
(-0.0118393 0.567075 0)
(-0.00364985 0.131979 0)
(-0.0214549 0.648218 0)
(-0.0424455 1.01512 0)
(-0.056609 1.13029 0)
(-0.081043 1.15067 0)
(-0.106233 1.13364 0)
(-0.144383 1.10673 0)
(-0.201652 1.07226 0)
(-0.297163 1.07593 0)
(-0.43734 1.28063 0)
(-0.621675 1.86015 0)
(-0.657192 2.61917 0)
(-0.706326 2.991 0)
(-0.585059 3.16191 0)
(-0.456892 3.12409 0)
(-0.254586 2.69818 0)
(-0.129733 2.24562 0)
(-0.0733384 1.94987 0)
(-0.0343878 1.41886 0)
(-0.00544603 0.472544 0)
(-0.00358103 0.176421 0)
(-0.0215357 0.715404 0)
(-0.0458999 1.07527 0)
(-0.0676957 1.18921 0)
(-0.102987 1.21059 0)
(-0.140898 1.19869 0)
(-0.196737 1.18312 0)
(-0.277233 1.16616 0)
(-0.397773 1.18897 0)
(-0.558643 1.39458 0)
(-0.713582 1.96702 0)
(-0.70995 2.61268 0)
(-0.707152 2.88261 0)
(-0.50552 2.95297 0)
(-0.336284 2.74427 0)
(-0.133481 2.42014 0)
(-0.0690146 2.09751 0)
(-0.0401912 1.84971 0)
(-0.0165723 1.33106 0)
(-0.00091392 0.422823 0)
(-0.00322717 0.220168 0)
(-0.0200063 0.784053 0)
(-0.0456444 1.14587 0)
(-0.0717127 1.26323 0)
(-0.112676 1.28869 0)
(-0.158139 1.28398 0)
(-0.222045 1.28041 0)
(-0.311088 1.28102 0)
(-0.437994 1.31874 0)
(-0.597825 1.50633 0)
(-0.707564 2.02643 0)
(-0.688941 2.57084 0)
(-0.581172 2.73209 0)
(-0.360452 2.68698 0)
(-0.207697 2.44645 0)
(-0.0641255 2.23422 0)
(-0.0330996 2.02087 0)
(-0.0200059 1.79906 0)
(-0.00658818 1.28303 0)
(0.00117136 0.40356 0)
(-0.00267637 0.260154 0)
(-0.0173244 0.849264 0)
(-0.0420227 1.21929 0)
(-0.0690903 1.3433 0)
(-0.111108 1.37378 0)
(-0.158504 1.37603 0)
(-0.222377 1.3827 0)
(-0.307745 1.3979 0)
(-0.424891 1.44677 0)
(-0.562486 1.61073 0)
(-0.655779 2.03042 0)
(-0.570821 2.45663 0)
(-0.407029 2.52898 0)
(-0.22161 2.45547 0)
(-0.110799 2.25706 0)
(-0.0309039 2.12471 0)
(-0.0152669 1.98516 0)
(-0.0105759 1.77573 0)
(-0.00203281 1.25639 0)
(0.00182219 0.39967 0)
(-0.0021142 0.294044 0)
(-0.0140349 0.907079 0)
(-0.0362412 1.28923 0)
(-0.0617822 1.42168 0)
(-0.101157 1.45691 0)
(-0.14609 1.46448 0)
(-0.20457 1.47804 0)
(-0.278813 1.50263 0)
(-0.375189 1.55674 0)
(-0.479839 1.69643 0)
(-0.531244 2.0084 0)
(-0.423565 2.31602 0)
(-0.269186 2.35495 0)
(-0.13048 2.28532 0)
(-0.0572122 2.1488 0)
(-0.0173467 2.06699 0)
(-0.00848078 1.96918 0)
(-0.00692297 1.76317 0)
(-0.00015046 1.23941 0)
(0.00176922 0.401795 0)
(-0.00164213 0.321032 0)
(-0.0108262 0.955736 0)
(-0.0298002 1.35167 0)
(-0.052515 1.49339 0)
(-0.0870118 1.53234 0)
(-0.126704 1.54313 0)
(-0.176987 1.55969 0)
(-0.238032 1.58812 0)
(-0.312154 1.64107 0)
(-0.386756 1.75475 0)
(-0.412014 1.9763 0)
(-0.314768 2.19884 0)
(-0.183721 2.21984 0)
(-0.0866998 2.1697 0)
(-0.0371055 2.08678 0)
(-0.0154095 2.03566 0)
(-0.00813993 1.95925 0)
(-0.00614905 1.75252 0)
(0.00028175 1.22638 0)
(0.00139896 0.405567 0)
(-0.00131442 0.341939 0)
(-0.00840142 0.995553 0)
(-0.0241134 1.40465 0)
(-0.0436529 1.55554 0)
(-0.0724268 1.59707 0)
(-0.105806 1.60951 0)
(-0.146975 1.62588 0)
(-0.195395 1.6538 0)
(-0.250576 1.70148 0)
(-0.301911 1.79111 0)
(-0.314474 1.94532 0)
(-0.237479 2.10161 0)
(-0.13573 2.11843 0)
(-0.0693756 2.09037 0)
(-0.0334801 2.04521 0)
(-0.0180898 2.01295 0)
(-0.0101169 1.94777 0)
(-0.00639035 1.74004 0)
(-1.96898e-05 1.21456 0)
(0.000928455 0.408451 0)
(-0.00104021 0.358411 0)
(-0.00677433 1.02809 0)
(-0.019668 1.448 0)
(-0.0360056 1.60693 0)
(-0.0592812 1.65041 0)
(-0.0864657 1.66361 0)
(-0.119046 1.67811 0)
(-0.156385 1.70304 0)
(-0.196645 1.74336 0)
(-0.231526 1.81294 0)
(-0.237512 1.92037 0)
(-0.181792 2.02757 0)
(-0.107779 2.045 0)
(-0.0618525 2.0338 0)
(-0.0342556 2.01202 0)
(-0.020635 1.99149 0)
(-0.011717 1.93305 0)
(-0.00653079 1.72569 0)
(-0.000462156 1.20322 0)
(0.000573156 0.409723 0)
(-0.000739073 0.371579 0)
(-0.00541508 1.0548 0)
(-0.0160313 1.48312 0)
(-0.0294148 1.64834 0)
(-0.0479657 1.6934 0)
(-0.0697826 1.70684 0)
(-0.0952386 1.7191 0)
(-0.123628 1.7403 0)
(-0.152693 1.77292 0)
(-0.176386 1.8262 0)
(-0.178614 1.90184 0)
(-0.140297 1.97495 0)
(-0.0888319 1.99271 0)
(-0.0561185 1.99192 0)
(-0.0341198 1.9833 0)
(-0.0212669 1.96997 0)
(-0.0120182 1.91621 0)
(-0.00618058 1.71063 0)
(-0.000684469 1.19247 0)
(0.000371516 0.409715 0)
(-0.000458536 0.381685 0)
(-0.00401988 1.07635 0)
(-0.012707 1.51174 0)
(-0.0235393 1.68166 0)
(-0.0381169 1.72779 0)
(-0.0554166 1.74089 0)
(-0.0751974 1.7511 0)
(-0.0967558 1.76868 0)
(-0.11784 1.79454 0)
(-0.1341 1.835 0)
(-0.134312 1.88884 0)
(-0.108291 1.93912 0)
(-0.0733156 1.95571 0)
(-0.049399 1.96018 0)
(-0.031715 1.95831 0)
(-0.0199335 1.94923 0)
(-0.0111365 1.89904 0)
(-0.00540029 1.69623 0)
(-0.000666881 1.18293 0)
(0.000251722 0.409098 0)
(-0.000270634 0.388932 0)
(-0.00278161 1.09342 0)
(-0.00985102 1.5352 0)
(-0.0187308 1.70831 0)
(-0.0301121 1.75484 0)
(-0.0437432 1.76711 0)
(-0.0589875 1.77548 0)
(-0.075461 1.78976 0)
(-0.0910109 1.81021 0)
(-0.102461 1.84107 0)
(-0.101822 1.88004 0)
(-0.0839668 1.91523 0)
(-0.0601229 1.92973 0)
(-0.0422666 1.93614 0)
(-0.0280699 1.93733 0)
(-0.0176897 1.93061 0)
(-0.00979813 1.88313 0)
(-0.00453263 1.68332 0)
(-0.00058274 1.17481 0)
(0.000166351 0.408329 0)
(-0.000178907 0.393884 0)
(-0.00190091 1.10652 0)
(-0.00758287 1.55446 0)
(-0.0149155 1.72976 0)
(-0.0236363 1.77615 0)
(-0.0342807 1.78726 0)
(-0.0457395 1.79398 0)
(-0.0583138 1.80519 0)
(-0.0698531 1.82126 0)
(-0.0781329 1.84492 0)
(-0.0773345 1.87365 0)
(-0.0649212 1.89886 0)
(-0.0484375 1.911 0)
(-0.035 1.91753 0)
(-0.0237705 1.91982 0)
(-0.0149993 1.91434 0)
(-0.00828124 1.86902 0)
(-0.00369973 1.67225 0)
(-0.00050571 1.16824 0)
(0.00010382 0.407581 0)
(-0.000144227 0.397388 0)
(-0.00135661 1.11661 0)
(-0.00593411 1.57 0)
(-0.0121529 1.74644 0)
(-0.0188158 1.79224 0)
(-0.0272666 1.8023 0)
(-0.0357638 1.80776 0)
(-0.045488 1.81645 0)
(-0.054025 1.82911 0)
(-0.0601321 1.84736 0)
(-0.0593892 1.86895 0)
(-0.0506098 1.88748 0)
(-0.0389511 1.89745 0)
(-0.0287198 1.90336 0)
(-0.0198653 1.90586 0)
(-0.012564 1.90103 0)
(-0.00696824 1.8573 0)
(-0.00303936 1.66313 0)
(-0.000454161 1.16287 0)
(6.01521e-05 0.406812 0)
(-0.000111102 0.399899 0)
(-0.000948543 1.12429 0)
(-0.00451075 1.58307 0)
(-0.00972896 1.76037 0)
(-0.0146923 1.80525 0)
(-0.0213875 1.8143 0)
(-0.0275152 1.81874 0)
(-0.0350801 1.82539 0)
(-0.0413172 1.83523 0)
(-0.0458669 1.84917 0)
(-0.0452338 1.86537 0)
(-0.0389694 1.87905 0)
(-0.0306222 1.88699 0)
(-0.0228649 1.89193 0)
(-0.0160128 1.89419 0)
(-0.0101073 1.88965 0)
(-0.00561515 1.8472 0)
(-0.00238614 1.65545 0)
(-0.00037259 1.15856 0)
(3.90742e-05 0.406127 0)
(-7.90315e-05 0.401698 0)
(-0.000649716 1.13001 0)
(-0.00342888 1.59323 0)
(-0.00791026 1.77082 0)
(-0.0116853 1.81459 0)
(-0.0171585 1.82288 0)
(-0.0216274 1.82659 0)
(-0.0277591 1.83188 0)
(-0.032366 1.83973 0)
(-0.0358841 1.85059 0)
(-0.0352773 1.86298 0)
(-0.0306567 1.87329 0)
(-0.0244433 1.87962 0)
(-0.0183974 1.88366 0)
(-0.0130126 1.88554 0)
(-0.00819551 1.88111 0)
(-0.00456996 1.83954 0)
(-0.00190154 1.64961 0)
(-0.000300024 1.15525 0)
(2.94129e-05 0.405542 0)
(-5.46882e-05 0.402922 0)
(-0.000408727 1.13442 0)
(-0.00245158 1.60222 0)
(-0.00612276 1.78037 0)
(-0.00890265 1.82287 0)
(-0.0132372 1.83037 0)
(-0.0163807 1.83333 0)
(-0.0212284 1.83742 0)
(-0.0245623 1.84344 0)
(-0.0272738 1.85171 0)
(-0.0267225 1.86099 0)
(-0.0233387 1.86859 0)
(-0.018766 1.8734 0)
(-0.0141777 1.87651 0)
(-0.0100871 1.87789 0)
(-0.00632248 1.87345 0)
(-0.00351787 1.83264 0)
(-0.00142725 1.64443 0)
(-0.000221057 1.15246 0)
(2.04261e-05 0.405074 0)
(-3.94013e-05 0.403704 0)
(-0.000288286 1.13728 0)
(-0.00185633 1.60821 0)
(-0.00499511 1.78654 0)
(-0.0071955 1.82798 0)
(-0.0108307 1.83501 0)
(-0.0131948 1.83747 0)
(-0.0172608 1.84089 0)
(-0.0197733 1.84576 0)
(-0.0219924 1.85243 0)
(-0.0214299 1.85976 0)
(-0.0187861 1.86569 0)
(-0.015185 1.86953 0)
(-0.0114919 1.872 0)
(-0.00821313 1.87302 0)
(-0.00514155 1.86857 0)
(-0.00287451 1.82824 0)
(-0.00116892 1.64114 0)
(-0.00019275 1.15066 0)
(1.18281e-05 0.40474 0)
(-3.24295e-05 0.40435 0)
(-0.000195052 1.13998 0)
(-0.00129489 1.61448 0)
(-0.00368289 1.7935 0)
(-0.00532524 1.83377 0)
(-0.00807271 1.84018 0)
(-0.00975372 1.84203 0)
(-0.0128081 1.84461 0)
(-0.0145782 1.84812 0)
(-0.0162325 1.85304 0)
(-0.0157431 1.85833 0)
(-0.0138285 1.86258 0)
(-0.01121 1.86535 0)
(-0.0084938 1.86712 0)
(-0.00608661 1.86773 0)
(-0.00380938 1.86323 0)
(-0.00213039 1.82341 0)
(-0.000866873 1.63751 0)
(-0.00014477 1.1487 0)
(5.16919e-06 0.40437 0)
(-3.20738e-05 0.404659 0)
(-0.000170083 1.14109 0)
(-0.00105737 1.61715 0)
(-0.00312987 1.79635 0)
(-0.00454175 1.83613 0)
(-0.00696407 1.84228 0)
(-0.00839121 1.84387 0)
(-0.0110748 1.84617 0)
(-0.0125172 1.84915 0)
(-0.0139403 1.85334 0)
(-0.0134291 1.85777 0)
(-0.011802 1.86131 0)
(-0.00957358 1.86363 0)
(-0.00724899 1.8651 0)
(-0.00519991 1.86554 0)
(-0.0032551 1.86104 0)
(-0.00183051 1.82147 0)
(-0.000757843 1.63605 0)
(-0.00014071 1.14791 0)
(-5.55236e-06 0.404202 0)
(-3.00604e-05 0.405295 0)
(-0.00015541 1.14329 0)
(-0.000752143 1.62216 0)
(-0.00213454 1.80215 0)
(-0.00317451 1.84099 0)
(-0.00478002 1.84654 0)
(-0.00579683 1.84763 0)
(-0.00757232 1.84919 0)
(-0.00852723 1.85103 0)
(-0.00946201 1.85378 0)
(-0.00907059 1.85659 0)
(-0.00798597 1.85884 0)
(-0.00649834 1.86029 0)
(-0.00494907 1.86119 0)
(-0.00357318 1.86129 0)
(-0.00227502 1.85674 0)
(-0.00130061 1.81757 0)
(-0.00057199 1.63307 0)
(-0.00013295 1.14621 0)
(-1.48728e-05 0.403732 0)
(-0.277978 1.68324 1.87772e-22)
(0.422171 3.27682 -1.96982e-19)
(0.101034 3.4978 2.99335e-19)
(0.215243 3.45766 0)
(0.181781 3.40308 0)
(0.176407 3.35082 -1.76917e-19)
(0.17887 3.32471 2.35258e-19)
(0.150754 3.27188 -2.47024e-19)
(0.128125 3.1645 5.05624e-21)
(0.121675 2.56692 4.0114e-19)
(-0.102546 2.40693 6.17575e-23)
(0.150116 3.33098 1.78843e-19)
(0.0178202 3.45544 0)
(0.111114 3.40337 0)
(0.0872315 3.35455 5.25285e-21)
(0.0932076 3.31252 4.01998e-19)
(0.0882331 3.27417 -2.46458e-19)
(0.0618112 3.23492 -4.80687e-21)
(0.0578926 3.07198 4.58595e-21)
(0.00303935 2.07439 0)
(-0.0264319 2.11535 -3.93528e-21)
(0.096364 3.1646 4.60807e-21)
(0.037333 3.36012 0)
(0.0849378 3.3342 1.79076e-19)
(0.0633841 3.30662 -1.54574e-21)
(0.0642938 3.28251 -2.23429e-19)
(0.0531791 3.26703 -3.17516e-19)
(0.0372736 3.24283 -2.53842e-22)
(0.0445314 3.11389 4.76908e-21)
(-0.0158653 2.20582 0)
(-0.0383964 2.05018 5.26077e-20)
(0.0329498 3.13583 0)
(-0.0077196 3.31841 -9.69323e-20)
(0.0297568 3.31128 -6.04541e-20)
(0.0224272 3.28769 8.48116e-21)
(0.0291652 3.26281 -1.65716e-19)
(0.0329771 3.24423 1.4224e-19)
(0.0252706 3.23179 -5.50376e-21)
(0.0444915 3.12186 7.44036e-21)
(0.00831885 2.24666 1.95489e-19)
(-0.0447218 2.04238 -5.08047e-20)
(0.0190576 3.09925 0)
(-0.00245944 3.27244 2.26852e-19)
(0.0191755 3.26428 -1.30822e-19)
(0.0178087 3.24941 -7.46613e-22)
(0.0215181 3.23706 -8.1626e-21)
(0.0232359 3.23343 -1.53099e-20)
(0.0238869 3.22257 -2.02733e-19)
(0.0444643 3.12508 5.52316e-21)
(-0.00312436 2.30996 -4.14076e-19)
(-0.0523677 2.09033 0)
(-0.00677905 3.09075 -1.42043e-19)
(-0.0263218 3.24715 2.312e-20)
(-0.0109697 3.24891 -1.01475e-20)
(-0.00246392 3.23356 1.04617e-20)
(0.00537196 3.22049 1.75971e-19)
(0.0184683 3.20978 1.8738e-19)
(0.0224602 3.2048 4.03835e-19)
(0.0430667 3.12325 2.27813e-19)
(0.0111367 2.353 -1.62749e-20)
(-0.0477494 2.15036 0)
(-0.0176095 3.08598 1.46909e-19)
(-0.0172513 3.21566 -1.5675e-19)
(-0.00970919 3.2134 -1.14817e-20)
(0.00134245 3.20267 2.39071e-20)
(0.00915672 3.19537 3.87017e-22)
(0.0166223 3.19588 -1.309e-20)
(0.022291 3.19021 -2.13569e-19)
(0.0429607 3.12022 -2.22018e-19)
(0.00375104 2.41887 -1.699e-20)
(-0.0501923 2.2271 1.84269e-19)
(-0.0276691 3.08592 -8.54224e-21)
(-0.0312183 3.19524 5.92053e-21)
(-0.022689 3.19641 0)
(-0.0122827 3.18611 0)
(-0.000932367 3.17845 0)
(0.0145766 3.17085 0)
(0.021223 3.16923 2.48797e-19)
(0.0410863 3.11268 -2.57951e-19)
(0.0157408 2.46365 2.51615e-19)
(-0.0443098 2.31226 2.55808e-20)
(-0.0323603 3.08744 2.08362e-19)
(-0.0200529 3.17007 0)
(-0.0142885 3.1656 -1.38848e-20)
(-0.00373412 3.15761 1.42049e-20)
(0.00586091 3.15274 0)
(0.0143649 3.15474 -7.83381e-21)
(0.0207346 3.15238 -2.41415e-19)
(0.0404955 3.10865 2.58871e-19)
(0.0102284 2.5327 0)
(-0.0452229 2.40021 1.77087e-20)
(-0.0362119 3.08545 -3.22383e-19)
(-0.0302354 3.15009 0)
(-0.0224161 3.14717 0)
(-0.0133574 3.13944 1.56731e-20)
(-0.00217887 3.13414 -1.33817e-19)
(0.0124585 3.12834 -1.66052e-20)
(0.019462 3.12936 1.43657e-19)
(0.0383334 3.09629 0)
(0.0194974 2.58098 0)
(-0.0385129 2.49498 -3.43555e-19)
(-0.038214 3.084 1.16118e-19)
(-0.0200325 3.12445 0)
(-0.0129426 3.11619 0)
(-0.00354486 3.10938 0)
(0.00577523 3.10615 2.78433e-19)
(0.0136952 3.10932 0)
(0.0199745 3.11034 -1.5335e-19)
(0.0380804 3.09017 9.5589e-21)
(0.0147079 2.65368 1.63819e-19)
(-0.0387866 2.58578 1.24554e-19)
(-0.0403832 3.07389 -1.2282e-20)
(-0.0300221 3.10115 1.48917e-19)
(-0.0213429 3.09508 1.4515e-19)
(-0.0123833 3.0886 0)
(-0.000952702 3.08461 -1.44386e-19)
(0.0132039 3.08069 0)
(0.0212896 3.08455 0)
(0.0383202 3.07236 0)
(0.0225098 2.7064 -1.6458e-19)
(-0.0340736 2.68182 -1.37303e-19)
(-0.0429622 3.064 1.42014e-19)
(-0.0230219 3.07204 -1.40474e-19)
(-0.0131347 3.06193 -2.232e-19)
(-0.00296245 3.05673 0)
(0.00732291 3.0551 2.009e-20)
(0.0161842 3.05929 -1.02413e-20)
(0.0246152 3.06288 7.72157e-20)
(0.041861 3.06135 9.57774e-20)
(0.0206218 2.78029 -9.87069e-20)
(-0.0353094 2.76925 1.40843e-19)
(-0.0468578 3.04289 -1.36306e-19)
(-0.0330352 3.04549 9.82884e-21)
(-0.0208987 3.04042 5.72789e-20)
(-0.0109285 3.03652 -8.35335e-20)
(0.000247716 3.03422 0)
(0.0144052 3.03147 8.99315e-20)
(0.0258445 3.03562 4.9501e-21)
(0.0444457 3.03681 -1.867e-19)
(0.0288336 2.83264 -6.54748e-21)
(-0.0288149 2.8581 -4.17027e-20)
(-0.0437758 3.02358 1.00816e-20)
(-0.0227354 3.01805 -5.24774e-20)
(-0.0110277 3.01452 2.15086e-20)
(-0.00223947 3.01403 1.02031e-19)
(0.00629327 3.01349 -4.35798e-20)
(0.0138091 3.01473 -4.26952e-20)
(0.0231671 3.01679 -4.45342e-20)
(0.0419893 3.02158 9.6499e-20)
(0.0246251 2.90021 4.6557e-20)
(-0.017954 2.93749 3.35042e-20)
(-0.0261751 2.99863 1.48449e-20)
(-0.0162429 3.00048 2.89113e-20)
(-0.0093904 3.00169 -5.92256e-20)
(-0.00408287 3.00262 2.00887e-20)
(0.000623636 3.00219 4.06521e-20)
(0.00588804 3.0006 -4.2386e-20)
(0.0108417 2.99895 -4.4518e-20)
(0.0217353 2.99738 6.0993e-21)
(0.0166575 2.94922 4.31507e-20)
)
;

boundaryField
{
    wall-4
    {
        type            noSlip;
    }
    pressure-outlet-7
    {
        type            zeroGradient;
    }
    velocity-inlet-6
    {
        type            fixedValue;
        value           uniform (0 3 0);
    }
    velocity-inlet-5
    {
        type            fixedValue;
        value           uniform (1 0 0);
    }
    frontAndBackPlanes
    {
        type            empty;
    }
}


// ************************************************************************* //
