/*--------------------------------*- C++ -*----------------------------------*\
  =========                 |
  \\      /  F ield         | OpenFOAM: The Open Source CFD Toolbox
   \\    /   O peration     | Website:  https://openfoam.org
    \\  /    A nd           | Version:  9
     \\/     M anipulation  |
\*---------------------------------------------------------------------------*/
FoamFile
{
    format      ascii;
    class       volScalarField;
    location    "3";
    object      p;
}
// * * * * * * * * * * * * * * * * * * * * * * * * * * * * * * * * * * * * * //

dimensions      [0 2 -2 0 0 0 0];

internalField   nonuniform List<scalar> 
8800
(
0.855195
0.808621
0.772548
0.745857
0.726827
0.713245
0.703477
0.696777
0.692494
0.690703
0.691563
0.694729
0.700423
0.708617
0.720239
0.736337
0.758933
0.790277
0.830548
0.886896
0.68879
0.69718
0.70745
0.711693
0.711306
0.707538
0.702224
0.696782
0.692275
0.689229
0.688638
0.690981
0.694928
0.70018
0.705797
0.7106
0.712957
0.71111
0.704217
0.692464
0.676375
0.681671
0.685609
0.688067
0.689162
0.688916
0.687557
0.685424
0.683308
0.682023
0.682698
0.684824
0.687234
0.689238
0.690157
0.689808
0.688096
0.684899
0.680501
0.677503
0.679597
0.680778
0.682396
0.683883
0.684814
0.685125
0.684747
0.683888
0.682887
0.682302
0.682785
0.684028
0.685231
0.686028
0.686159
0.685635
0.684401
0.682813
0.681356
0.680832
0.674438
0.674588
0.674863
0.675194
0.675521
0.675729
0.67574
0.675474
0.675035
0.67483
0.675229
0.675946
0.676625
0.676931
0.676949
0.676754
0.676481
0.676214
0.676038
0.675976
0.669362
0.669483
0.669668
0.669892
0.670111
0.670277
0.670343
0.670296
0.670197
0.670237
0.670595
0.671146
0.671564
0.671769
0.671801
0.671696
0.671516
0.671319
0.67116
0.671087
0.663637
0.663691
0.663768
0.663874
0.664003
0.664141
0.664271
0.664384
0.664511
0.664742
0.665127
0.665523
0.66583
0.666008
0.666059
0.666036
0.665981
0.665917
0.665865
0.665836
0.657721
0.65777
0.657838
0.657928
0.658042
0.658182
0.658349
0.658549
0.658808
0.659173
0.659633
0.660057
0.660351
0.660533
0.660624
0.660655
0.66065
0.660629
0.660605
0.660586
0.651801
0.651827
0.651879
0.651956
0.652065
0.652216
0.652422
0.652701
0.653076
0.65358
0.654147
0.654628
0.654966
0.655188
0.655317
0.655384
0.655413
0.655418
0.655412
0.655401
0.645767
0.645786
0.645828
0.645901
0.646016
0.646191
0.646445
0.646805
0.647301
0.647958
0.648671
0.64925
0.649674
0.649956
0.650132
0.650235
0.650289
0.650312
0.650318
0.65031
0.639578
0.639592
0.639638
0.63972
0.639854
0.640065
0.640382
0.640841
0.64148
0.642324
0.643225
0.64396
0.644489
0.644846
0.645076
0.645216
0.645296
0.645336
0.64535
0.645344
0.633214
0.633227
0.633278
0.633375
0.633539
0.6338
0.634199
0.634782
0.635598
0.636678
0.637825
0.638756
0.639425
0.63988
0.640177
0.640361
0.640468
0.640524
0.640547
0.640542
0.626619
0.626632
0.626694
0.626813
0.627018
0.627348
0.627855
0.628598
0.629641
0.631019
0.632479
0.63366
0.63451
0.635091
0.635472
0.63571
0.635849
0.635924
0.635955
0.63595
0.61973
0.619746
0.619824
0.619975
0.620235
0.620656
0.621302
0.622253
0.623585
0.625344
0.627203
0.628705
0.629784
0.630522
0.631006
0.63131
0.63149
0.631586
0.631628
0.631622
0.612466
0.612485
0.612585
0.612778
0.613111
0.613651
0.61448
0.615698
0.617404
0.619651
0.622018
0.623925
0.625295
0.626232
0.626847
0.627232
0.62746
0.627584
0.627637
0.62763
0.604716
0.604741
0.604869
0.605119
0.60555
0.606245
0.607313
0.608879
0.611065
0.613937
0.61695
0.619371
0.621107
0.622293
0.623071
0.623559
0.623848
0.624004
0.624071
0.624063
0.596334
0.596368
0.596535
0.596859
0.597419
0.598321
0.599702
0.601721
0.604528
0.608197
0.61203
0.615098
0.617293
0.618792
0.619773
0.620388
0.620753
0.620951
0.621036
0.621026
0.587126
0.587172
0.587392
0.587819
0.588551
0.589727
0.591521
0.594133
0.597745
0.602436
0.607305
0.611186
0.613955
0.615843
0.617079
0.617854
0.618313
0.618561
0.618668
0.618655
0.576829
0.576893
0.577186
0.577751
0.578718
0.580265
0.582611
0.586004
0.59066
0.596656
0.602831
0.607727
0.611214
0.613589
0.615142
0.616115
0.616691
0.617003
0.617135
0.617118
0.565076
0.565166
0.565564
0.566325
0.567617
0.569671
0.572765
0.577197
0.583212
0.590869
0.598677
0.604833
0.609206
0.612185
0.614135
0.615358
0.616082
0.616473
0.616639
0.616617
0.551346
0.55148
0.552032
0.553076
0.554835
0.557604
0.561727
0.567554
0.575344
0.585105
0.594934
0.602636
0.608103
0.611832
0.61428
0.615818
0.61673
0.617224
0.617434
0.617405
0.534875
0.535083
0.535875
0.537348
0.539802
0.54361
0.549185
0.556909
0.567015
0.579413
0.591706
0.601279
0.608084
0.612749
0.61583
0.617777
0.618936
0.619565
0.619832
0.619797
0.514484
0.514823
0.51601
0.518182
0.521732
0.527117
0.534795
0.545124
0.558232
0.57388
0.589107
0.6009
0.609323
0.615159
0.619061
0.621557
0.623058
0.62388
0.624231
0.624188
0.488256
0.488837
0.49074
0.494165
0.499586
0.507487
0.518277
0.532173
0.549105
0.568644
0.587253
0.601598
0.61194
0.619242
0.624244
0.627529
0.629552
0.630675
0.631156
0.63111
0.452688
0.453778
0.457316
0.463345
0.472217
0.484247
0.49962
0.518289
0.539918
0.563918
0.586249
0.603405
0.615947
0.625051
0.631542
0.636021
0.638933
0.640627
0.641365
0.641323
0.400068
0.403404
0.411737
0.423653
0.438899
0.457478
0.479288
0.503995
0.531076
0.5599
0.586084
0.606153
0.621077
0.632287
0.64071
0.646976
0.651499
0.654553
0.656111
0.656155
0.315899
0.333809
0.353949
0.376532
0.401375
0.428695
0.458314
0.489806
0.522673
0.556424
0.586478
0.609569
0.627142
0.640883
0.651863
0.660793
0.668176
0.674227
0.679266
0.681521
0.228357
0.264451
0.296965
0.33059
0.365415
0.401476
0.438641
0.476615
0.514998
0.553483
0.587386
0.613595
0.633949
0.650385
0.66404
0.675665
0.68574
0.694563
0.704065
0.707922
0.170266
0.209353
0.249608
0.291381
0.334126
0.377633
0.4215
0.46524
0.508335
0.550477
0.586898
0.614848
0.6366
0.654227
0.668851
0.681164
0.691641
0.700544
0.708972
0.712077
0.130016
0.171239
0.215076
0.261242
0.309156
0.358081
0.407168
0.455529
0.502299
0.546954
0.584611
0.61303
0.634951
0.6526
0.667137
0.679265
0.689484
0.698184
0.706246
0.709364
0.100026
0.142516
0.188905
0.238364
0.29004
0.343026
0.396163
0.448112
0.497531
0.543491
0.581056
0.608752
0.629899
0.646878
0.66087
0.672561
0.682421
0.69076
0.698343
0.701274
0.0760617
0.11984
0.168272
0.220346
0.275129
0.331484
0.387934
0.442701
0.493923
0.54013
0.576407
0.602349
0.62196
0.637756
0.650874
0.661926
0.671307
0.679309
0.686479
0.689321
0.0563404
0.101354
0.151646
0.206019
0.263475
0.322733
0.382025
0.439125
0.491546
0.537109
0.570978
0.594174
0.611523
0.62567
0.637642
0.647899
0.656743
0.664374
0.671166
0.673946
0.0393959
0.0856387
0.13777
0.194276
0.254224
0.316165
0.378059
0.437229
0.490452
0.534662
0.565063
0.584479
0.598835
0.610865
0.621425
0.630765
0.638998
0.646252
0.652704
0.655455
0.0244088
0.0719717
0.125696
0.18433
0.246686
0.311227
0.375667
0.436836
0.490708
0.533047
0.558947
0.573468
0.584004
0.593428
0.602326
0.610631
0.61822
0.625074
0.631187
0.633897
0.0103704
0.0593971
0.114826
0.175556
0.240306
0.307476
0.374519
0.437786
0.492354
0.532539
0.552925
0.56129
0.567042
0.573333
0.580337
0.587541
0.594483
0.600965
0.606776
0.609498
-0.00293649
0.0473681
0.10462
0.167451
0.234636
0.304493
0.374277
0.439886
0.495422
0.5334
0.547348
0.548052
0.547849
0.550411
0.555379
0.561529
0.567919
0.574121
0.579735
0.582502
-0.0161241
0.0356247
0.0946725
0.15963
0.229306
0.30193
0.374643
0.442911
0.499874
0.535913
0.542597
0.533853
0.52616
0.524303
0.527216
0.532612
0.538766
0.54491
0.550481
0.553381
-0.0294315
0.0238303
0.0846946
0.151793
0.223989
0.299486
0.375307
0.446632
0.505641
0.540317
0.539139
0.51878
0.501519
0.494326
0.49541
0.500757
0.507438
0.514002
0.519822
0.522933
-0.0430703
0.0117993
0.0744824
0.143736
0.218456
0.296881
0.375989
0.450742
0.512536
0.546818
0.53755
0.502982
0.473214
0.459151
0.459137
0.46603
0.474589
0.482556
0.489147
0.492702
-0.0572175
-0.000618837
0.0638829
0.135289
0.212532
0.293918
0.376437
0.454965
0.520326
0.555503
0.538485
0.486747
0.440217
0.415982
0.417028
0.428365
0.441355
0.452411
0.460749
0.465092
-0.071963
-0.0134891
0.0528458
0.12638
0.206115
0.290416
0.376419
0.459003
0.528696
0.566352
0.542673
0.470627
0.401296
0.36374
0.366867
0.38721
0.408972
0.426345
0.438105
0.443822
-0.0870274
-0.0268062
0.0413647
0.116989
0.199137
0.286288
0.375745
0.462578
0.537273
0.579153
0.550888
0.455617
0.352041
0.296179
0.303117
0.339766
0.378739
0.408294
0.426935
0.434789
-0.10236
-0.0404793
0.0294848
0.107142
0.191601
0.281485
0.374296
0.465422
0.545652
0.59351
0.563734
0.443537
0.292808
0.203303
0.215258
0.282465
0.353577
0.405891
0.436475
0.448583
-0.118208
-0.0544306
0.017298
0.0969015
0.183544
0.276002
0.372035
0.467377
0.553427
0.60885
0.581545
0.436822
0.22188
0.0694563
0.085395
0.210399
0.34171
0.432539
0.476396
0.488762
-0.13414
-0.0686062
0.00492794
0.0863814
0.175025
0.269877
0.368921
0.468335
0.560266
0.624456
0.60412
0.438446
0.137871
-0.135626
-0.123698
0.107634
0.353579
0.497385
0.561638
0.558764
-0.150426
-0.0828768
-0.00748663
0.0756392
0.166075
0.263137
0.364954
0.468223
0.565982
0.639837
0.631138
0.45216
0.0375105
-0.48773
-0.519946
-0.0548081
0.385009
0.604777
0.702633
0.702367
-0.166886
-0.09709
-0.0198567
0.0645857
0.15655
0.255633
0.360002
0.466878
0.570406
0.654775
0.662856
0.484064
-0.0893226
-1.15101
-1.33914
-0.424788
0.296033
0.619025
0.679843
0.60109
-0.183077
-0.110666
-0.0318947
0.0533738
0.14668
0.247593
0.354114
0.464277
0.573121
0.668131
0.69655
0.536175
-0.183817
-1.80615
-2.31182
-1.05209
-0.129333
0.209822
0.246825
0.231101
-0.198701
-0.122511
-0.0429481
0.0426528
0.137154
0.23955
0.347559
0.460638
0.574203
0.679011
0.728858
0.603472
-0.12328
-1.89449
-2.46613
-1.42324
-0.707053
-0.327321
-0.185506
-0.106635
-0.286358
-0.130993
-0.0539517
0.0315853
0.126884
0.23043
0.340466
0.455816
0.573461
0.686471
0.757552
0.687671
0.136228
-1.31263
-1.83726
-1.27205
-0.810471
-0.548937
-0.465325
-0.381457
-0.159708
-0.14169
-0.0716611
0.0144729
0.110934
0.216216
0.327859
0.446146
0.568477
0.690315
0.780609
0.761697
0.416506
-0.307742
-0.720194
-0.767527
-0.740536
-0.70303
-0.686523
-0.589087
-0.216487
-0.159429
-0.0866684
0.00018473
0.0976089
0.203828
0.317254
0.437236
0.561529
0.686444
0.784353
0.793269
0.577927
0.103784
-0.311571
-0.559168
-0.707584
-0.796976
-0.862182
-0.79274
-0.249766
-0.183798
-0.105806
-0.0170666
0.0818402
0.189419
0.30453
0.425517
0.550359
0.676741
0.778025
0.801655
0.652542
0.305214
-0.103025
-0.450922
-0.727156
-0.934681
-1.10972
-1.05235
-0.283322
-0.209794
-0.126945
-0.0353476
0.0655326
0.174505
0.290652
0.412443
0.538774
0.666295
0.765585
0.790359
0.669594
0.373806
-0.015369
-0.424754
-0.803563
-1.14023
-1.47948
-1.47077
-0.315152
-0.236302
-0.149619
-0.0549816
0.047871
0.158319
0.275816
0.398979
0.524968
0.649368
0.743858
0.765122
0.661091
0.387424
0.0180225
-0.439051
-0.921508
-1.35528
-1.87951
-2.24886
-0.345698
-0.263812
-0.173931
-0.0764452
0.0284768
0.140748
0.259357
0.382508
0.50829
0.63238
0.723094
0.737961
0.642215
0.389176
0.0450237
-0.42522
-1.0051
-1.58675
-1.93974
-2.30614
-0.376268
-0.292477
-0.19998
-0.100006
0.00698404
0.120938
0.240807
0.365154
0.491332
0.612702
0.696904
0.706104
0.614662
0.384869
0.0611874
-0.378271
-0.973419
-1.60414
-1.86678
-1.88686
-0.407375
-0.322397
-0.22779
-0.125583
-0.0164449
0.0994473
0.220483
0.34483
0.469876
0.588888
0.670225
0.679672
0.597851
0.406846
0.114254
-0.282065
-0.818722
-1.42425
-1.72007
-1.6741
-0.439247
-0.353377
-0.257088
-0.153127
-0.0421766
0.0750254
0.197052
0.322249
0.447245
0.564389
0.644174
0.658143
0.595234
0.446169
0.219255
-0.0978764
-0.524267
-0.969259
-1.17767
-1.11265
-0.472257
-0.385602
-0.288208
-0.182632
-0.0697604
0.0492593
0.172671
0.298092
0.422143
0.53805
0.618996
0.641685
0.603956
0.503958
0.357753
0.173068
-0.0435518
-0.200833
-0.255001
-0.227917
-0.506612
-0.419182
-0.320581
-0.213377
-0.098889
0.0213737
0.145689
0.271535
0.395692
0.512336
0.596349
0.63031
0.619484
0.573449
0.508336
0.443252
0.394893
0.385034
0.413448
0.433082
-0.542559
-0.45464
-0.355142
-0.246354
-0.130184
-0.00841981
0.117248
0.244094
0.369177
0.487956
0.576557
0.623527
0.638576
0.635206
0.628759
0.630587
0.651353
0.693838
0.738218
0.752942
-0.581334
-0.492174
-0.390997
-0.280471
-0.16261
-0.0392895
0.087949
0.216435
0.343423
0.465283
0.560739
0.621191
0.65813
0.684069
0.710382
0.742812
0.783588
0.828764
0.865687
0.877298
-0.62258
-0.531705
-0.428374
-0.315846
-0.196038
-0.0706899
0.058635
0.189308
0.31901
0.444783
0.548648
0.621861
0.675393
0.71995
0.762025
0.804028
0.845666
0.884314
0.915296
0.924963
-0.665239
-0.572108
-0.466362
-0.351453
-0.229302
-0.101549
0.0301136
0.163269
0.296082
0.426253
0.538452
0.623291
0.689181
0.745207
0.794851
0.839843
0.879996
0.914456
0.940941
0.951057
-0.707467
-0.611943
-0.50358
-0.386034
-0.261322
-0.131053
0.00301165
0.138796
0.274876
0.410044
0.529939
0.623663
0.698588
0.761353
0.815026
0.86114
0.900386
0.933229
0.958228
0.968012
-0.747112
-0.649288
-0.538333
-0.418195
-0.290981
-0.158335
-0.0219976
0.116341
0.255586
0.395903
0.522138
0.623101
0.703643
0.770214
0.825877
0.872394
0.911094
0.943063
0.967077
0.976651
-0.781538
-0.681919
-0.568705
-0.446286
-0.316971
-0.182362
-0.0441512
0.0963296
0.238369
0.382738
0.513811
0.619779
0.703727
0.772468
0.829036
0.875626
0.913861
0.945267
0.968493
0.978063
-0.807478
-0.707098
-0.59242
-0.468368
-0.337645
-0.201924
-0.0625974
0.0791425
0.222901
0.369827
0.504003
0.612881
0.698812
0.768458
0.825254
0.871611
0.909448
0.940298
0.962804
0.972302
-0.821325
-0.721636
-0.606503
-0.48208
-0.351176
-0.215483
-0.0763578
0.0651501
0.209062
0.356756
0.491792
0.601594
0.688164
0.757878
0.814442
0.860453
0.897906
0.928317
0.950361
0.959993
-0.818918
-0.722138
-0.607673
-0.484379
-0.355121
-0.221452
-0.0845827
0.0547243
0.196588
0.342613
0.47656
0.585097
0.670853
0.739847
0.795809
0.841346
0.878445
0.908555
0.930266
0.940071
-0.796404
-0.702928
-0.591356
-0.471678
-0.346631
-0.217748
-0.0859702
0.0482729
0.18537
0.326825
0.457127
0.562233
0.645582
0.712829
0.767651
0.812461
0.849128
0.878962
0.900519
0.910572
-0.743932
-0.657274
-0.552456
-0.439781
-0.322786
-0.2025
-0.0794048
0.0463904
0.175394
0.308986
0.432221
0.531502
0.610414
0.674477
0.7271
0.770504
0.806334
0.835768
0.857547
0.868161
-0.652336
-0.576941
-0.484092
-0.384321
-0.280841
-0.174035
-0.0639478
0.0494992
0.166742
0.288767
0.401359
0.491727
0.563366
0.621592
0.669738
0.709802
0.743069
0.77061
0.793209
0.803517
-0.515293
-0.457647
-0.382808
-0.303523
-0.22
-0.131989
-0.0393469
0.0579379
0.159909
0.266803
0.365158
0.443126
0.503834
0.552276
0.591733
0.624363
0.650978
0.671784
0.687462
0.694445
-0.304412
-0.280989
-0.243157
-0.196679
-0.141707
-0.0786325
-0.00774094
0.0706531
0.156089
0.24797
0.333386
0.400694
0.45207
0.491587
0.521957
0.545262
0.563746
0.57901
0.590893
0.595477
-0.126194
-0.120941
-0.108963
-0.089133
-0.0602032
-0.0211877
0.0281466
0.0875312
0.156227
0.23305
0.305845
0.363116
0.405962
0.437817
0.461269
0.478123
0.489406
0.496099
0.499564
0.500838
-0.0272013
-0.0263166
-0.0216373
-0.0119041
0.00422384
0.0283254
0.0617775
0.105311
0.158822
0.221278
0.281816
0.329447
0.364434
0.38952
0.406849
0.418262
0.425412
0.42958
0.431518
0.431926
0.0274143
0.0279191
0.0304351
0.0362771
0.0467806
0.0632904
0.0871371
0.119462
0.160834
0.210769
0.260122
0.299037
0.327284
0.347145
0.360654
0.369473
0.374863
0.377817
0.379144
0.379483
0.0629011
0.0634987
0.0654144
0.0694509
0.0766168
0.0881672
0.10545
0.129682
0.161636
0.201207
0.240967
0.272428
0.295128
0.310915
0.321474
0.328224
0.332303
0.334573
0.335647
0.335948
0.0864047
0.0869039
0.0883715
0.0913548
0.0966054
0.10508
0.117901
0.136218
0.160905
0.192089
0.223841
0.24907
0.267219
0.279752
0.288078
0.293381
0.296578
0.298354
0.299198
0.299434
0.101751
0.102165
0.103299
0.10555
0.109472
0.115816
0.125491
0.139478
0.1586
0.183098
0.208317
0.228439
0.242896
0.252852
0.259443
0.263628
0.26615
0.267554
0.268224
0.268412
0.111209
0.111536
0.112412
0.114128
0.117111
0.121931
0.129312
0.140061
0.1549
0.17412
0.194071
0.210051
0.221541
0.229442
0.234663
0.237974
0.239965
0.241075
0.241604
0.241752
0.116252
0.116507
0.117185
0.118505
0.12079
0.124488
0.130163
0.138467
0.150012
0.16508
0.180823
0.193478
0.202582
0.20884
0.212974
0.215596
0.217176
0.218054
0.21847
0.218586
0.117957
0.11815
0.118675
0.119694
0.121459
0.124312
0.128699
0.13514
0.144135
0.155944
0.168347
0.178344
0.185549
0.190504
0.193774
0.195846
0.19709
0.197782
0.198112
0.198203
0.117097
0.117252
0.11766
0.118451
0.119818
0.122029
0.125433
0.130442
0.137461
0.146714
0.156471
0.164358
0.170046
0.173959
0.176544
0.17818
0.179163
0.179709
0.179966
0.180036
0.114272
0.114393
0.11471
0.115324
0.116386
0.118105
0.120754
0.124658
0.130142
0.137394
0.145065
0.151279
0.155763
0.158849
0.160886
0.162176
0.162951
0.163382
0.163587
0.163643
0.109926
0.11002
0.110268
0.110747
0.111573
0.112911
0.114975
0.118021
0.122308
0.127989
0.134012
0.138899
0.142431
0.144864
0.146473
0.147492
0.148102
0.14844
0.148598
0.148641
0.104397
0.104471
0.104663
0.105036
0.10568
0.106725
0.108335
0.110714
0.114066
0.118517
0.123245
0.127086
0.129866
0.131779
0.133043
0.133842
0.134321
0.134586
0.134711
0.134745
0.0979503
0.0980077
0.0981579
0.0984485
0.0989514
0.0997656
0.101022
0.102879
0.1055
0.108985
0.112691
0.115706
0.117889
0.119391
0.120383
0.12101
0.121388
0.121598
0.121696
0.121722
0.0907855
0.0908302
0.0909475
0.0911742
0.0915658
0.0922012
0.0931821
0.0946337
0.0966823
0.0994065
0.102309
0.10467
0.106378
0.107557
0.108337
0.108832
0.109127
0.109289
0.109365
0.109385
0.0830648
0.0830995
0.0831904
0.0833669
0.0836729
0.0841681
0.0849326
0.0860639
0.087662
0.0897901
0.0920596
0.0939078
0.0952462
0.0961698
0.0967788
0.0971627
0.0973931
0.09752
0.0975793
0.097595
0.074908
0.0749352
0.0750063
0.0751438
0.0753815
0.0757665
0.0763608
0.0772399
0.0784834
0.0801414
0.0819084
0.0833496
0.0843962
0.0851166
0.0855913
0.0858915
0.0860705
0.0861693
0.086215
0.086227
0.0664162
0.0664369
0.0664914
0.0665968
0.06678
0.0670785
0.0675404
0.0682236
0.0691885
0.0704747
0.0718457
0.0729618
0.0737685
0.0743235
0.0746907
0.0749233
0.0750635
0.0751408
0.0751768
0.0751861
0.0576603
0.0576764
0.0577188
0.057801
0.0579428
0.0581713
0.0585253
0.0590502
0.0597921
0.0607811
0.0618352
0.0626941
0.0633159
0.0637454
0.0640313
0.0642112
0.0643163
0.0643735
0.0643999
0.0644065
0.0487047
0.0487169
0.0487489
0.0488107
0.0489192
0.0490934
0.0493617
0.04976
0.0503233
0.0510745
0.0518767
0.0525306
0.0530044
0.0533305
0.0535424
0.0536754
0.0537554
0.053799
0.0538186
0.0538244
0.0395974
0.0396061
0.0396295
0.0396747
0.0397537
0.0398842
0.0400863
0.040384
0.0408034
0.0413616
0.0419564
0.0424403
0.0427883
0.0430255
0.043181
0.0432789
0.0433367
0.0433697
0.0433858
0.0433901
0.0303726
0.0303797
0.0303978
0.0304336
0.0304923
0.0305867
0.0307305
0.0309422
0.0312412
0.0316387
0.0320623
0.0324082
0.0326597
0.0328317
0.0329404
0.0330046
0.0330413
0.0330631
0.0330721
0.0330748
0.0210711
0.0210794
0.0210962
0.0211225
0.021162
0.0212246
0.0213205
0.0214592
0.021654
0.0219131
0.0221893
0.0224137
0.0225762
0.0226846
0.0227594
0.022809
0.0228359
0.0228408
0.0228369
0.0228365
0.0117169
0.0117223
0.0117308
0.0117478
0.011774
0.0118083
0.0118573
0.0119306
0.0120348
0.0121757
0.0123262
0.0124456
0.0125274
0.0125869
0.0126262
0.0126452
0.0126541
0.0126639
0.0126666
0.0126681
0.00234911
0.00234601
0.00234293
0.00234354
0.00233725
0.0023398
0.00234859
0.00236176
0.00237991
0.00240444
0.00243624
0.00247178
0.00249866
0.00252055
0.00253065
0.00253833
0.00254607
0.00254532
0.0025365
0.00254471
-1.27842
-1.00379
-0.735907
-0.510854
-0.294145
-0.0662569
0.17374
0.410272
0.58305
0.543096
-0.750192
-0.561457
-0.372976
-0.19457
-0.0178971
0.15186
0.308473
0.434404
0.49569
0.487403
-0.355405
-0.224954
-0.0907602
0.0391072
0.162667
0.274342
0.366028
0.429404
0.461602
0.468962
-0.070629
0.016775
0.109532
0.197744
0.27837
0.347972
0.402181
0.439767
0.465538
0.477812
0.130424
0.188585
0.250031
0.307897
0.360017
0.404195
0.439117
0.465447
0.485331
0.501017
0.274327
0.313465
0.352268
0.3908
0.425313
0.455148
0.479856
0.499868
0.515886
0.527756
0.379998
0.404149
0.431626
0.458635
0.48393
0.506427
0.525325
0.539799
0.549111
0.554181
0.462245
0.480249
0.503315
0.526194
0.54691
0.564348
0.577733
0.584614
0.587019
0.586466
0.525552
0.544444
0.566677
0.586941
0.605679
0.62248
0.635788
0.643765
0.645117
0.64795
0.582807
0.609911
0.640624
0.670486
0.697404
0.71848
0.732044
0.738603
0.735396
0.742474
0.668141
0.717626
0.760321
0.792964
0.816714
0.834075
0.847406
0.856143
0.860226
0.873522
0.8306
0.866215
0.894519
0.917053
0.936746
0.955317
0.972086
0.985928
0.998935
1.01569
1.01944
1.03899
1.05599
1.07391
1.0903
1.10414
1.11577
1.12909
1.14568
1.16449
1.2045
1.21602
1.22902
1.23979
1.24912
1.25853
1.26917
1.28018
1.28948
1.30442
1.41528
1.41728
1.40261
1.38765
1.38099
1.38637
1.40484
1.43506
1.46682
1.49741
1.72051
1.58362
1.50717
1.46491
1.44774
1.452
1.47899
1.53487
1.63844
1.85362
0.750914
0.748736
0.745368
0.737811
0.726991
0.71621
0.707004
0.699632
0.694148
0.691316
0.690939
0.692609
0.697246
0.703861
0.712205
0.722376
0.733465
0.743278
0.747933
0.751078
0.676007
0.681333
0.688149
0.693107
0.695751
0.695733
0.693673
0.690485
0.687357
0.684889
0.684387
0.686428
0.689392
0.692848
0.695797
0.697004
0.695784
0.69187
0.686136
0.678949
0.679051
0.680547
0.683496
0.685878
0.687488
0.688381
0.687938
0.686664
0.685039
0.683635
0.683396
0.684685
0.686579
0.68825
0.689255
0.68914
0.687862
0.685957
0.683189
0.680689
0.677307
0.677433
0.677871
0.678577
0.679323
0.679853
0.680055
0.679834
0.679271
0.678709
0.678717
0.679459
0.680388
0.681015
0.681139
0.680867
0.680267
0.679546
0.678964
0.678712
0.671904
0.67198
0.672205
0.672482
0.67274
0.672932
0.672993
0.672894
0.672638
0.6724
0.672521
0.673084
0.673693
0.674154
0.674351
0.67434
0.674188
0.673965
0.673732
0.673584
0.666582
0.666618
0.666691
0.666814
0.666972
0.667141
0.667281
0.667365
0.6674
0.667475
0.667744
0.66819
0.668598
0.668831
0.668922
0.668886
0.668787
0.668668
0.668562
0.668499
0.660669
0.660698
0.660759
0.660845
0.660953
0.661082
0.661223
0.661374
0.661544
0.66178
0.662144
0.662572
0.66293
0.663166
0.663288
0.663327
0.663317
0.663284
0.663244
0.663214
0.65477
0.654787
0.654836
0.654906
0.655001
0.655127
0.655291
0.655503
0.655778
0.656149
0.656633
0.657127
0.657511
0.657763
0.657911
0.657986
0.658015
0.658017
0.658005
0.657991
0.648802
0.648809
0.648841
0.6489
0.648991
0.649126
0.649318
0.649589
0.64996
0.650463
0.651087
0.651686
0.652136
0.652447
0.652643
0.652758
0.652819
0.652846
0.652852
0.652847
0.642692
0.642696
0.642728
0.642786
0.642883
0.643037
0.643271
0.643612
0.644093
0.644747
0.645545
0.646294
0.646852
0.647242
0.647498
0.647656
0.647747
0.647794
0.647813
0.647815
0.636422
0.636423
0.636454
0.63652
0.636635
0.636823
0.637113
0.637544
0.638158
0.638996
0.640014
0.640963
0.641671
0.642162
0.642488
0.642695
0.642818
0.642887
0.642919
0.642925
0.629949
0.629948
0.629985
0.630064
0.630205
0.630438
0.630802
0.631349
0.632133
0.633204
0.634503
0.635708
0.636603
0.63723
0.637649
0.637916
0.638077
0.638168
0.638212
0.638223
0.623216
0.623214
0.623258
0.623356
0.623534
0.623829
0.624293
0.62499
0.625992
0.627359
0.629015
0.630547
0.631684
0.632481
0.633014
0.633356
0.633564
0.633683
0.633741
0.633756
0.616151
0.616148
0.616204
0.616329
0.616555
0.616932
0.617526
0.618418
0.6197
0.621447
0.623559
0.625508
0.626953
0.627964
0.628641
0.629076
0.629341
0.629492
0.629568
0.629588
0.60866
0.608655
0.608727
0.608888
0.609179
0.609664
0.610427
0.611573
0.613217
0.615453
0.618146
0.620625
0.622457
0.623739
0.624597
0.625148
0.625485
0.625677
0.625774
0.625799
0.600615
0.600609
0.600703
0.600911
0.601288
0.601916
0.602902
0.604379
0.606492
0.609355
0.612789
0.615937
0.618259
0.619882
0.620967
0.621663
0.622088
0.62233
0.622451
0.622484
0.591848
0.591842
0.591964
0.592237
0.592729
0.593546
0.594826
0.596738
0.599461
0.60313
0.607507
0.611501
0.614436
0.616483
0.617851
0.618729
0.619265
0.619571
0.619724
0.619765
0.582134
0.582127
0.58229
0.58265
0.583298
0.58437
0.586042
0.588528
0.592046
0.596754
0.602329
0.607385
0.611089
0.613668
0.615389
0.616493
0.617166
0.61755
0.617742
0.617793
0.571163
0.571156
0.571376
0.571859
0.572721
0.574141
0.576343
0.579594
0.584156
0.590201
0.59729
0.603674
0.608332
0.611572
0.613735
0.615122
0.615968
0.61645
0.61669
0.616753
0.558499
0.558495
0.558798
0.559457
0.560624
0.56253
0.565462
0.569746
0.575686
0.583453
0.592445
0.600472
0.606308
0.610364
0.613076
0.614817
0.615882
0.616488
0.61679
0.616868
0.543519
0.543522
0.543956
0.544877
0.546491
0.549098
0.55306
0.558762
0.566534
0.576509
0.587864
0.597896
0.605173
0.610241
0.613641
0.615831
0.617175
0.617942
0.618325
0.618424
0.525274
0.525299
0.525948
0.527289
0.529594
0.533257
0.538719
0.546406
0.556621
0.569401
0.583641
0.59608
0.605092
0.611404
0.615675
0.61845
0.620163
0.621147
0.621642
0.621772
0.502221
0.502308
0.503365
0.50544
0.508894
0.514237
0.521967
0.532474
0.545936
0.562223
0.579896
0.59514
0.606201
0.614034
0.619419
0.62298
0.625216
0.626523
0.627193
0.627378
0.471609
0.471904
0.473866
0.477385
0.482935
0.491128
0.502384
0.516896
0.534601
0.555137
0.576751
0.595146
0.608552
0.618217
0.625047
0.629718
0.632761
0.634614
0.63562
0.635935
0.428209
0.429224
0.433632
0.44036
0.450058
0.463221
0.479902
0.499925
0.522935
0.548385
0.574298
0.596061
0.612033
0.623825
0.632489
0.638747
0.643128
0.646064
0.647866
0.648543
0.36341
0.366357
0.377643
0.391867
0.40975
0.4311
0.455479
0.482478
0.511622
0.542347
0.572623
0.597732
0.616314
0.6304
0.641216
0.64956
0.655986
0.660934
0.664743
0.665795
0.280109
0.288939
0.312072
0.338925
0.367869
0.398709
0.431323
0.465478
0.500773
0.536772
0.571479
0.600203
0.621868
0.638878
0.652604
0.663879
0.673268
0.681231
0.687287
0.689668
0.201279
0.219452
0.253542
0.290717
0.329272
0.368894
0.409335
0.450269
0.491279
0.531977
0.570426
0.601979
0.625883
0.64492
0.660571
0.673675
0.684695
0.69395
0.701409
0.705507
0.15273
0.17163
0.209998
0.252924
0.297881
0.344014
0.39066
0.437175
0.482886
0.52721
0.568098
0.601075
0.625876
0.645549
0.661629
0.674949
0.68601
0.695185
0.702381
0.70639
0.117967
0.137531
0.178638
0.224922
0.27385
0.324458
0.375763
0.426678
0.47606
0.522947
0.565022
0.598118
0.622639
0.641952
0.657684
0.670693
0.681479
0.690401
0.697508
0.701631
0.0909593
0.110997
0.15407
0.20308
0.255253
0.309451
0.364458
0.418822
0.470947
0.519351
0.561373
0.593365
0.616641
0.634902
0.649812
0.662207
0.672548
0.681138
0.68803
0.692172
0.0688415
0.0896063
0.134563
0.185795
0.240625
0.297826
0.355951
0.413184
0.467396
0.516497
0.557375
0.587141
0.608305
0.624913
0.638625
0.650175
0.659945
0.66815
0.674821
0.678936
0.050228
0.0717066
0.118412
0.171727
0.228965
0.288857
0.34976
0.409499
0.465382
0.514549
0.553315
0.57975
0.597941
0.612305
0.624457
0.63497
0.644058
0.651839
0.658275
0.662343
0.0339658
0.0562414
0.104619
0.159879
0.219403
0.281849
0.345396
0.40749
0.464843
0.513684
0.54947
0.571455
0.585735
0.597244
0.607485
0.616769
0.625094
0.632411
0.638609
0.642655
0.0193216
0.0422774
0.0922401
0.149503
0.211289
0.276256
0.342424
0.406902
0.465729
0.514053
0.546157
0.562494
0.5718
0.579765
0.587733
0.595633
0.603129
0.609956
0.615899
0.619882
0.00542516
0.0292517
0.0807891
0.140029
0.204078
0.271601
0.340471
0.407463
0.467956
0.515825
0.543704
0.553103
0.556175
0.559784
0.565131
0.571549
0.578244
0.58464
0.590363
0.594349
-0.00801839
0.0165957
0.0697963
0.131012
0.197352
0.267488
0.339173
0.408909
0.471416
0.519144
0.542475
0.543527
0.538787
0.537064
0.539456
0.544468
0.550525
0.556663
0.562275
0.566314
-0.021496
0.00407147
0.0589269
0.122108
0.190771
0.263573
0.338214
0.410963
0.475936
0.5241
0.542877
0.534076
0.519489
0.511139
0.510283
0.514212
0.520156
0.526461
0.532244
0.536511
-0.035111
-0.00869362
0.0479172
0.113074
0.184074
0.259584
0.337291
0.413327
0.481307
0.530693
0.545315
0.525152
0.498037
0.481165
0.476752
0.480497
0.487435
0.494733
0.501164
0.50589
-0.0491633
-0.021764
0.0365803
0.103727
0.177061
0.255305
0.336154
0.415715
0.48726
0.538888
0.550216
0.517302
0.474089
0.44589
0.437314
0.442797
0.452838
0.462742
0.470888
0.476379
-0.0636453
-0.035266
0.0248221
0.0939442
0.169603
0.250573
0.334618
0.417875
0.493479
0.548471
0.557952
0.511297
0.447251
0.402595
0.389896
0.400082
0.416815
0.432234
0.44386
0.451096
-0.0787217
-0.0492277
0.0126182
0.0837002
0.161635
0.245266
0.332493
0.419546
0.499635
0.559127
0.56878
0.508187
0.416989
0.346444
0.330574
0.349868
0.379522
0.405743
0.42439
0.435019
-0.0939411
-0.0635968
4.36656e-07
0.0730127
0.15315
0.23935
0.329657
0.42055
0.505419
0.570467
0.582765
0.509285
0.383344
0.278346
0.250776
0.285925
0.340195
0.387329
0.418502
0.433746
-0.109613
-0.0782646
-0.0129463
0.0619365
0.144185
0.232815
0.326045
0.420698
0.510521
0.582014
0.599672
0.516124
0.348186
0.186117
0.136138
0.199307
0.297906
0.382403
0.435581
0.458982
-0.125572
-0.0931792
-0.0261459
0.0505768
0.134813
0.225701
0.321701
0.419905
0.514656
0.593226
0.618974
0.53012
0.313432
0.0597896
-0.0407528
0.0701836
0.255852
0.411871
0.493343
0.521292
-0.141777
-0.108317
-0.0394454
0.0390741
0.125103
0.21806
0.316642
0.418169
0.517635
0.603582
0.639816
0.552244
0.282701
-0.119787
-0.338023
-0.131288
0.208008
0.470787
0.596946
0.620606
-0.158203
-0.123635
-0.0527248
0.0274421
0.114991
0.209824
0.310781
0.415405
0.519478
0.613066
0.662235
0.584571
0.261749
-0.412401
-0.953842
-0.56557
0.125807
0.529408
0.729339
0.751163
-0.174649
-0.13899
-0.0656496
0.0157697
0.104497
0.201005
0.304115
0.411471
0.519914
0.621002
0.684779
0.626987
0.26938
-0.809741
-1.98796
-1.33121
-0.215252
0.357695
0.501855
0.431784
-0.190493
-0.153546
-0.0778292
0.00403545
0.0936432
0.191514
0.296578
0.406429
0.518765
0.626786
0.705394
0.675575
0.311924
-1.00385
-2.56312
-1.9441
-0.798107
-0.239445
-0.0125967
0.0255444
-0.209805
-0.165025
-0.0888012
-0.0077527
0.0826342
0.181743
0.28793
0.400368
0.515974
0.629977
0.722254
0.723313
0.408665
-0.80541
-2.21679
-1.83425
-1.06164
-0.602596
-0.388656
-0.310451
-0.160676
-0.133762
-0.0629414
0.0225747
0.118305
0.222599
0.335379
0.451733
0.570948
0.687115
0.764525
0.710999
0.230898
-0.930975
-1.42375
-1.11635
-0.80183
-0.608856
-0.538908
-0.490753
-0.180381
-0.162558
-0.106426
-0.0274074
0.0638511
0.164456
0.273279
0.388546
0.50791
0.628771
0.73673
0.776736
0.594403
-0.126532
-0.842396
-0.986188
-0.841349
-0.713426
-0.621133
-0.611832
-0.197578
-0.174382
-0.116993
-0.0373553
0.0543583
0.155672
0.264743
0.380853
0.501814
0.625862
0.740477
0.798671
0.687851
0.22904
-0.325407
-0.576413
-0.692898
-0.736439
-0.759682
-0.78888
-0.225805
-0.199904
-0.135345
-0.0533234
0.0398632
0.142583
0.253104
0.370692
0.493453
0.619959
0.737578
0.805644
0.742417
0.441671
0.000540794
-0.353954
-0.610897
-0.789058
-0.91305
-1.02362
-0.258178
-0.229945
-0.157747
-0.0722056
0.0229584
0.127144
0.239176
0.358087
0.481971
0.608956
0.727214
0.798158
0.757345
0.524433
0.153224
-0.244058
-0.599909
-0.899393
-1.15016
-1.4026
-0.290094
-0.259475
-0.181502
-0.0923713
0.00504537
0.110919
0.224471
0.344307
0.468762
0.595699
0.711835
0.777523
0.743406
0.538312
0.20223
-0.213727
-0.651362
-1.06282
-1.43643
-2.03494
-0.32128
-0.288888
-0.206548
-0.114385
-0.0144258
0.0934283
0.208287
0.328879
0.45356
0.579741
0.693284
0.754151
0.720699
0.536904
0.222809
-0.190049
-0.703491
-1.24689
-1.72056
-2.46105
-0.351897
-0.318592
-0.233186
-0.138157
-0.0356985
0.074036
0.190059
0.311666
0.437214
0.563143
0.672998
0.726693
0.689047
0.523427
0.227571
-0.159768
-0.693243
-1.33875
-1.80514
-1.93578
-0.382761
-0.349021
-0.261356
-0.163893
-0.0592109
0.0524658
0.170304
0.29314
0.418618
0.542529
0.648652
0.697585
0.66037
0.515112
0.24362
-0.115046
-0.602105
-1.24165
-1.73567
-1.80114
-0.414342
-0.380378
-0.290976
-0.191367
-0.084539
0.0288723
0.147832
0.271212
0.396721
0.519807
0.623515
0.67176
0.642773
0.520879
0.301688
-0.00570434
-0.435133
-0.970445
-1.45297
-1.48638
-0.446948
-0.412659
-0.321958
-0.220857
-0.112391
0.00262473
0.123383
0.248058
0.373616
0.495378
0.597285
0.647973
0.632344
0.543145
0.385361
0.16622
-0.133481
-0.463656
-0.688747
-0.702058
-0.480496
-0.445956
-0.354309
-0.251739
-0.141461
-0.0246891
0.0974518
0.222593
0.347882
0.469373
0.571485
0.627812
0.629049
0.579939
0.488727
0.376412
0.25795
0.163782
0.128603
0.143417
-0.515762
-0.480843
-0.388383
-0.284467
-0.172686
-0.0543816
0.0690652
0.19516
0.321131
0.443317
0.547436
0.611602
0.631442
0.619398
0.589868
0.559127
0.540946
0.550155
0.589939
0.623235
-0.553502
-0.517542
-0.424352
-0.318921
-0.205431
-0.0854111
0.0394389
0.166801
0.294175
0.417867
0.526314
0.599616
0.63765
0.655849
0.667295
0.683563
0.711401
0.753878
0.800955
0.828652
-0.593431
-0.557142
-0.461997
-0.354635
-0.239317
-0.117487
0.00902822
0.138269
0.267732
0.393985
0.50783
0.591202
0.645959
0.685814
0.721322
0.758194
0.798617
0.841515
0.880827
0.904778
-0.635569
-0.598975
-0.500987
-0.391416
-0.273879
-0.1498
-0.0211367
0.110398
0.242333
0.37205
0.492251
0.586084
0.654782
0.709102
0.757538
0.802735
0.845304
0.884414
0.918088
0.938885
-0.678349
-0.640656
-0.540078
-0.42795
-0.307849
-0.181294
-0.0502137
0.083759
0.218399
0.352118
0.478602
0.58167
0.660908
0.72569
0.781194
0.829979
0.872684
0.909547
0.940391
0.961548
-0.719749
-0.680997
-0.577642
-0.462817
-0.340106
-0.211055
-0.0775359
0.058869
0.196346
0.3342
0.466158
0.577752
0.664669
0.73574
0.795291
0.84576
0.888399
0.92422
0.953826
0.974532
-0.757311
-0.717886
-0.611761
-0.494381
-0.369274
-0.237985
-0.102273
0.0363314
0.176492
0.318014
0.455318
0.57308
0.665079
0.739892
0.801642
0.852877
0.895355
0.930546
0.959491
0.979999
-0.788673
-0.748769
-0.640122
-0.520689
-0.393725
-0.260744
-0.12347
0.016749
0.158914
0.30316
0.44426
0.566451
0.661642
0.738386
0.801112
0.85253
0.894767
0.929492
0.95801
0.978254
-0.810082
-0.770112
-0.660009
-0.539496
-0.411472
-0.277714
-0.139998
0.000757017
0.143697
0.289236
0.432455
0.556627
0.653476
0.73101
0.793932
0.845198
0.88708
0.921375
0.949743
0.969831
-0.818139
-0.77883
-0.668267
-0.54767
-0.420162
-0.287318
-0.150485
-0.0109311
0.130922
0.275877
0.419103
0.542722
0.639679
0.717021
0.779572
0.830455
0.872015
0.906024
0.934459
0.954454
-0.808386
-0.770347
-0.660435
-0.541702
-0.416767
-0.286985
-0.153681
-0.0177063
0.120692
0.262372
0.402808
0.524271
0.619278
0.695251
0.756816
0.807071
0.848253
0.882063
0.91065
0.930651
-0.773466
-0.737564
-0.63176
-0.517462
-0.39792
-0.274406
-0.147769
-0.0185476
0.11332
0.24875
0.383348
0.499726
0.590807
0.66394
0.723585
0.772665
0.8133
0.846976
0.875883
0.895882
-0.706859
-0.673911
-0.574253
-0.469204
-0.359978
-0.247298
-0.131533
-0.0128503
0.108965
0.234697
0.359965
0.468152
0.552712
0.620758
0.676611
0.723149
0.762487
0.795923
0.825077
0.844926
-0.591507
-0.563011
-0.481103
-0.392595
-0.300352
-0.204177
-0.104168
-0.000292758
0.107645
0.22008
0.332423
0.428975
0.50378
0.56348
0.61215
0.652657
0.687352
0.718194
0.745833
0.76615
-0.419306
-0.399406
-0.347587
-0.286182
-0.218768
-0.145395
-0.0661081
0.0190678
0.109992
0.206449
0.303632
0.386697
0.449898
0.499007
0.537716
0.568247
0.592196
0.611361
0.62816
0.641955
-0.204876
-0.200792
-0.18351
-0.157184
-0.121341
-0.0759161
-0.0208752
0.0434345
0.116413
0.197268
0.280766
0.352554
0.406622
0.447514
0.478339
0.501603
0.519208
0.532166
0.540476
0.544734
-0.068653
-0.0680726
-0.0634174
-0.0533824
-0.0365248
-0.0110806
0.0242127
0.0699253
0.125882
0.191234
0.260978
0.321604
0.366764
0.400013
0.424019
0.440714
0.451565
0.458096
0.461723
0.463348
0.00356728
0.00349282
0.00503608
0.0102304
0.0203047
0.0365557
0.0603787
0.0930658
0.135345
0.187032
0.24391
0.293878
0.330817
0.357382
0.37587
0.388282
0.396271
0.401049
0.403472
0.404286
0.0469065
0.0471028
0.0483547
0.0516897
0.0581881
0.0691707
0.0860177
0.110023
0.142172
0.182742
0.228493
0.269106
0.299025
0.320303
0.334928
0.344584
0.350619
0.354125
0.355938
0.356652
0.0758203
0.0760565
0.0770838
0.0795562
0.0842206
0.0920539
0.104243
0.122051
0.14655
0.178255
0.214714
0.247378
0.271423
0.2884
0.29993
0.307449
0.312129
0.314858
0.316282
0.316848
0.0948832
0.0950739
0.0958973
0.0977653
0.101226
0.107033
0.116119
0.12955
0.148336
0.173077
0.201954
0.228041
0.247258
0.260776
0.269917
0.275859
0.279544
0.281688
0.282811
0.28326
0.107076
0.107235
0.107882
0.109311
0.11193
0.116305
0.123177
0.133416
0.147891
0.167191
0.189985
0.210716
0.22601
0.236757
0.244005
0.248702
0.251611
0.253305
0.254194
0.254551
0.114177
0.114304
0.114806
0.115904
0.117905
0.121248
0.126504
0.134368
0.145567
0.160634
0.17858
0.194994
0.20713
0.215655
0.2214
0.225122
0.227424
0.228764
0.229467
0.229747
0.117444
0.117541
0.117932
0.11878
0.120321
0.12289
0.126938
0.133013
0.141704
0.153475
0.167589
0.180555
0.190161
0.196911
0.201457
0.204401
0.206224
0.207284
0.207838
0.208059
0.117786
0.117862
0.118165
0.118822
0.120014
0.122003
0.125135
0.129847
0.136612
0.145811
0.156896
0.167119
0.174706
0.180044
0.183642
0.18597
0.187407
0.188241
0.188678
0.188852
0.115885
0.115946
0.116182
0.116693
0.117618
0.11916
0.121594
0.125258
0.13053
0.137727
0.146431
0.154483
0.16047
0.164681
0.167517
0.169352
0.170488
0.171149
0.171493
0.171629
0.112254
0.112302
0.112486
0.112883
0.113602
0.114802
0.116695
0.119551
0.123669
0.1293
0.13613
0.142462
0.147174
0.150494
0.152734
0.154184
0.155078
0.155596
0.155867
0.155974
0.107283
0.10732
0.107463
0.107773
0.108334
0.109268
0.110744
0.112973
0.116188
0.120594
0.125949
0.130925
0.134636
0.13725
0.139012
0.140153
0.140859
0.141268
0.14148
0.141564
0.101267
0.101296
0.101408
0.101649
0.102086
0.102816
0.103967
0.105707
0.108221
0.111669
0.115868
0.119774
0.122689
0.124744
0.12613
0.127025
0.127576
0.127895
0.128062
0.128127
0.0944418
0.0944641
0.094551
0.0947389
0.0950799
0.0956496
0.0965479
0.0979044
0.099868
0.102565
0.105852
0.108913
0.111198
0.112811
0.113898
0.114602
0.115038
0.115291
0.115421
0.115472
0.0869814
0.086999
0.0870675
0.0872145
0.0874801
0.0879228
0.088624
0.0896848
0.0912189
0.0933253
0.0958964
0.0982944
0.100083
0.101345
0.102197
0.102749
0.10309
0.103287
0.103389
0.103429
0.0790311
0.0790445
0.0790971
0.079211
0.0794182
0.0797646
0.0803101
0.0811336
0.0823273
0.0839706
0.0859767
0.0878479
0.0892475
0.0902381
0.0909058
0.0913342
0.091597
0.0917491
0.0918274
0.0918573
0.0706969
0.0707075
0.0707486
0.0708366
0.0709966
0.071264
0.0716881
0.0723298
0.0732573
0.0745345
0.076095
0.0775509
0.0786402
0.0794063
0.0799216
0.0802567
0.0804644
0.0805842
0.0806468
0.0806718
0.0620645
0.0620726
0.0621045
0.0621731
0.062296
0.0625019
0.0628293
0.0633253
0.0640435
0.0650309
0.0662364
0.0673597
0.0681981
0.0687892
0.0691889
0.0694473
0.069607
0.0697
0.0697479
0.0697659
0.0532036
0.0532097
0.0532333
0.0532853
0.0533811
0.0535397
0.0537891
0.0541671
0.054715
0.0554695
0.056392
0.0572536
0.0578989
0.0583536
0.0586599
0.0588565
0.0589765
0.0590459
0.0590816
0.0590946
0.0441646
0.0441696
0.0441892
0.0442298
0.0443009
0.0444199
0.0446094
0.0448954
0.0453086
0.0458762
0.0465697
0.0472161
0.0476985
0.0480381
0.0482636
0.0484101
0.0485021
0.0485541
0.0485807
0.048592
0.0349961
0.0349994
0.0350124
0.0350419
0.0350958
0.0351862
0.0353262
0.0355353
0.0358375
0.0362533
0.0367595
0.0372305
0.0375802
0.0378263
0.0379913
0.0380963
0.0381594
0.0381948
0.0382093
0.0382135
0.0257307
0.0257329
0.0257435
0.0257648
0.0258039
0.0258686
0.0259647
0.0261087
0.0263162
0.026601
0.0269496
0.0272754
0.0275198
0.0276927
0.0278098
0.0278806
0.0279188
0.0279378
0.0279456
0.0279498
0.0163989
0.0164007
0.0164111
0.0164299
0.0164567
0.016494
0.0165518
0.0166376
0.0167628
0.0169359
0.0171485
0.0173473
0.0174915
0.0175937
0.0176605
0.0177033
0.0177262
0.0177335
0.0177331
0.0177324
0.00234681
0.00234405
0.00234405
0.00234095
0.00233676
0.00234387
0.00235464
0.00237003
0.00239122
0.00241978
0.00245437
0.00248592
0.00251032
0.002527
0.00253397
0.00254294
0.00254764
0.00253945
0.0025382
0.00759234
-2.46831
-1.5667
-1.0873
-0.798448
-0.567518
-0.346866
-0.0980745
0.183346
0.492558
0.749038
-1.21017
-0.902088
-0.655668
-0.445105
-0.245277
-0.0419945
0.160097
0.348983
0.493703
0.533699
-0.666032
-0.467622
-0.301045
-0.143653
0.0082347
0.153072
0.286067
0.393251
0.457785
0.475697
-0.286726
-0.153363
-0.0378551
0.0728434
0.177606
0.272091
0.352223
0.412138
0.447856
0.463501
-0.01966
0.068642
0.147779
0.222217
0.290723
0.350774
0.40007
0.437157
0.462597
0.478173
0.168165
0.226541
0.278074
0.329021
0.373825
0.412793
0.445226
0.471178
0.491088
0.505495
0.303697
0.34057
0.377465
0.410228
0.440469
0.467737
0.491355
0.511153
0.525967
0.535858
0.405318
0.429914
0.455819
0.479998
0.503794
0.525494
0.543456
0.557136
0.564151
0.56279
0.48329
0.502941
0.525713
0.54744
0.567447
0.584913
0.599179
0.60885
0.613037
0.605986
0.542372
0.563321
0.586373
0.609801
0.632882
0.654109
0.671292
0.682346
0.687352
0.680332
0.603708
0.637045
0.677016
0.714962
0.746219
0.76957
0.785442
0.794768
0.797037
0.794195
0.71852
0.765557
0.808409
0.839721
0.86251
0.881438
0.898331
0.91266
0.922729
0.933373
0.90778
0.938336
0.961514
0.98278
1.00264
1.02041
1.0361
1.05005
1.06532
1.08029
1.10789
1.12078
1.13416
1.14871
1.16321
1.17571
1.18636
1.19692
1.20914
1.22426
1.29677
1.30609
1.31663
1.3197
1.32039
1.32441
1.33487
1.35073
1.36733
1.3717
1.60059
1.54174
1.49003
1.45024
1.42823
1.42416
1.43771
1.4713
1.52696
1.60609
0.885923
0.829578
0.789321
0.758002
0.735448
0.719411
0.707876
0.699794
0.694284
0.691328
0.690809
0.692814
0.697329
0.704178
0.714024
0.727689
0.74677
0.773493
0.809585
0.856166
0.691443
0.703221
0.71013
0.712011
0.709705
0.704969
0.699464
0.694372
0.690626
0.688577
0.689455
0.692734
0.697429
0.703
0.708401
0.712231
0.712658
0.708441
0.698186
0.689814
0.677496
0.679374
0.683796
0.687026
0.688793
0.689192
0.688365
0.686551
0.684304
0.682458
0.682102
0.683702
0.686042
0.688342
0.689848
0.690153
0.689113
0.686696
0.682788
0.678626
0.679718
0.680117
0.68157
0.683177
0.684458
0.685026
0.685026
0.684349
0.683392
0.682493
0.682402
0.683366
0.684658
0.68569
0.686201
0.685966
0.685087
0.683634
0.682021
0.680953
0.674458
0.674503
0.674714
0.675026
0.675361
0.67565
0.675758
0.67565
0.675265
0.674872
0.674945
0.675564
0.676297
0.676833
0.676963
0.67687
0.676621
0.676342
0.676108
0.675999
0.669381
0.669419
0.669569
0.669778
0.670005
0.670206
0.670325
0.670332
0.670242
0.67018
0.670377
0.670887
0.671386
0.67168
0.671807
0.671761
0.671611
0.671416
0.67123
0.671114
0.663651
0.663667
0.663725
0.663818
0.663936
0.664072
0.664208
0.664329
0.664439
0.664604
0.664921
0.665334
0.665697
0.665938
0.666045
0.666053
0.666011
0.665948
0.665888
0.665848
0.657729
0.657744
0.657801
0.65788
0.657982
0.658109
0.658262
0.658444
0.658668
0.658973
0.659394
0.659855
0.660222
0.660456
0.660587
0.660645
0.660655
0.660641
0.660616
0.660595
0.651801
0.65181
0.65185
0.651914
0.652006
0.652134
0.652311
0.652551
0.652875
0.65331
0.653861
0.6544
0.654813
0.655091
0.655262
0.655357
0.655402
0.655418
0.655416
0.655407
0.645768
0.645775
0.645803
0.64586
0.645952
0.646095
0.646306
0.64661
0.647034
0.647609
0.648315
0.648985
0.64948
0.64983
0.650055
0.650191
0.650267
0.650304
0.650317
0.650315
0.639575
0.63958
0.639611
0.639673
0.639779
0.639948
0.640208
0.640591
0.641136
0.641876
0.642778
0.643617
0.644251
0.644685
0.644974
0.645155
0.645262
0.64532
0.645346
0.64535
0.63321
0.633215
0.633248
0.63332
0.633447
0.633655
0.633979
0.634465
0.635159
0.636106
0.637256
0.638325
0.639121
0.639675
0.640045
0.64028
0.640422
0.640501
0.640539
0.640548
0.626613
0.626617
0.626657
0.626745
0.626903
0.627164
0.627576
0.628193
0.629079
0.630289
0.631756
0.633114
0.634123
0.63483
0.635303
0.635605
0.635789
0.635893
0.635944
0.635957
0.619723
0.619728
0.619777
0.619888
0.620088
0.620422
0.620946
0.621734
0.622867
0.624412
0.626282
0.628011
0.629293
0.63019
0.630791
0.631176
0.631412
0.631546
0.631613
0.63163
0.612456
0.612462
0.612525
0.612667
0.612923
0.61335
0.614023
0.615034
0.616486
0.618462
0.620846
0.623045
0.624671
0.62581
0.626573
0.627063
0.627361
0.627532
0.627618
0.62764
0.604703
0.604711
0.604793
0.604976
0.605307
0.605858
0.606725
0.608026
0.609889
0.612418
0.61546
0.618254
0.620317
0.621759
0.622725
0.623345
0.623723
0.623939
0.624047
0.624075
0.596318
0.596328
0.596435
0.596673
0.597104
0.597819
0.598942
0.600622
0.603019
0.606259
0.610136
0.613683
0.616295
0.618118
0.619337
0.620118
0.620596
0.620868
0.621005
0.621041
0.587105
0.58712
0.587261
0.587574
0.588138
0.589072
0.590534
0.592713
0.595807
0.599962
0.604903
0.609398
0.612696
0.614994
0.616529
0.617514
0.618115
0.618458
0.618629
0.618675
0.576802
0.576822
0.577011
0.577427
0.578174
0.579406
0.581323
0.584162
0.588167
0.593501
0.599789
0.605473
0.609629
0.612521
0.614451
0.615688
0.616443
0.616873
0.617088
0.617143
0.565041
0.565069
0.565327
0.565889
0.56689
0.568532
0.571069
0.574797
0.579999
0.586852
0.594839
0.602002
0.607219
0.610845
0.613268
0.614821
0.61577
0.61631
0.61658
0.616649
0.551301
0.551344
0.551704
0.55248
0.553848
0.556072
0.559473
0.564409
0.571199
0.580003
0.590114
0.599097
0.605618
0.610154
0.61319
0.615142
0.616337
0.617018
0.617359
0.617446
0.534817
0.534884
0.535406
0.536509
0.538429
0.541511
0.546151
0.552762
0.561667
0.572965
0.585695
0.596881
0.604987
0.610646
0.614456
0.61692
0.618436
0.619303
0.619737
0.619849
0.514412
0.514521
0.51531
0.516948
0.519756
0.524165
0.530645
0.539619
0.551347
0.565792
0.581684
0.595481
0.605481
0.612519
0.617314
0.620455
0.622409
0.623537
0.624105
0.624254
0.488171
0.488355
0.489619
0.492231
0.496594
0.5032
0.512506
0.524845
0.540296
0.55862
0.578213
0.595
0.607205
0.61592
0.62199
0.626069
0.628672
0.630205
0.630983
0.631192
0.45257
0.452907
0.455238
0.459992
0.467407
0.477828
0.491524
0.508579
0.528794
0.551708
0.575437
0.595501
0.610173
0.620873
0.628582
0.634001
0.637648
0.639911
0.6411
0.641428
0.39992
0.401046
0.406998
0.417285
0.430874
0.447792
0.468022
0.491347
0.517322
0.545364
0.573449
0.596886
0.61416
0.627085
0.636806
0.644085
0.649436
0.653205
0.655509
0.656325
0.31881
0.325418
0.343443
0.365024
0.388683
0.414776
0.443295
0.473916
0.506167
0.539541
0.572005
0.598864
0.618928
0.634423
0.646675
0.656559
0.664661
0.671375
0.676858
0.681243
0.233585
0.247875
0.280608
0.313703
0.347917
0.383366
0.420014
0.457634
0.495869
0.534328
0.57107
0.6014
0.62437
0.642587
0.657521
0.670083
0.680893
0.690291
0.699129
0.70734
0.175045
0.18989
0.229282
0.270448
0.31273
0.3559
0.399648
0.44352
0.487
0.529627
0.569432
0.601847
0.626352
0.64586
0.66188
0.675276
0.686619
0.696321
0.70477
0.711547
0.134894
0.150675
0.192879
0.237995
0.285117
0.333648
0.38277
0.431613
0.479277
0.525014
0.566653
0.599851
0.624642
0.644235
0.66022
0.67348
0.684599
0.694048
0.702283
0.708781
0.104895
0.121185
0.165306
0.213405
0.264079
0.316549
0.369779
0.422501
0.473344
0.521096
0.563278
0.595959
0.619967
0.638832
0.654212
0.666981
0.677709
0.686789
0.694635
0.700698
0.0810484
0.0978491
0.143582
0.194008
0.247568
0.303318
0.359932
0.415784
0.469009
0.517843
0.559415
0.590428
0.612751
0.630257
0.644618
0.656643
0.666815
0.675487
0.682997
0.688724
0.0613922
0.0787187
0.125972
0.178482
0.234543
0.293101
0.352643
0.411151
0.466231
0.515424
0.555351
0.583581
0.603366
0.618928
0.631904
0.642976
0.652495
0.660713
0.667883
0.673326
0.0445137
0.0624067
0.111205
0.16563
0.224008
0.285191
0.347415
0.408336
0.46496
0.513992
0.551358
0.575706
0.592062
0.605078
0.616321
0.626252
0.635023
0.642756
0.649594
0.654798
0.0296353
0.048011
0.0981939
0.154585
0.215243
0.278939
0.343791
0.407064
0.465138
0.51372
0.54774
0.567046
0.578978
0.588806
0.597957
0.606575
0.614533
0.621752
0.628248
0.633203
0.0157367
0.0347882
0.086394
0.144723
0.207632
0.273869
0.341367
0.407081
0.466702
0.514774
0.544809
0.557839
0.564197
0.570094
0.576794
0.58396
0.591077
0.597803
0.603983
0.608747
0.00239483
0.0222586
0.0752472
0.135523
0.20071
0.269522
0.339783
0.408111
0.469563
0.517299
0.542925
0.548322
0.547702
0.54878
0.55269
0.558388
0.564762
0.571079
0.577041
0.581677
-0.0106157
0.00987671
0.0643688
0.126603
0.194094
0.26555
0.338684
0.409895
0.473567
0.521434
0.542453
0.53876
0.529381
0.524531
0.525335
0.529749
0.535637
0.541889
0.547819
0.552462
-0.0236349
-0.00265028
0.053456
0.117648
0.18748
0.261632
0.337786
0.412141
0.47855
0.527201
0.543825
0.529513
0.509038
0.49671
0.494124
0.49778
0.50407
0.51079
0.517058
0.521874
-0.0367977
-0.0155304
0.042306
0.108471
0.180635
0.257513
0.33679
0.414554
0.484244
0.534615
0.547439
0.521045
0.486379
0.46426
0.457821
0.462172
0.470313
0.478715
0.486075
0.491422
-0.0505138
-0.0287455
0.0307604
0.0989052
0.173405
0.253018
0.335477
0.416872
0.490369
0.543529
0.553715
0.514007
0.461028
0.425766
0.414693
0.42206
0.435001
0.447209
0.456951
0.463496
-0.064782
-0.0424442
0.018775
0.0888939
0.165695
0.248003
0.333643
0.418809
0.496611
0.553705
0.562977
0.509302
0.432576
0.375544
0.362071
0.376271
0.398441
0.418358
0.432913
0.441712
-0.0794928
-0.0565837
0.00635216
0.0784224
0.157468
0.242392
0.331164
0.420148
0.502622
0.564765
0.575407
0.508111
0.400411
0.315051
0.293986
0.319973
0.360099
0.394897
0.418919
0.432085
-0.0945809
-0.0710846
-0.00643772
0.0675246
0.148736
0.236166
0.327957
0.420723
0.508079
0.576284
0.590909
0.511902
0.365803
0.235566
0.198886
0.246251
0.319696
0.382451
0.423441
0.445361
-0.109999
-0.0858494
-0.0195233
0.0562949
0.139553
0.229338
0.323984
0.420431
0.512706
0.587709
0.609122
0.522188
0.330535
0.127941
0.0576745
0.142233
0.279144
0.391972
0.45887
0.485847
-0.12565
-0.100847
-0.0328069
0.0448457
0.130003
0.221951
0.319256
0.41917
0.516294
0.598533
0.629311
0.540214
0.297168
-0.021961
-0.169285
-0.0174825
0.232465
0.435725
0.538555
0.566383
-0.141547
-0.116049
-0.0461143
0.0332934
0.120121
0.214051
0.313837
0.41695
0.518759
0.608464
0.650875
0.567106
0.27023
-0.246361
-0.588821
-0.305289
0.179465
0.510398
0.670578
0.700395
-0.157728
-0.13141
-0.0592836
0.0216129
0.109792
0.205496
0.30756
0.4136
0.519914
0.617319
0.673633
0.604848
0.260071
-0.613395
-1.45163
-0.908491
-0.00730244
0.49469
0.682646
0.625474
-0.174691
-0.146524
-0.0718804
0.009937
0.0991539
0.196373
0.300483
0.409116
0.519567
0.624293
0.695599
0.651103
0.289254
-0.949631
-2.39141
-1.72713
-0.510185
0.0968443
0.247777
0.223777
-0.194055
-0.159818
-0.0836515
-0.00195345
0.0880381
0.18653
0.292395
0.403522
0.517598
0.628752
0.714742
0.700552
0.353435
-0.961293
-2.50838
-1.97712
-0.999001
-0.49988
-0.231061
-0.154274
-0.211103
-0.174139
-0.0922321
-0.0119162
0.078882
0.178583
0.283738
0.397467
0.514498
0.631119
0.729521
0.747913
0.486311
-0.585306
-1.81635
-1.57065
-1.00406
-0.655183
-0.493598
-0.437375
-0.1321
-0.138447
-0.0686143
0.0171633
0.11324
0.218086
0.329576
0.447
0.567919
0.68744
0.772227
0.736916
0.324577
-0.589076
-1.02275
-0.917895
-0.776172
-0.657071
-0.601994
-0.676406
-0.196609
-0.149263
-0.0783258
0.00806087
0.104964
0.210682
0.323148
0.44233
0.565844
0.689527
0.784542
0.781555
0.509126
-0.0714512
-0.483118
-0.652932
-0.718105
-0.749227
-0.772404
-0.902177
-0.233524
-0.171231
-0.0959236
-0.00828802
0.0898057
0.196649
0.310983
0.431588
0.556257
0.681827
0.781548
0.799308
0.623835
0.226011
-0.189069
-0.494737
-0.709286
-0.856853
-0.969516
-1.21254
-0.267091
-0.196804
-0.116189
-0.0260916
0.0737697
0.182064
0.297777
0.419024
0.54441
0.671868
0.773351
0.799021
0.666854
0.351368
-0.0480108
-0.42831
-0.757204
-1.02883
-1.27862
-1.74243
-0.299998
-0.223005
-0.13809
-0.0449454
0.0569269
0.166591
0.283296
0.405926
0.532596
0.6586
0.754915
0.777996
0.666325
0.382712
0.00313088
-0.433114
-0.861148
-1.25109
-1.67722
-2.6948
-0.330988
-0.249987
-0.161579
-0.0654858
0.0383699
0.149732
0.267931
0.39105
0.516454
0.640475
0.733639
0.752198
0.65353
0.390336
0.0332931
-0.43667
-0.974806
-1.49585
-1.98719
-3.19769
-0.361557
-0.278077
-0.186756
-0.0879523
0.0180223
0.131102
0.250147
0.373866
0.500256
0.623427
0.710611
0.72194
0.628075
0.385223
0.0519556
-0.406026
-1.00387
-1.62073
-1.9036
-1.98258
-0.392511
-0.307382
-0.213694
-0.112589
-0.00453728
0.110445
0.23112
0.355576
0.480976
0.600831
0.683272
0.691996
0.604363
0.392396
0.0807795
-0.340166
-0.911052
-1.53895
-1.80181
-1.7891
-0.424002
-0.337937
-0.24225
-0.139056
-0.0289439
0.0875811
0.208909
0.333549
0.458691
0.57691
0.657287
0.66843
0.594812
0.425024
0.161146
-0.201148
-0.693019
-1.24415
-1.52896
-1.46307
-0.456468
-0.36957
-0.272511
-0.16777
-0.0558973
0.062234
0.185103
0.310552
0.43503
0.55126
0.631283
0.649127
0.598502
0.472248
0.285241
0.028609
-0.302107
-0.600518
-0.716585
-0.676817
-0.490248
-0.402466
-0.304197
-0.197744
-0.0839955
0.0356639
0.159451
0.284972
0.408944
0.525034
0.607311
0.635427
0.611094
0.538894
0.434545
0.317564
0.202903
0.139506
0.132234
0.152785
-0.525503
-0.437024
-0.337674
-0.229686
-0.114388
0.00660244
0.131591
0.257878
0.382389
0.499942
0.586031
0.626362
0.628789
0.605892
0.573854
0.547123
0.54114
0.567115
0.611304
0.627761
-0.563324
-0.47346
-0.372953
-0.263282
-0.146257
-0.0237423
0.102643
0.230226
0.356139
0.476354
0.568073
0.621891
0.648521
0.661407
0.674205
0.695453
0.730915
0.778034
0.819097
0.831558
-0.603826
-0.512137
-0.409593
-0.298074
-0.179281
-0.0550124
0.0732176
0.202749
0.331019
0.454761
0.554355
0.621136
0.667147
0.703538
0.739221
0.77785
0.819941
0.862179
0.895813
0.907033
-0.646784
-0.552236
-0.447471
-0.333743
-0.212792
-0.0862686
0.0442156
0.176105
0.307326
0.435206
0.543321
0.622826
0.68285
0.733847
0.780361
0.824309
0.865346
0.902188
0.930953
0.940727
-0.690044
-0.592614
-0.485298
-0.369002
-0.245565
-0.116548
0.0163171
0.150781
0.28524
0.41788
0.534068
0.623432
0.694388
0.754312
0.806307
0.85202
0.891796
0.925767
0.953163
0.963301
-0.731609
-0.631659
-0.521512
-0.402574
-0.276569
-0.145069
-0.00983504
0.127264
0.26494
0.402729
0.526014
0.623696
0.701755
0.766652
0.821528
0.867945
0.907067
0.939744
0.966369
0.976238
-0.769021
-0.667006
-0.554367
-0.432938
-0.304573
-0.170877
-0.033523
0.105969
0.246714
0.389258
0.518107
0.621819
0.704285
0.772157
0.82839
0.875079
0.913743
0.945687
0.971809
0.981718
-0.800013
-0.696579
-0.581713
-0.458266
-0.328159
-0.192847
-0.0539503
0.0873037
0.230382
0.376245
0.509111
0.616829
0.701941
0.771259
0.828055
0.874646
0.912943
0.944363
0.970206
0.979968
-0.820578
-0.717248
-0.601022
-0.476547
-0.345474
-0.20969
-0.0702186
0.0716539
0.215731
0.363297
0.498257
0.607825
0.694255
0.764048
0.820828
0.867148
0.905067
0.936118
0.961854
0.971579
-0.827811
-0.725921
-0.60911
-0.484935
-0.354574
-0.219618
-0.0812939
0.0593878
0.202593
0.349937
0.484211
0.593992
0.680387
0.749879
0.806271
0.852238
0.88985
0.920753
0.946522
0.956268
-0.817438
-0.717698
-0.602114
-0.480177
-0.352652
-0.220988
-0.0862866
0.0508701
0.190716
0.33481
0.467393
0.574471
0.659253
0.727565
0.783161
0.828637
0.865973
0.896813
0.922731
0.932614
-0.781965
-0.686935
-0.575542
-0.458488
-0.336853
-0.211697
-0.0837406
0.0467362
0.180202
0.318135
0.4453
0.547818
0.629235
0.695194
0.749252
0.793894
0.8309
0.861847
0.887988
0.898077
-0.714262
-0.625825
-0.52234
-0.415307
-0.304269
-0.190029
-0.0728029
0.0473769
0.170998
0.299269
0.417596
0.512799
0.588436
0.649954
0.70085
0.743577
0.779832
0.810965
0.837026
0.847572
-0.601457
-0.523797
-0.437437
-0.347143
-0.252936
-0.154847
-0.0529349
0.0529284
0.163026
0.277999
0.38396
0.468557
0.535177
0.58896
0.633229
0.67055
0.703124
0.732446
0.757628
0.769807
-0.414555
-0.37546
-0.317699
-0.25337
-0.18293
-0.106624
-0.0243927
0.0636665
0.157369
0.256542
0.348085
0.42032
0.475912
0.519464
0.553877
0.580937
0.60222
0.619878
0.635856
0.644953
-0.204397
-0.19319
-0.171483
-0.140453
-0.0998892
-0.0496365
0.0100677
0.0787834
0.155798
0.240148
0.319214
0.381443
0.428477
0.464002
0.490772
0.511014
0.526247
0.536892
0.543116
0.545124
-0.0688066
-0.0663666
-0.0591351
-0.0458977
-0.0249705
0.00526679
0.0457291
0.0966012
0.157376
0.226851
0.293462
0.345858
0.38468
0.413033
0.433186
0.446787
0.455277
0.460212
0.462755
0.463532
0.00346416
0.0039053
0.00711027
0.0145886
0.0275798
0.0474285
0.0755348
0.112959
0.16001
0.215931
0.27068
0.313794
0.345242
0.367506
0.382725
0.392747
0.399009
0.402513
0.404035
0.40436
0.0469327
0.0475265
0.0497079
0.0544728
0.063039
0.0767781
0.0970471
0.125022
0.161389
0.20588
0.250239
0.285271
0.310614
0.328336
0.340289
0.347985
0.352635
0.355203
0.356406
0.35674
0.0758731
0.0764327
0.078102
0.081564
0.087676
0.0975275
0.112368
0.133403
0.161482
0.196628
0.232189
0.260384
0.280692
0.294753
0.304114
0.310087
0.313695
0.315703
0.316653
0.316918
0.0949241
0.0953847
0.0966742
0.0992582
0.103785
0.111104
0.122224
0.138215
0.159937
0.187583
0.215896
0.238441
0.254646
0.265817
0.273227
0.277937
0.280775
0.282353
0.283104
0.283316
0.107112
0.107482
0.108479
0.110443
0.113858
0.119379
0.127819
0.140073
0.156912
0.178614
0.201055
0.218994
0.231886
0.240757
0.246622
0.250343
0.252583
0.253831
0.254427
0.254594
0.114207
0.114496
0.115266
0.116769
0.119378
0.123598
0.130065
0.139506
0.152592
0.16961
0.187336
0.201562
0.211793
0.218826
0.223474
0.22642
0.228193
0.229181
0.229651
0.229781
0.117468
0.117691
0.118287
0.119447
0.121453
0.124699
0.129685
0.136996
0.147184
0.160524
0.174501
0.185751
0.193852
0.199421
0.203098
0.205429
0.206832
0.207612
0.207983
0.208085
0.117805
0.117978
0.118441
0.119338
0.120891
0.123402
0.127264
0.132944
0.140888
0.151341
0.162342
0.171223
0.177626
0.182031
0.18494
0.186781
0.187886
0.1885
0.188792
0.188872
0.1159
0.116037
0.116397
0.117093
0.118297
0.120247
0.123249
0.127669
0.133873
0.142065
0.150718
0.15772
0.162772
0.166247
0.16854
0.169993
0.170868
0.171353
0.171582
0.171644
0.112266
0.112372
0.112652
0.113194
0.114131
0.115647
0.117985
0.121434
0.126283
0.132702
0.139499
0.145009
0.148989
0.15173
0.153542
0.154689
0.155376
0.155757
0.155937
0.155986
0.107292
0.107375
0.107594
0.108016
0.108745
0.109927
0.11175
0.114442
0.118231
0.12326
0.128597
0.132931
0.136066
0.138223
0.139648
0.140551
0.141094
0.141394
0.141535
0.141573
0.101274
0.10134
0.10151
0.101838
0.102408
0.10333
0.104753
0.106855
0.109819
0.113759
0.117945
0.121349
0.123812
0.125509
0.126629
0.127336
0.127759
0.127994
0.128105
0.128134
0.0944473
0.0944976
0.0946299
0.0948866
0.0953308
0.0960504
0.09716
0.0988015
0.101119
0.1042
0.10748
0.110149
0.11208
0.11341
0.11429
0.114848
0.115183
0.115368
0.115455
0.115477
0.0869856
0.0870255
0.0871293
0.0873296
0.0876752
0.0882355
0.0891024
0.0903852
0.0921952
0.0946031
0.0971709
0.0992609
0.100772
0.101815
0.102505
0.102941
0.103203
0.103347
0.103415
0.103433
0.0790344
0.0790648
0.0791448
0.0793006
0.0795709
0.0800082
0.0806817
0.0816785
0.0830887
0.0849679
0.0869713
0.0886039
0.0897891
0.0906071
0.0911449
0.0914827
0.0916844
0.0917958
0.0918473
0.0918607
0.0706995
0.0707234
0.0707856
0.0709059
0.0711142
0.0714531
0.0719777
0.0727533
0.0738492
0.0753107
0.0768687
0.078139
0.0790592
0.0796907
0.080108
0.0803738
0.0805334
0.0806213
0.0806632
0.0806743
0.0620664
0.0620849
0.0621333
0.0622264
0.0623866
0.0626478
0.0630531
0.0636531
0.0645008
0.0656303
0.0668336
0.0678133
0.0685214
0.0690099
0.0693333
0.0695374
0.0696603
0.0697287
0.0697599
0.0697679
0.0532051
0.0532188
0.0532549
0.0533269
0.0534511
0.0536509
0.0539594
0.0544174
0.0550646
0.0559278
0.0568494
0.0576018
0.0581471
0.0585228
0.0587697
0.0589243
0.0590164
0.0590672
0.0590903
0.0590962
0.0441656
0.0441773
0.0442064
0.0442607
0.0443531
0.0445045
0.0447386
0.045084
0.0455715
0.0462212
0.0469137
0.047477
0.0478848
0.0481628
0.0483449
0.0484619
0.0485323
0.0485696
0.048588
0.0485936
0.0349969
0.0350043
0.0350249
0.035065
0.035136
0.0352488
0.0354207
0.0356734
0.0360303
0.0365049
0.0370099
0.0374196
0.0377149
0.0379175
0.0380504
0.0381321
0.0381801
0.038204
0.0382125
0.0382146
0.0257311
0.0257369
0.0257528
0.0257814
0.0258327
0.0259121
0.0260297
0.0262034
0.0264482
0.0267743
0.027123
0.0274074
0.0276139
0.0277579
0.0278498
0.0279031
0.0279301
0.0279426
0.027948
0.0279508
0.0163988
0.0164049
0.0164194
0.0164424
0.0164738
0.0165197
0.0165906
0.0166948
0.0168429
0.0170413
0.0172544
0.0174256
0.0175482
0.0176303
0.017685
0.0177169
0.0177314
0.0177337
0.0177326
0.0177354
0.00702976
0.00702839
0.00703494
0.00704275
0.00705528
0.00706868
0.00709157
0.00712944
0.00718267
0.00725537
0.00734408
0.00742865
0.0074955
0.00753033
0.00755597
0.0075749
0.00758879
0.00759716
0.00759593
0.00759556
-1.90945
-1.28054
-0.931038
-0.680023
-0.462601
-0.225342
0.0383024
0.338902
0.644067
0.719414
-1.00289
-0.77109
-0.547791
-0.344652
-0.144236
0.0602266
0.257605
0.430352
0.531458
0.511367
-0.537372
-0.382214
-0.221827
-0.0669057
0.0817263
0.221816
0.34408
0.431516
0.472307
0.475084
-0.20007
-0.0942984
0.0179903
0.126223
0.226412
0.31426
0.384974
0.433078
0.459628
0.470539
0.038034
0.109588
0.185669
0.25731
0.322004
0.376732
0.420032
0.451371
0.473691
0.488564
0.208638
0.256081
0.305405
0.35195
0.394117
0.429866
0.45893
0.48188
0.499877
0.514224
0.330906
0.361821
0.393886
0.425669
0.454558
0.480066
0.501703
0.519278
0.532408
0.541339
0.423337
0.44346
0.467748
0.492095
0.515035
0.534982
0.550963
0.561471
0.5663
0.568329
0.495862
0.514063
0.536693
0.557848
0.576498
0.592436
0.604868
0.611224
0.612761
0.613113
0.55345
0.574343
0.598332
0.621397
0.643819
0.663386
0.6776
0.685793
0.685093
0.690325
0.618081
0.657107
0.696678
0.731458
0.758916
0.778407
0.790797
0.797022
0.795331
0.804956
0.741118
0.788421
0.825353
0.851847
0.872345
0.890041
0.906032
0.917981
0.92775
0.943976
0.924402
0.950339
0.972293
0.993014
1.01171
1.02859
1.04312
1.05745
1.073
1.09012
1.1136
1.12753
1.1413
1.15611
1.16975
1.18125
1.19152
1.20269
1.21648
1.23493
1.29768
1.31238
1.31888
1.31995
1.32171
1.32878
1.34226
1.35965
1.37155
1.38511
1.56952
1.51517
1.46806
1.43694
1.42406
1.42857
1.45186
1.49631
1.56339
1.65855
0.750091
0.746964
0.742337
0.732558
0.721517
0.711389
0.703131
0.696661
0.692276
0.690886
0.691491
0.694639
0.700297
0.707787
0.717045
0.727876
0.738736
0.746323
0.749717
0.751902
0.677885
0.685066
0.690813
0.694752
0.696012
0.694912
0.692143
0.68886
0.686058
0.684304
0.685153
0.687805
0.6911
0.694472
0.696686
0.696762
0.694154
0.689213
0.6824
0.677072
0.679513
0.682019
0.684809
0.686751
0.688075
0.688288
0.687371
0.685892
0.684265
0.683312
0.683884
0.685607
0.687484
0.688857
0.689389
0.688587
0.687007
0.684658
0.681723
0.680223
0.677345
0.677606
0.678206
0.678959
0.679628
0.68
0.679997
0.679565
0.678949
0.678606
0.679034
0.679963
0.680752
0.681156
0.681042
0.680603
0.679904
0.679221
0.678797
0.678676
0.671925
0.672079
0.672342
0.672616
0.672848
0.672982
0.672966
0.67278
0.672497
0.672404
0.672769
0.673386
0.673972
0.674278
0.674369
0.674276
0.674082
0.673846
0.673642
0.673553
0.666598
0.666647
0.666747
0.66689
0.667056
0.667215
0.667331
0.667387
0.667427
0.667579
0.667948
0.668404
0.668731
0.668899
0.668916
0.668842
0.668728
0.668612
0.668524
0.668482
0.66068
0.660724
0.660799
0.660896
0.661015
0.661151
0.661297
0.661456
0.66165
0.661947
0.662363
0.662765
0.663061
0.66324
0.663316
0.663326
0.663302
0.663264
0.663227
0.663204
0.654775
0.654808
0.654869
0.65495
0.65506
0.655204
0.65539
0.655631
0.655949
0.656383
0.656893
0.657338
0.65765
0.657848
0.657956
0.658006
0.658019
0.658012
0.657998
0.657983
0.648804
0.648821
0.648867
0.648941
0.649052
0.649213
0.649442
0.64976
0.650193
0.650771
0.651405
0.651933
0.652308
0.652557
0.652709
0.652794
0.652836
0.652851
0.652851
0.652842
0.64269
0.64271
0.642753
0.642829
0.642952
0.643143
0.643426
0.643833
0.644397
0.645143
0.645942
0.646592
0.647067
0.647385
0.647587
0.647708
0.647775
0.647806
0.647816
0.64781
0.636419
0.636435
0.636482
0.636571
0.636718
0.636953
0.637308
0.637825
0.638547
0.639503
0.640519
0.641348
0.64194
0.642343
0.642604
0.642765
0.642858
0.642906
0.642925
0.64292
0.629944
0.629962
0.630018
0.630125
0.630308
0.630601
0.63105
0.631708
0.63263
0.633851
0.635144
0.636193
0.636947
0.637462
0.637798
0.638008
0.63813
0.638195
0.638221
0.638217
0.623209
0.62323
0.623299
0.623433
0.623664
0.624036
0.624608
0.625449
0.626627
0.628184
0.629831
0.631163
0.63212
0.632776
0.633205
0.633474
0.633633
0.633718
0.633754
0.633749
0.616142
0.616169
0.616256
0.616427
0.616721
0.617197
0.617929
0.619005
0.620512
0.6225
0.624597
0.62629
0.627507
0.628338
0.628884
0.629226
0.629428
0.629538
0.629585
0.629579
0.608648
0.608682
0.608795
0.609014
0.609393
0.610005
0.610945
0.612326
0.614257
0.616797
0.619468
0.621617
0.623158
0.624213
0.624905
0.625339
0.625596
0.625735
0.625795
0.625788
0.6006
0.600644
0.60079
0.601075
0.601565
0.602357
0.60357
0.605347
0.607824
0.61107
0.614469
0.617195
0.619148
0.620482
0.621356
0.621903
0.622228
0.622403
0.622479
0.62247
0.591829
0.591887
0.592079
0.59245
0.59309
0.594119
0.595692
0.597987
0.601171
0.605319
0.60964
0.613092
0.615557
0.61724
0.618341
0.619032
0.619442
0.619664
0.619759
0.619747
0.58211
0.582188
0.582441
0.582931
0.583772
0.585119
0.587169
0.590144
0.594244
0.599548
0.605033
0.609394
0.612502
0.61462
0.616006
0.616874
0.617388
0.617666
0.617785
0.61777
0.571132
0.571238
0.571579
0.572234
0.573349
0.575129
0.57782
0.581695
0.586986
0.593762
0.600709
0.606202
0.610108
0.612769
0.61451
0.615601
0.616246
0.616595
0.616744
0.616724
0.55846
0.558609
0.559076
0.559965
0.561469
0.563849
0.567414
0.572491
0.579335
0.587982
0.596749
0.603639
0.608531
0.611864
0.614049
0.61542
0.616232
0.616671
0.616857
0.616832
0.543469
0.543687
0.544347
0.545582
0.54765
0.550886
0.555669
0.562371
0.571241
0.582249
0.593251
0.601845
0.607948
0.612119
0.614863
0.616591
0.617618
0.618174
0.61841
0.618378
0.52521
0.525548
0.526522
0.528299
0.53123
0.535735
0.542259
0.551181
0.56269
0.57663
0.59033
0.600967
0.608542
0.613759
0.617221
0.619417
0.62073
0.621446
0.621752
0.621713
0.502142
0.502723
0.504263
0.506965
0.511298
0.517775
0.526851
0.538824
0.553731
0.571241
0.588102
0.601128
0.610468
0.616991
0.621395
0.624239
0.625966
0.626925
0.627347
0.627304
0.471528
0.472707
0.475416
0.479866
0.48667
0.49635
0.509219
0.525345
0.544521
0.566227
0.586661
0.602382
0.613787
0.62194
0.627617
0.631416
0.633814
0.635209
0.635868
0.635842
0.428206
0.431155
0.43667
0.444794
0.456189
0.471113
0.489489
0.511054
0.535354
0.561758
0.586029
0.604648
0.618372
0.628494
0.635881
0.641144
0.644756
0.647093
0.648383
0.648416
0.363422
0.371581
0.384324
0.400336
0.419992
0.442902
0.468635
0.496766
0.526769
0.558064
0.58616
0.607677
0.623821
0.636153
0.645653
0.652981
0.658614
0.66302
0.6657
0.665563
0.282735
0.299369
0.325197
0.353092
0.383005
0.414742
0.448159
0.482936
0.518625
0.554839
0.586937
0.611726
0.630841
0.646081
0.658497
0.668774
0.677386
0.684657
0.688801
0.690084
0.206468
0.235621
0.271859
0.30977
0.34888
0.388944
0.429675
0.470696
0.511586
0.552066
0.587409
0.614661
0.635885
0.65309
0.667392
0.679413
0.689516
0.698024
0.70385
0.706138
0.158007
0.189756
0.231062
0.275116
0.320747
0.367209
0.413868
0.460062
0.505134
0.548686
0.585898
0.614243
0.63622
0.65396
0.668587
0.680727
0.690798
0.699124
0.704786
0.706993
0.123175
0.156949
0.201295
0.249022
0.298901
0.349974
0.40122
0.451505
0.499732
0.545196
0.582973
0.61117
0.632806
0.650188
0.664478
0.676331
0.686142
0.694262
0.699957
0.70224
0.0961352
0.131292
0.178012
0.228746
0.282056
0.336817
0.391687
0.445129
0.495549
0.541762
0.578835
0.605782
0.626254
0.642698
0.656277
0.667603
0.677035
0.684854
0.690496
0.692766
0.0740509
0.110813
0.159563
0.212732
0.268893
0.326747
0.384667
0.440658
0.492549
0.538543
0.573758
0.598458
0.61703
0.632058
0.644629
0.655258
0.664221
0.671721
0.677277
0.679516
0.0555081
0.0937603
0.144403
0.199824
0.25855
0.319168
0.379785
0.437944
0.490806
0.535781
0.568055
0.589497
0.605448
0.618596
0.62989
0.63967
0.648099
0.655259
0.660706
0.662903
0.039413
0.0791621
0.131527
0.189076
0.250234
0.313486
0.376655
0.436823
0.490387
0.533718
0.562003
0.579126
0.591684
0.602476
0.612231
0.621045
0.628873
0.635673
0.641029
0.643217
0.0248984
0.0659027
0.120125
0.179792
0.243349
0.3092
0.374929
0.437129
0.491333
0.532624
0.555897
0.567518
0.575796
0.583722
0.591696
0.59944
0.606629
0.613057
0.61828
0.620454
0.0111923
0.0535443
0.109636
0.17141
0.237375
0.305887
0.37428
0.438686
0.49369
0.532768
0.550053
0.5548
0.557744
0.56225
0.568243
0.574893
0.581491
0.587609
0.592722
0.594943
-0.00204068
0.0416099
0.0995982
0.163491
0.231924
0.303156
0.374384
0.441279
0.497459
0.534418
0.544838
0.541074
0.537348
0.537799
0.541726
0.547427
0.553615
0.559567
0.564641
0.566945
-0.0152483
0.0298501
0.0896694
0.155695
0.226633
0.300694
0.37494
0.444688
0.50259
0.537852
0.540671
0.526427
0.514262
0.509876
0.511822
0.517046
0.523319
0.529454
0.534719
0.537198
-0.028654
0.017919
0.0796051
0.14778
0.221239
0.298194
0.375642
0.44864
0.508947
0.543285
0.538071
0.510965
0.487898
0.477533
0.477919
0.483772
0.491126
0.4981
0.503976
0.506751
-0.0424377
0.0056937
0.0692171
0.139555
0.215535
0.295436
0.376228
0.452839
0.516328
0.550879
0.537654
0.494911
0.45741
0.438888
0.438932
0.44761
0.457944
0.467072
0.474114
0.477538
-0.0566306
-0.00695891
0.0584058
0.130881
0.209382
0.292224
0.37647
0.457
0.524443
0.560656
0.540123
0.478646
0.421534
0.391226
0.39327
0.408248
0.424911
0.438562
0.448141
0.452653
-0.0713143
-0.0200667
0.0471441
0.121731
0.20269
0.288426
0.376159
0.460834
0.532953
0.57251
0.546228
0.462912
0.378553
0.332429
0.337275
0.364546
0.393441
0.41607
0.430786
0.437181
-0.0863326
-0.0335845
0.0354592
0.112101
0.195421
0.283971
0.375135
0.464095
0.541477
0.586132
0.556684
0.44909
0.323789
0.253807
0.263063
0.312837
0.365458
0.405072
0.428074
0.436568
-0.101709
-0.047406
0.0234128
0.102052
0.187624
0.278813
0.373265
0.466539
0.549621
0.601052
0.571974
0.439344
0.259047
0.143079
0.157467
0.248466
0.343645
0.413586
0.450707
0.461678
-0.117284
-0.0614836
0.0111149
0.0916599
0.17933
0.273007
0.370553
0.467982
0.556998
0.616637
0.592203
0.436365
0.181676
-0.0211068
-0.00626432
0.16279
0.346194
0.460557
0.513094
0.521148
-0.133164
-0.0757181
-0.00127974
0.0810372
0.17061
0.266595
0.367042
0.468382
0.563248
0.632115
0.61687
0.443394
0.0908509
-0.282121
-0.280185
0.0401588
0.369788
0.546514
0.623316
0.581942
-0.149226
-0.0900117
-0.0137005
0.0701331
0.161354
0.259456
0.362581
0.467685
0.568359
0.647462
0.646516
0.465404
-0.0233009
-0.777541
-0.868766
-0.203861
0.363728
0.651046
0.759117
0.730431
-0.165675
-0.104006
-0.0259494
0.0589641
0.151617
0.251635
0.357145
0.465705
0.571911
0.661631
0.679586
0.507504
-0.152964
-1.53023
-1.88306
-0.707761
0.140206
0.470086
0.478763
0.415419
-0.183573
-0.11688
-0.0376118
0.0478676
0.141807
0.243515
0.350859
0.462532
0.57382
0.673742
0.712882
0.567902
-0.174083
-1.93843
-2.50007
-1.30634
-0.455403
-0.0915936
0.0178877
0.0536352
-0.20338
-0.127325
-0.0480134
0.0375404
0.13249
0.235445
0.344127
0.458385
0.574041
0.683032
0.742869
0.639908
-0.0355009
-1.64866
-2.22336
-1.40039
-0.799166
-0.464013
-0.34546
-0.255238
0.280639
0.395356
0.51365
0.63247
0.735663
0.764249
0.546025
-0.557458
-0.188054
-0.166595
-0.110992
-0.0319573
0.0593709
0.160192
0.268983
0.384574
0.504716
0.627214
0.738775
0.788517
0.6425
0.0644809
-0.551557
-0.759642
-0.758103
-0.723728
-0.692092
-0.210095
-0.185828
-0.125315
-0.0446765
0.047694
0.149693
0.259425
0.376238
0.498112
0.623616
0.7403
0.804394
0.721007
0.3554
-0.139409
-0.447334
-0.641814
-0.755789
-0.830863
-0.241661
-0.214822
-0.146282
-0.0626061
0.031534
0.134969
0.246256
0.364571
0.488028
0.614899
0.732959
0.803627
0.754404
0.495412
0.0951431
-0.28593
-0.597874
-0.83756
-1.02304
-0.273891
-0.244622
-0.169476
-0.0820945
0.0141715
0.119154
0.231952
0.351354
0.475529
0.602627
0.720233
0.788961
0.752458
0.535806
0.18568
-0.222704
-0.619553
-0.978682
-1.30366
-0.305341
-0.274002
-0.19381
-0.10313
-0.00448906
0.102374
0.216618
0.336866
0.461468
0.587925
0.702621
0.765887
0.732904
0.538537
0.213412
-0.204433
-0.681295
-1.14902
-1.58757
-0.336035
-0.303513
-0.219633
-0.126034
-0.0247742
0.0840606
0.199454
0.320434
0.445463
0.571689
0.683727
0.741288
0.705845
0.531481
0.22742
-0.174301
-0.709107
-1.31676
-1.78606
-2.09381
-0.366476
-0.333461
-0.247036
-0.150763
-0.0472099
0.0634567
0.180346
0.302711
0.428455
0.553413
0.661127
0.711729
0.673271
0.517189
0.230703
-0.14242
-0.655488
-1.31301
-1.78965
-1.8864
-0.397474
-0.364378
-0.275975
-0.177437
-0.0716014
0.0410393
0.159538
0.282545
0.407828
0.531226
0.63615
0.684414
0.650514
0.516521
0.267986
-0.06945
-0.532334
-1.12777
-1.64261
-1.6984
-0.429487
-0.39611
-0.306178
-0.205817
-0.098189
0.0159257
0.135663
0.259741
0.385473
0.507951
0.610502
0.659497
0.636691
0.529493
0.341334
0.0734793
-0.303738
-0.752915
-1.1272
-1.15234
-0.462262
-0.428741
-0.337907
-0.236177
-0.126777
-0.0107935
0.110782
0.23571
0.360997
0.482432
0.584244
0.637474
0.629938
0.56064
0.434823
0.269717
0.0650535
-0.133128
-0.242778
-0.243494
-0.496419
-0.462749
-0.370931
-0.26776
-0.156749
-0.0392649
0.0834657
0.209032
0.334577
0.456336
0.559189
0.619189
0.629619
0.599673
0.541689
0.474617
0.415885
0.384449
0.396016
0.426365
-0.532277
-0.498372
-0.406041
-0.301555
-0.188931
-0.0697575
0.0544074
0.181079
0.307652
0.430469
0.536461
0.60511
0.634159
0.638276
0.631557
0.62821
0.638252
0.670654
0.71813
0.749098
-0.570407
-0.536399
-0.442784
-0.336538
-0.222194
-0.101323
0.0242847
0.152515
0.280867
0.405687
0.516817
0.594938
0.641673
0.671664
0.696887
0.725773
0.762295
0.806292
0.849344
0.874704
-0.611213
-0.576984
-0.481202
-0.372924
-0.256574
-0.133669
-0.00612498
0.124227
0.254895
0.382811
0.499739
0.588332
0.650436
0.698221
0.741193
0.7831
0.825053
0.865654
0.901352
0.923711
-0.653551
-0.618513
-0.520393
-0.409733
-0.290967
-0.165675
-0.0358242
0.0969208
0.230174
0.361818
0.485246
0.583952
0.65827
0.71826
0.770695
0.817991
0.860607
0.898036
0.929089
0.948711
-0.695502
-0.659289
-0.55895
-0.445612
-0.324229
-0.196422
-0.0641099
0.0710824
0.207135
0.342962
0.472168
0.579657
0.66307
0.731438
0.789255
0.839029
0.881629
0.917605
0.947057
0.965646
-0.734705
-0.697528
-0.595041
-0.479041
-0.355123
-0.2249
-0.0902457
0.0473011
0.186168
0.325917
0.460688
0.57559
0.665344
0.738535
0.799343
0.850239
0.892692
0.927878
0.956388
0.974288
-0.769214
-0.730713
-0.626668
-0.508222
-0.382133
-0.249933
-0.113326
0.0261794
0.167452
0.310487
0.449866
0.570109
0.663883
0.739827
0.802186
0.853499
0.89573
0.930362
0.958228
0.975619
-0.795393
-0.755967
-0.65119
-0.53109
-0.403503
-0.26999
-0.132344
0.00833239
0.151061
0.296139
0.438533
0.562007
0.658212
0.735465
0.798335
0.849642
0.891532
0.925712
0.95284
0.969831
-0.809164
-0.769878
-0.665565
-0.544946
-0.417076
-0.283554
-0.145952
-0.00557879
0.137074
0.282589
0.426052
0.550255
0.647354
0.724903
0.787669
0.838668
0.880166
0.914006
0.940495
0.957485
-0.806641
-0.769894
-0.666364
-0.546611
-0.420142
-0.288476
-0.153062
-0.0149069
0.12557
0.269229
0.41137
0.534259
0.630438
0.707226
0.769318
0.819785
0.860869
0.894403
0.920469
0.937544
-0.784358
-0.750282
-0.648467
-0.532057
-0.409465
-0.282333
-0.1519
-0.0188729
0.116698
0.255692
0.393648
0.51294
0.60626
0.680971
0.741673
0.791218
0.831737
0.864973
0.890657
0.908099
-0.732685
-0.701304
-0.606313
-0.49651
-0.381504
-0.262767
-0.141029
-0.0165948
0.110707
0.241756
0.372186
0.484929
0.573152
0.644103
0.702109
0.749884
0.789283
0.821962
0.84743
0.865922
-0.643195
-0.617247
-0.53156
-0.434625
-0.332786
-0.227634
-0.119168
-0.00742831
0.107845
0.227313
0.346544
0.449377
0.529546
0.593961
0.646815
0.69073
0.72725
0.757489
0.78267
0.800866
-0.510413
-0.489756
-0.420948
-0.343514
-0.262153
-0.176403
-0.0860691
0.00890932
0.108543
0.212933
0.317375
0.406734
0.47531
0.529386
0.573005
0.608846
0.638441
0.662064
0.680244
0.69266
-0.305645
-0.295537
-0.263205
-0.220979
-0.170141
-0.111085
-0.0440409
0.0306662
0.112659
0.201418
0.291888
0.369405
0.428108
0.473143
0.507799
0.534368
0.554981
0.571784
0.585467
0.594429
-0.126537
-0.124382
-0.115881
-0.10014
-0.0758858
-0.0419581
0.00223412
0.0566873
0.120866
0.193837
0.270397
0.336568
0.386122
0.4231
0.450463
0.470448
0.484401
0.493247
0.498117
0.500532
-0.0270086
-0.0270606
-0.0245366
-0.0174883
-0.00474935
0.0151824
0.0438314
0.0823018
0.130918
0.189125
0.252254
0.307424
0.348341
0.378072
0.399031
0.413183
0.422271
0.427807
0.430786
0.431837
0.0274358
0.0275199
0.0288317
0.0328493
0.0408526
0.0541971
0.0742221
0.102203
0.139053
0.184876
0.235958
0.281073
0.314351
0.338127
0.354577
0.365559
0.372523
0.376586
0.378638
0.379397
0.0628568
0.0630819
0.0642397
0.0671053
0.0725622
0.0817547
0.0960097
0.116643
0.144694
0.180571
0.221452
0.257913
0.284757
0.303773
0.316749
0.325243
0.330533
0.333618
0.335228
0.335868
0.0863752
0.0865567
0.0874834
0.0896279
0.0936367
0.100369
0.110872
0.12631
0.147745
0.175756
0.208221
0.237432
0.258941
0.274093
0.284357
0.29104
0.295191
0.297606
0.298868
0.299372
0.101711
0.101887
0.102618
0.104252
0.107256
0.112285
0.120174
0.131889
0.148371
0.170222
0.195887
0.219155
0.236306
0.248361
0.256501
0.261782
0.265056
0.266962
0.267962
0.268363
0.111176
0.111318
0.111888
0.11314
0.115426
0.119247
0.12525
0.134216
0.146941
0.163992
0.184222
0.202675
0.216305
0.22588
0.232333
0.236515
0.239101
0.240607
0.241397
0.241714
0.116225
0.116337
0.11678
0.117745
0.1195
0.122428
0.127038
0.133946
0.143808
0.157125
0.173041
0.187633
0.198433
0.206019
0.21113
0.21444
0.216491
0.217684
0.218308
0.218556
0.117935
0.118018
0.118362
0.119108
0.120463
0.122723
0.126281
0.131629
0.139296
0.149699
0.16221
0.173726
0.182265
0.18827
0.192316
0.194933
0.196551
0.19749
0.197983
0.19818
0.117081
0.117149
0.117417
0.117996
0.119046
0.120797
0.123557
0.12771
0.133681
0.141817
0.15164
0.160712
0.167453
0.172195
0.175391
0.177459
0.178737
0.179479
0.179866
0.180018
0.114259
0.114313
0.114521
0.114971
0.115786
0.117147
0.119293
0.122527
0.127187
0.133552
0.141263
0.148406
0.153718
0.157458
0.159978
0.161607
0.162615
0.163201
0.163508
0.163629
0.109915
0.109957
0.11012
0.110472
0.111107
0.112165
0.113836
0.116358
0.119997
0.124978
0.131026
0.136639
0.14082
0.143767
0.145755
0.147043
0.147838
0.148298
0.148537
0.14863
0.104389
0.104422
0.104549
0.104821
0.105316
0.106143
0.107447
0.109416
0.112258
0.116156
0.120899
0.125308
0.128598
0.130917
0.132479
0.13349
0.134113
0.134474
0.134662
0.134737
0.0979441
0.0979695
0.0980685
0.0982815
0.0986674
0.0993118
0.100329
0.101865
0.104086
0.107137
0.110853
0.114311
0.116893
0.118714
0.119941
0.120733
0.121224
0.121509
0.121658
0.121716
0.0907806
0.0908006
0.0908776
0.0910439
0.0913447
0.0918468
0.0926408
0.0938408
0.0955771
0.0979608
0.100868
0.103578
0.105599
0.107025
0.107988
0.108614
0.108999
0.109221
0.109336
0.10938
0.0830611
0.0830763
0.0831362
0.0832653
0.0835002
0.0838922
0.0845106
0.0854457
0.0867994
0.0886602
0.0909323
0.0930525
0.0946354
0.0957534
0.0965076
0.0969937
0.0972933
0.0974668
0.0975563
0.0975913
0.0749051
0.0749172
0.074964
0.0750647
0.0752473
0.0755519
0.0760329
0.0767597
0.0778118
0.0792614
0.0810313
0.0826821
0.0839183
0.084792
0.0853795
0.0857591
0.0859931
0.0861278
0.0861974
0.0862239
0.066414
0.0664231
0.0664589
0.0665363
0.0666764
0.0669118
0.0672855
0.0678505
0.0686677
0.069792
0.0711653
0.0724456
0.073401
0.0740732
0.0745268
0.0748209
0.0750027
0.0751083
0.0751628
0.0751838
0.0576587
0.0576657
0.0576935
0.0577537
0.057863
0.058044
0.0583297
0.0587633
0.0593915
0.0602559
0.0613117
0.0622962
0.063032
0.0635515
0.063904
0.0641324
0.064271
0.0643496
0.0643898
0.0644049
0.0487033
0.0487088
0.0487298
0.0487751
0.0488579
0.0489963
0.0492135
0.0495424
0.0500194
0.0506755
0.0514784
0.0522282
0.0527884
0.0531835
0.0534478
0.0536167
0.0537209
0.0537808
0.053811
0.0538227
0.0395966
0.0396003
0.0396156
0.0396485
0.039709
0.0398113
0.0399749
0.0402215
0.0405769
0.0410654
0.0416612
0.0422164
0.0426301
0.0429189
0.0431122
0.043236
0.0433115
0.0433555
0.0433796
0.0433891
0.0303721
0.0303749
0.0303872
0.0304132
0.0304594
0.030534
0.0306514
0.0308265
0.03108
0.0314277
0.0318519
0.0322478
0.0325451
0.0327548
0.0328921
0.0329769
0.0330256
0.0330535
0.0330693
0.0330735
0.0210708
0.0210743
0.0210864
0.0211083
0.0211397
0.02119
0.0212677
0.0213837
0.021549
0.0217756
0.0220521
0.0223102
0.0225024
0.0226356
0.022726
0.0227867
0.0228253
0.0228406
0.022839
0.0228358
0.0117176
0.0117187
0.0117265
0.0117379
0.0117602
0.0117897
0.0118304
0.0118904
0.0119782
0.0121006
0.0122521
0.0123901
0.0124901
0.0125594
0.0126089
0.0126379
0.0126504
0.0126587
0.012667
0.0126651
0.00702818
0.00703118
0.00704037
0.00704777
0.00706183
0.00707848
0.00710858
0.00715386
0.00721641
0.00729954
0.00738823
0.00746474
0.00751552
0.00754427
0.00756605
0.00758235
0.00759406
0.00759917
0.00759218
0.00254098
-1.62257
-1.17582
-0.862952
-0.620298
-0.403254
-0.182341
0.0521791
0.294897
0.513143
0.591003
-0.916576
-0.666252
-0.465313
-0.283207
-0.105814
0.0682143
0.232588
0.37699
0.47414
0.497547
-0.461784
-0.297183
-0.157289
-0.0251295
0.101858
0.220599
0.323212
0.401675
0.449109
0.46583
-0.141226
-0.0327469
0.0635011
0.154414
0.239193
0.314853
0.377195
0.422989
0.452327
0.467605
0.0816902
0.154423
0.218837
0.27944
0.334881
0.383173
0.422879
0.453304
0.475695
0.491353
0.241374
0.287468
0.331175
0.372192
0.40859
0.440814
0.468111
0.490541
0.507978
0.520668
0.357432
0.387144
0.418087
0.445358
0.471517
0.495575
0.516305
0.533278
0.544615
0.549903
0.447381
0.468696
0.491953
0.514881
0.536839
0.556163
0.571566
0.582185
0.585723
0.58068
0.513572
0.533714
0.555907
0.576851
0.596531
0.614432
0.629711
0.640357
0.646029
0.639654
0.571232
0.595897
0.624961
0.655794
0.68457
0.708761
0.726257
0.736183
0.738557
0.731485
0.649099
0.69289
0.740069
0.778005
0.805767
0.825994
0.841216
0.852539
0.858341
0.863091
0.809142
0.849389
0.881307
0.906292
0.927047
0.946207
0.964027
0.979315
0.992492
1.00527
1.00819
1.03018
1.04733
1.06491
1.08248
1.09752
1.11003
1.12197
1.13708
1.1544
1.20208
1.20972
1.22272
1.23471
1.24454
1.25371
1.26371
1.27471
1.28529
1.29214
1.42053
1.41884
1.41092
1.39445
1.38297
1.38206
1.39401
1.41873
1.45207
1.47932
1.82822
1.64177
1.54014
1.48253
1.45349
1.44723
1.46239
1.50265
1.57831
1.72472
-0.166755
-0.160488
-0.0988356
-0.019381
0.0718511
0.172237
-0.349369
-1.27414
-1.23581
-0.909203
-0.682285
-0.568216
-0.686639
-0.886393
-1.17306
-1.63471
-2.2652
)
;

boundaryField
{
    wall-4
    {
        type            zeroGradient;
    }
    pressure-outlet-7
    {
        type            fixedValue;
        value           uniform 0;
    }
    velocity-inlet-6
    {
        type            zeroGradient;
    }
    velocity-inlet-5
    {
        type            zeroGradient;
    }
    frontAndBackPlanes
    {
        type            empty;
    }
}


// ************************************************************************* //
