/*--------------------------------*- C++ -*----------------------------------*\
  =========                 |
  \\      /  F ield         | OpenFOAM: The Open Source CFD Toolbox
   \\    /   O peration     | Website:  https://openfoam.org
    \\  /    A nd           | Version:  9
     \\/     M anipulation  |
\*---------------------------------------------------------------------------*/
FoamFile
{
    format      ascii;
    class       volVectorField;
    location    "1";
    object      U;
}
// * * * * * * * * * * * * * * * * * * * * * * * * * * * * * * * * * * * * * //

dimensions      [0 1 -1 0 0 0 0];

internalField   nonuniform List<vector> 
2200
(
(0.803343 -0.0172135 0)
(0.895913 -0.0287857 0)
(0.896642 -0.0203611 0)
(0.893863 -0.0158537 0)
(0.891639 -0.011898 0)
(0.890084 -0.00862879 0)
(0.889063 -0.00602485 0)
(0.888427 -0.00391375 0)
(0.888051 -0.00211572 0)
(0.887859 -0.000442981 0)
(0.887844 0.00117864 0)
(0.888015 0.00276729 0)
(0.888376 0.00446602 0)
(0.889004 0.0064741 0)
(0.890021 0.0089776 0)
(0.891575 0.0121573 0)
(0.893799 0.0160356 0)
(0.896578 0.0204804 0)
(0.895845 0.0288376 0)
(0.803283 0.0172194 0)
(0.881976 -0.00637253 0)
(1.02478 -0.0121233 0)
(1.02637 -0.0102438 0)
(1.02247 -0.0102427 0)
(1.01905 -0.00931071 0)
(1.01648 -0.00790746 0)
(1.01463 -0.00617148 0)
(1.01337 -0.00428905 0)
(1.01258 -0.00236467 0)
(1.01217 -0.00037535 0)
(1.01209 0.00157586 0)
(1.01245 0.00341126 0)
(1.01321 0.00518453 0)
(1.01443 0.00690169 0)
(1.01625 0.00847503 0)
(1.01881 0.00972656 0)
(1.02221 0.0105215 0)
(1.02609 0.0104127 0)
(1.02448 0.012189 0)
(0.881804 0.0063885 0)
(0.870053 -0.00327317 0)
(1.03796 -0.00566328 0)
(1.04395 -0.0054451 0)
(1.04243 -0.00576855 0)
(1.04071 -0.00561484 0)
(1.039 -0.00514235 0)
(1.03746 -0.00431533 0)
(1.03621 -0.00316609 0)
(1.0353 -0.00175566 0)
(1.03478 -0.000187665 0)
(1.03459 0.00153823 0)
(1.03502 0.00308535 0)
(1.03584 0.00432909 0)
(1.03703 0.00529044 0)
(1.03852 0.00589158 0)
(1.04018 0.00615449 0)
(1.04187 0.00614515 0)
(1.04342 0.00571834 0)
(1.03747 0.0058806 0)
(0.869758 0.00336516 0)
(0.8295 -0.000881225 0)
(1.00707 -0.00236295 0)
(1.01402 -0.00279798 0)
(1.01328 -0.00336083 0)
(1.01218 -0.00354438 0)
(1.01098 -0.00342259 0)
(1.00977 -0.00297185 0)
(1.00867 -0.00223028 0)
(1.00778 -0.00118318 0)
(1.00718 1.2105e-05 0)
(1.00721 0.00134693 0)
(1.00755 0.00262611 0)
(1.00827 0.00348588 0)
(1.00928 0.00403096 0)
(1.01043 0.00430736 0)
(1.0116 0.00427119 0)
(1.01269 0.00392279 0)
(1.01352 0.00320697 0)
(1.0066 0.0026173 0)
(0.828709 0.00099144 0)
(0.826751 0.000121483 0)
(1.00041 -0.000105465 0)
(1.00727 -0.000641803 0)
(1.00693 -0.00109857 0)
(1.00631 -0.00142494 0)
(1.00557 -0.00153894 0)
(1.00474 -0.00142063 0)
(1.00388 -0.0010321 0)
(1.00308 -0.000370592 0)
(1.00245 0.000486477 0)
(1.00246 0.00139622 0)
(1.0026 0.00214033 0)
(1.00307 0.00254521 0)
(1.0037 0.00266505 0)
(1.00437 0.00253516 0)
(1.00502 0.00219702 0)
(1.00557 0.00168744 0)
(1.00585 0.00105241 0)
(0.998675 0.000319359 0)
(0.824672 -6.98556e-05 0)
(0.828524 -4.65358e-05 0)
(1.00223 -0.00015674 0)
(1.00926 -0.000349304 0)
(1.00911 -0.000525578 0)
(1.00879 -0.000675704 0)
(1.00833 -0.000730534 0)
(1.00775 -0.000640147 0)
(1.00707 -0.000357058 0)
(1.00638 0.000144005 0)
(1.00578 0.00085718 0)
(1.00557 0.0015308 0)
(1.00559 0.00195282 0)
(1.00587 0.00213874 0)
(1.00626 0.00207623 0)
(1.00665 0.00182646 0)
(1.00701 0.001468 0)
(1.00728 0.0010747 0)
(1.00729 0.000679986 0)
(0.999964 0.00030721 0)
(0.826264 6.19568e-05 0)
(0.828374 -4.64418e-05 0)
(1.00227 -0.000121736 0)
(1.00947 -0.000149853 0)
(1.00948 -0.000144811 0)
(1.00931 -0.000115319 0)
(1.00903 -4.04079e-05 0)
(1.00864 0.000115375 0)
(1.00814 0.000381414 0)
(1.00756 0.00077453 0)
(1.00699 0.00129434 0)
(1.00666 0.0017179 0)
(1.00648 0.00192915 0)
(1.00648 0.00190858 0)
(1.0066 0.00173851 0)
(1.00677 0.00148007 0)
(1.00694 0.00118379 0)
(1.00706 0.000864108 0)
(1.00697 0.000565888 0)
(0.999609 0.000299033 0)
(0.825979 8.70255e-05 0)
(0.828154 5.89748e-06 0)
(1.00213 1.75927e-05 0)
(1.00942 7.93348e-05 0)
(1.00946 0.000164703 0)
(1.00931 0.00028548 0)
(1.00908 0.000444955 0)
(1.00875 0.000661913 0)
(1.0083 0.000949986 0)
(1.00775 0.00130786 0)
(1.00713 0.00170618 0)
(1.00664 0.00198287 0)
(1.00633 0.00200877 0)
(1.0062 0.00189027 0)
(1.00617 0.00166623 0)
(1.00617 0.00137798 0)
(1.00617 0.00106693 0)
(1.00617 0.000767439 0)
(1.00602 0.000496982 0)
(0.998642 0.000261442 0)
(0.825136 7.65088e-05 0)
(0.828317 3.94687e-05 0)
(1.00233 0.000126356 0)
(1.0097 0.000262852 0)
(1.00977 0.000425264 0)
(1.00964 0.000624954 0)
(1.00942 0.000867161 0)
(1.0091 0.00115783 0)
(1.00866 0.00149683 0)
(1.00807 0.00186605 0)
(1.00736 0.00221132 0)
(1.00668 0.00239149 0)
(1.00616 0.00232341 0)
(1.00585 0.00209519 0)
(1.00567 0.00177342 0)
(1.00556 0.0014221 0)
(1.0055 0.0010807 0)
(1.00547 0.000769619 0)
(1.0053 0.000495878 0)
(0.99792 0.000260226 0)
(0.824517 7.6549e-05 0)
(0.828775 6.75627e-05 0)
(1.00286 0.000224317 0)
(1.01021 0.000426847 0)
(1.01028 0.000666222 0)
(1.01015 0.000951273 0)
(1.00993 0.00128541 0)
(1.00959 0.00166737 0)
(1.0091 0.00208463 0)
(1.00844 0.00250174 0)
(1.00758 0.00283912 0)
(1.00668 0.00295106 0)
(1.00597 0.00278731 0)
(1.00548 0.00244988 0)
(1.00516 0.00203737 0)
(1.00496 0.00161443 0)
(1.00484 0.00121725 0)
(1.00476 0.000862139 0)
(1.00457 0.000553746 0)
(0.997171 0.000290307 0)
(0.823875 8.57238e-05 0)
(0.829412 9.28444e-05 0)
(1.00359 0.00030969 0)
(1.01094 0.000588316 0)
(1.011 0.000917613 0)
(1.01085 0.00130326 0)
(1.0106 0.00174717 0)
(1.01021 0.00224258 0)
(1.00964 0.00276606 0)
(1.00883 0.00326386 0)
(1.00778 0.00362757 0)
(1.00662 0.00369248 0)
(1.00566 0.00342902 0)
(1.00498 0.00297616 0)
(1.00452 0.00245478 0)
(1.00423 0.00193545 0)
(1.00404 0.00145501 0)
(1.00392 0.00102894 0)
(1.0037 0.000660458 0)
(0.996297 0.000345933 0)
(0.823126 0.000102274 0)
(0.830262 0.000121699 0)
(1.00457 0.000407653 0)
(1.01191 0.000775643 0)
(1.01196 0.00121009 0)
(1.01178 0.00171624 0)
(1.01147 0.00229433 0)
(1.011 0.00293198 0)
(1.0103 0.00359417 0)
(1.0093 0.00420653 0)
(1.00798 0.00462648 0)
(1.00649 0.00465764 0)
(1.00524 0.00428549 0)
(1.00434 0.00369396 0)
(1.00372 0.003032 0)
(1.00331 0.00238233 0)
(1.00305 0.00178671 0)
(1.0029 0.00126169 0)
(1.00266 0.000809409 0)
(0.995238 0.00042415 0)
(0.82222 0.000125696 0)
(0.831375 0.000158299 0)
(1.00585 0.00052928 0)
(1.01318 0.00100627 0)
(1.01321 0.001569 0)
(1.01298 0.00222334 0)
(1.0126 0.00296826 0)
(1.01201 0.00378542 0)
(1.01113 0.00462632 0)
(1.00988 0.00539174 0)
(1.0082 0.00589688 0)
(1.0063 0.00590085 0)
(1.00468 0.00540192 0)
(1.00351 0.00463949 0)
(1.0027 0.00379891 0)
(1.00217 0.00298021 0)
(1.00183 0.00223272 0)
(1.00163 0.00157536 0)
(1.00136 0.00100979 0)
(0.993923 0.000528456 0)
(0.821096 0.000156192 0)
(0.832813 0.000203881 0)
(1.00751 0.000682315 0)
(1.01483 0.00129694 0)
(1.01482 0.0020216 0)
(1.01453 0.00286274 0)
(1.01405 0.00381817 0)
(1.0133 0.00486268 0)
(1.01218 0.00593164 0)
(1.01059 0.00689515 0)
(1.00845 0.00751533 0)
(1.00603 0.00749234 0)
(1.00396 0.00683711 0)
(1.00246 0.00585861 0)
(1.00142 0.00478944 0)
(1.00074 0.00375328 0)
(1.0003 0.00281013 0)
(1.00004 0.00198224 0)
(0.999733 0.00127075 0)
(0.992281 0.000665295 0)
(0.819691 0.000197039 0)
(0.834663 0.000262021 0)
(1.00963 0.000876504 0)
(1.01694 0.00166599 0)
(1.01688 0.00259674 0)
(1.01651 0.00367619 0)
(1.0159 0.0049004 0)
(1.01494 0.00623511 0)
(1.01351 0.00759506 0)
(1.01148 0.00881147 0)
(1.00875 0.00957934 0)
(1.00566 0.00952381 0)
(1.00302 0.00867115 0)
(1.00111 0.00741829 0)
(0.999791 0.00605776 0)
(0.998917 0.00474356 0)
(0.998361 0.00354967 0)
(0.998023 0.00250294 0)
(0.997678 0.00160405 0)
(0.990205 0.00083958 0)
(0.817917 0.000248452 0)
(0.837044 0.000337635 0)
(1.01237 0.00112744 0)
(1.01966 0.00214108 0)
(1.01954 0.0033358 0)
(1.01906 0.00471996 0)
(1.01827 0.00628766 0)
(1.01704 0.00799287 0)
(1.01521 0.00972337 0)
(1.0126 0.01126 0)
(1.00911 0.012212 0)
(1.00518 0.0121109 0)
(1.00183 0.0110046 0)
(0.999397 0.0094019 0)
(0.997723 0.00767079 0)
(0.996613 0.00600326 0)
(0.995908 0.00449073 0)
(0.995479 0.00316584 0)
(0.995082 0.00202862 0)
(0.987582 0.00106192 0)
(0.815675 0.000314315 0)
(0.840107 0.000434659 0)
(1.01588 0.00145131 0)
(1.02315 0.00275583 0)
(1.02295 0.00429236 0)
(1.02233 0.00606988 0)
(1.0213 0.00807898 0)
(1.01971 0.0102576 0)
(1.01735 0.0124579 0)
(1.01401 0.0143954 0)
(1.00954 0.0155708 0)
(1.00454 0.0154005 0)
(1.00029 0.0139651 0)
(0.997212 0.0119158 0)
(0.995094 0.00971383 0)
(0.993691 0.00759832 0)
(0.992799 0.0056821 0)
(0.992258 0.00400482 0)
(0.991797 0.00256575 0)
(0.984264 0.00134291 0)
(0.812841 0.000397587 0)
(0.844061 0.000562253 0)
(1.02041 0.00187301 0)
(1.02764 0.00355403 0)
(1.02733 0.00553321 0)
(1.02652 0.00781983 0)
(1.02519 0.0103986 0)
(1.02312 0.0131844 0)
(1.02007 0.0159804 0)
(1.01576 0.0184163 0)
(1.01005 0.0198551 0)
(1.00369 0.0195766 0)
(0.998308 0.0177121 0)
(0.994428 0.0150924 0)
(0.991758 0.0122936 0)
(0.98999 0.00961177 0)
(0.988867 0.00718604 0)
(0.988186 0.00506429 0)
(0.987645 0.00324433 0)
(0.980069 0.00169796 0)
(0.80926 0.000502471 0)
(0.849184 0.000730609 0)
(1.02627 0.0024286 0)
(1.03346 0.00460484 0)
(1.033 0.00716329 0)
(1.03193 0.0101124 0)
(1.03018 0.0134273 0)
(1.02747 0.0169895 0)
(1.02349 0.0205352 0)
(1.01793 0.0235807 0)
(1.01062 0.025317 0)
(1.00256 0.024867 0)
(0.995768 0.022441 0)
(0.990887 0.0190946 0)
(0.987529 0.0155409 0)
(0.985307 0.0121445 0)
(0.983895 0.00907615 0)
(0.983039 0.0063943 0)
(0.982397 0.00409517 0)
(0.974769 0.00214267 0)
(0.804737 0.000633903 0)
(0.855855 0.000954708 0)
(1.03389 0.00316443 0)
(1.04101 0.00599673 0)
(1.04034 0.00931975 0)
(1.03891 0.0131396 0)
(1.03658 0.0174124 0)
(1.03301 0.0219686 0)
(1.0278 0.0264499 0)
(1.0206 0.0302242 0)
(1.01124 0.032273 0)
(1.00104 0.0315508 0)
(0.992511 0.0283898 0)
(0.986392 0.0241222 0)
(0.982182 0.0196206 0)
(0.979394 0.0153291 0)
(0.97762 0.0114556 0)
(0.976544 0.00807076 0)
(0.975775 0.00516876 0)
(0.968084 0.00270361 0)
(0.799033 0.000799538 0)
(0.864615 0.00126273 0)
(1.04386 0.00416388 0)
(1.05087 0.00787866 0)
(1.04991 0.0122222 0)
(1.04796 0.0171943 0)
(1.04482 0.0227163 0)
(1.04004 0.0285384 0)
(1.03316 0.0341675 0)
(1.0238 0.03878 0)
(1.01183 0.0411136 0)
(0.998993 0.0399618 0)
(0.988338 0.0358417 0)
(0.980701 0.030415 0)
(0.975435 0.0247307 0)
(0.971937 0.0193221 0)
(0.969706 0.0144413 0)
(0.96835 0.0101753 0)
(0.967421 0.00651703 0)
(0.959648 0.00340934 0)
(0.791838 0.00100816 0)
(0.876335 0.00168435 0)
(1.05711 0.00552743 0)
(1.06395 0.0104683 0)
(1.0625 0.0162064 0)
(1.05977 0.0227324 0)
(1.05541 0.0298919 0)
(1.04891 0.0373066 0)
(1.03974 0.0442959 0)
(1.02755 0.0498046 0)
(1.01231 0.0523111 0)
(0.996245 0.0504894 0)
(0.983024 0.0451281 0)
(0.973543 0.0382659 0)
(0.966974 0.0311302 0)
(0.962577 0.0243447 0)
(0.95975 0.0182104 0)
(0.958022 0.0128375 0)
(0.956873 0.00822312 0)
(0.948991 0.00430012 0)
(0.782746 0.00127108 0)
(0.891954 0.00236301 0)
(1.07479 0.00764147 0)
(1.08132 0.0142754 0)
(1.07912 0.0219509 0)
(1.07514 0.0305618 0)
(1.06893 0.0398289 0)
(1.05991 0.0491705 0)
(1.0476 0.0576614 0)
(1.03172 0.0639944 0)
(1.01242 0.0664127 0)
(0.992507 0.0635627 0)
(0.976254 0.0566152 0)
(0.964573 0.0480132 0)
(0.956403 0.039139 0)
(0.950862 0.0306923 0)
(0.947249 0.0230218 0)
(0.945014 0.0162683 0)
(0.943566 0.0104405 0)
(0.935536 0.00547827 0)
(0.771288 0.00162274 0)
(0.915356 0.00326102 0)
(1.09985 0.0103295 0)
(1.10547 0.0198769 0)
(1.10164 0.0304006 0)
(1.09537 0.0419393 0)
(1.08614 0.0538875 0)
(1.0734 0.0654132 0)
(1.05677 0.0753451 0)
(1.03618 0.0821799 0)
(1.01198 0.0840232 0)
(0.987596 0.0796389 0)
(0.967879 0.0706989 0)
(0.953631 0.0600484 0)
(0.943505 0.0491634 0)
(0.936463 0.0387723 0)
(0.931714 0.0292456 0)
(0.928644 0.0207495 0)
(0.926604 0.0133356 0)
(0.918207 0.00691129 0)
(0.756234 0.00204417 0)
(0.943581 0.00573314 0)
(1.13367 0.0184334 0)
(1.13774 0.0307718 0)
(1.13093 0.0451409 0)
(1.12075 0.0599519 0)
(1.10679 0.0746069 0)
(1.08871 0.0879885 0)
(1.06639 0.0987424 0)
(1.04 0.10528 0)
(1.01013 0.105698 0)
(0.980749 0.0990664 0)
(0.957182 0.0876842 0)
(0.940057 0.0747398 0)
(0.927655 0.0617011 0)
(0.918763 0.0492575 0)
(0.912519 0.0377568 0)
(0.908296 0.0273639 0)
(0.90543 0.0180834 0)
(0.896529 0.0101391 0)
(0.7389 0.00301248 0)
(1.01724 0.0127978 0)
(1.18619 0.0251684 0)
(1.18317 0.0488629 0)
(1.16983 0.0685212 0)
(1.15266 0.0873243 1.72167e-33)
(1.13142 0.104422 -7.35765e-34)
(1.10603 0.11876 0)
(1.07659 0.129149 0)
(1.04343 0.134168 0)
(1.00721 0.132076 0)
(0.972626 0.122372 0)
(0.94519 0.108062 0)
(0.925018 0.092633 0)
(0.909995 0.0774045 0)
(0.898697 0.0628956 0)
(0.890155 0.0492882 0)
(0.883683 0.0366268 0)
(0.878561 0.0248597 0)
(0.866858 0.0128109 0)
(0.704268 0.00529945 0)
(1.07124 0.0399894 1.42292e-19)
(1.25028 0.0624585 -1.10771e-19)
(1.23619 0.0926836 0)
(1.21255 0.11243 7.92212e-20)
(1.18576 0.131403 -6.39978e-20)
(1.15558 0.147794 7.76273e-34)
(1.12185 0.160652 0)
(1.08456 0.168859 3.68197e-20)
(1.04398 0.171032 -1.17756e-19)
(1.00071 0.165474 2.34482e-20)
(0.959844 0.152158 0)
(0.927337 0.134807 -5.33682e-20)
(0.903058 0.117055 -6.26038e-20)
(0.884373 0.100091 1.09224e-19)
(0.869579 0.0843519 -8.53876e-20)
(0.857552 0.0700009 0)
(0.847538 0.0570923 -3.00754e-20)
(0.838845 0.0457928 0)
(0.824458 0.0344258 -1.68915e-19)
(0.670578 0.0220736 1.96113e-19)
(1.11554 0.0966606 -2.09794e-20)
(1.30177 0.143483 3.86889e-19)
(1.28106 0.158165 -3.8134e-20)
(1.24875 0.172901 -2.3218e-19)
(1.21339 0.188098 -1.35555e-19)
(1.17503 0.201296 2.18507e-19)
(1.13342 0.211326 0)
(1.08852 0.216759 0)
(1.04053 0.215992 1.87625e-19)
(0.98997 0.207199 0)
(0.942251 0.1907 1.96801e-19)
(0.904109 0.170926 5.72453e-20)
(0.875454 0.151795 9.8654e-22)
(0.853131 0.134429 -1.16891e-19)
(0.835185 0.11917 0)
(0.820391 0.106049 0)
(0.807968 0.0949207 -4.87934e-19)
(0.797267 0.0856133 1.23096e-18)
(0.781948 0.0790935 -7.29714e-19)
(0.638855 0.0557215 -8.50919e-19)
(1.14319 0.160724 -2.93911e-19)
(1.33398 0.227343 1.1066e-19)
(1.31165 0.230189 4.85988e-20)
(1.2744 0.241848 4.11694e-19)
(1.23358 0.252308 1.35448e-20)
(1.18923 0.261149 -5.77912e-19)
(1.14128 0.267259 1.88558e-19)
(1.08982 0.269033 0)
(1.03514 0.264651 -3.97562e-19)
(0.977855 0.252109 3.26237e-19)
(0.924018 0.23206 -5.27132e-19)
(0.881214 0.209642 2.42008e-19)
(0.849301 0.188973 -1.45302e-19)
(0.824696 0.170953 3.34036e-19)
(0.805213 0.155688 0)
(0.789479 0.142982 -1.16924e-19)
(0.776605 0.132495 0)
(0.765871 0.123681 6.61049e-19)
(0.750921 0.118175 -1.56708e-18)
(0.614445 0.0878813 9.6518e-19)
(1.1619 0.224904 1.07442e-18)
(1.35334 0.306 -4.87076e-19)
(1.33057 0.302098 -9.3212e-20)
(1.29036 0.311936 0)
(1.2462 0.318659 -2.89323e-19)
(1.19767 0.323675 3.50897e-19)
(1.14481 0.325984 -2.00649e-19)
(1.08783 0.323967 0)
(1.02721 0.315708 2.82665e-19)
(0.963782 0.299052 -2.31129e-19)
(0.904425 0.274982 4.4772e-19)
(0.857694 0.249379 0)
(0.823362 0.226561 -3.07725e-19)
(0.797372 0.207183 1.77594e-19)
(0.777212 0.191114 4.24595e-19)
(0.761281 0.177966 -3.72426e-19)
(0.748519 0.167261 5.93783e-19)
(0.738112 0.158272 -1.31725e-18)
(0.723618 0.152543 8.32485e-19)
(0.592565 0.116342 -1.0296e-18)
(1.17469 0.285879 -5.49834e-19)
(1.36532 0.382315 4.33884e-19)
(1.34274 0.372452 -3.01823e-19)
(1.29983 0.381429 5.08738e-19)
(1.25309 0.385046 -4.24984e-19)
(1.20124 0.386876 1.20265e-19)
(1.1443 0.38581 4.01458e-21)
(1.08256 0.380209 -3.56017e-19)
(1.01662 0.368084 -2.97284e-19)
(0.947536 0.34712 -4.8961e-19)
(0.883089 0.318592 -9.56282e-19)
(0.832905 0.289188 -2.77748e-19)
(0.796673 0.263532 3.32628e-21)
(0.769797 0.242096 -5.71588e-19)
(0.749387 0.224555 -4.02106e-21)
(0.733579 0.210357 5.28684e-19)
(0.721143 0.198897 -1.56235e-19)
(0.71118 0.189333 -9.35619e-20)
(0.697202 0.182932 0)
(0.571415 0.141278 2.11789e-18)
(1.18363 0.345305 0)
(1.37304 0.455997 -1.12192e-19)
(1.3503 0.44152 -9.7235e-20)
(1.30494 0.449768 -1.18094e-20)
(1.25598 0.450685 4.44428e-19)
(1.20119 0.44982 -2.64167e-19)
(1.14066 0.445787 2.25423e-19)
(1.07464 0.436901 5.75482e-19)
(1.00378 0.421063 -1.59865e-19)
(0.92934 0.395735 2.56298e-19)
(0.859988 0.362393 5.10623e-19)
(0.806547 0.328585 5.96194e-19)
(0.768673 0.299405 -3.44363e-19)
(0.741196 0.275252 6.08323e-19)
(0.720801 0.255655 -4.74329e-19)
(0.70534 0.239908 0)
(0.693408 0.227279 -1.16685e-18)
(0.684014 0.216844 1.57391e-18)
(0.67066 0.209477 1.16116e-19)
(0.550237 0.162875 -2.17102e-18)
(1.19013 0.403664 -2.25087e-20)
(1.37768 0.526193 6.78512e-19)
(1.35434 0.509205 7.25924e-19)
(1.30696 0.51637 -7.02363e-19)
(1.25596 0.515089 3.25492e-19)
(1.19851 0.511943 -2.74443e-19)
(1.13468 0.505322 4.68394e-19)
(1.06469 0.493485 -1.92714e-19)
(0.98916 0.474183 -6.70917e-19)
(0.90947 0.444561 2.17249e-21)
(0.835154 0.40615 -5.42485e-19)
(0.77839 0.367373 -6.2936e-19)
(0.738934 0.333988 3.6892e-19)
(0.711011 0.30647 -2.15931e-19)
(0.690825 0.284259 5.0196e-19)
(0.675904 0.266509 0)
(0.664649 0.252347 -7.03432e-19)
(0.655957 0.240783 1.03588e-18)
(0.643367 0.23221 1.97597e-18)
(0.528541 0.181229 -2.28133e-18)
(1.19504 0.460239 9.94223e-19)
(1.37979 0.593194 -5.71674e-19)
(1.35594 0.574973 -6.47266e-19)
(1.30677 0.580922 7.44929e-19)
(1.25384 0.57791 9.74502e-21)
(1.19391 0.572846 -5.70331e-19)
(1.12701 0.564 -2.56029e-19)
(1.05326 0.549576 -2.17871e-19)
(0.973204 0.527137 -3.62744e-19)
(0.888232 0.493425 5.79386e-19)
(0.808685 0.449814 5.7128e-19)
(0.748279 0.405548 1.00593e-18)
(0.70712 0.367257 0)
(0.678811 0.335695 -1.56942e-21)
(0.658994 0.310302 -1.32512e-18)
(0.644806 0.2901 3.06657e-19)
(0.634418 0.274064 1.4753e-18)
(0.626584 0.261122 -4.33174e-19)
(0.614935 0.251128 9.11115e-19)
(0.506027 0.196383 -7.11386e-20)
(1.19878 0.514498 2.7453e-20)
(1.38004 0.65759 -4.54005e-19)
(1.35596 0.638457 -4.45768e-19)
(1.30499 0.643337 1.14173e-18)
(1.25021 0.638927 -9.98745e-19)
(1.18796 0.632246 5.96124e-19)
(1.11818 0.621519 2.70065e-19)
(1.04085 0.604889 6.81734e-19)
(0.956357 0.579719 7.63074e-19)
(0.865982 0.54226 -6.32459e-19)
(0.780753 0.493478 0)
(0.71613 0.443263 -3.58588e-19)
(0.672945 0.399317 4.11682e-19)
(0.644215 0.362952 4.78713e-19)
(0.624916 0.333747 -2.76604e-19)
(0.611681 0.31062 -6.53859e-19)
(0.602384 0.292362 -1.90209e-19)
(0.595602 0.277793 6.03876e-21)
(0.585106 0.266182 0)
(0.48253 0.208358 0)
(1.20153 0.566409 3.61128e-19)
(1.37902 0.719683 0)
(1.35487 0.699579 -4.56775e-19)
(1.3021 0.703588 1.70928e-19)
(1.24555 0.69799 1.0695e-18)
(1.18111 0.68994 -2.85246e-19)
(1.10863 0.677644 2.81891e-19)
(1.0279 0.659198 -4.76711e-19)
(0.939055 0.631772 5.97636e-19)
(0.843115 0.591062 -1.80533e-19)
(0.751611 0.537334 3.23502e-19)
(0.681927 0.480807 1.14162e-18)
(0.636143 0.430388 -1.04699e-21)
(0.60685 0.388323 -5.05272e-19)
(0.588231 0.35457 8.72625e-19)
(0.576234 0.327991 -2.13464e-21)
(0.56832 0.307157 2.03491e-19)
(0.562848 0.290713 -9.40973e-19)
(0.553763 0.277324 9.8444e-19)
(0.458017 0.217174 -1.13667e-18)
(1.20344 0.616171 3.34741e-22)
(1.37708 0.779498 0)
(1.35295 0.758354 0)
(1.29838 0.76163 -1.97353e-19)
(1.24018 0.754981 -3.69558e-19)
(1.17371 0.74576 3.20795e-19)
(1.09872 0.732173 -5.7982e-19)
(1.01478 0.712302 0)
(0.921712 0.683152 -8.62416e-19)
(0.820057 0.639846 9.06772e-19)
(0.721591 0.581642 8.85583e-19)
(0.645721 0.518591 -4.09857e-19)
(0.596437 0.4608 -4.60654e-19)
(0.566275 0.411907 1.05903e-18)
(0.548542 0.372671 -3.08894e-19)
(0.538204 0.342029 -3.59724e-19)
(0.532102 0.318264 -2.02634e-19)
(0.528296 0.299731 -9.66105e-19)
(0.520961 0.284431 1.45589e-19)
(0.432615 0.222866 1.15957e-18)
(1.20464 0.663957 1.25234e-19)
(1.37445 0.836979 2.60377e-19)
(1.35036 0.814788 2.54473e-20)
(1.29408 0.817403 1.26535e-21)
(1.23435 0.809798 -2.20127e-19)
(1.16602 0.799563 6.44011e-19)
(1.08874 0.78493 0)
(1.00184 0.76401 2.75924e-19)
(0.904714 0.733709 -2.17557e-19)
(0.797254 0.688613 1.53959e-18)
(0.69111 0.626693 -1.87936e-19)
(0.607654 0.557161 2.16074e-19)
(0.553526 0.491043 0)
(0.521906 0.433839 -5.62212e-19)
(0.505318 0.387829 6.24163e-19)
(0.497323 0.352356 0)
(0.493724 0.325334 -4.22706e-19)
(0.492104 0.304599 1.25208e-18)
(0.486949 0.287415 1.41513e-19)
(0.407063 0.225676 -1.34967e-18)
(1.2052 0.709842 2.58888e-19)
(1.37121 0.892057 -3.46418e-19)
(1.34721 0.868867 0)
(1.28932 0.870841 -4.22692e-19)
(1.22821 0.862345 0)
(1.15822 0.851219 -7.15093e-19)
(1.0789 0.835748 0)
(0.989323 0.814134 0)
(0.888403 0.783271 -2.51655e-19)
(0.775159 0.737321 -1.45034e-18)
(0.660673 0.672774 -1.6215e-18)
(0.567994 0.597187 2.30526e-19)
(0.507106 0.521831 7.84854e-19)
(0.472927 0.454335 5.74082e-19)
(0.457757 0.399598 -1.98244e-18)
(0.453276 0.358204 -7.35275e-19)
(0.453431 0.32772 4.39208e-19)
(0.454874 0.305042 0)
(0.452378 0.286534 1.15751e-18)
(0.38275 0.226462 -1.34332e-18)
(1.20519 0.753815 -2.56825e-19)
(1.36744 0.944718 3.51492e-19)
(1.34361 0.920554 0)
(1.28422 0.921898 -9.33795e-21)
(1.22189 0.912551 1.86067e-19)
(1.15046 0.900625 0)
(1.06937 0.884489 1.74558e-19)
(0.977441 0.86249 1.7016e-19)
(0.873064 0.831637 -5.11165e-19)
(0.754203 0.785859 2.09447e-19)
(0.630863 0.720121 0)
(0.527183 0.639455 1.00574e-18)
(0.456914 0.554209 3.51203e-21)
(0.41819 0.473843 2.99413e-19)
(0.404488 0.407207 3.41379e-19)
(0.405502 0.357949 0)
(0.41191 0.323874 -6.14463e-19)
(0.418281 0.300358 1.2123e-18)
(0.419289 0.282057 -1.28027e-18)
(0.360361 0.226057 2.59566e-18)
(1.20458 0.795942 0)
(1.36323 0.994972 0)
(1.33958 0.969852 2.22139e-19)
(1.27885 0.970544 0)
(1.21548 0.960362 0)
(1.14283 0.947698 -7.4903e-19)
(1.06026 0.931032 1.83146e-19)
(0.966342 0.908911 1.76105e-20)
(0.858929 0.878591 -1.28541e-19)
(0.734795 0.834044 0)
(0.602342 0.768867 -2.36098e-19)
(0.485892 0.684821 -8.08e-19)
(0.402856 0.589665 -9.12483e-19)
(0.356186 0.493377 -3.3802e-19)
(0.343143 0.409676 3.33756e-19)
(0.352716 0.348539 -7.50217e-19)
(0.370549 0.310269 1.17208e-18)
(0.386596 0.288522 -7.50877e-20)
(0.393289 0.274151 -1.06115e-18)
(0.343054 0.225647 -1.31874e-19)
(1.20348 0.836203 0)
(1.35854 1.04271 2.59605e-19)
(1.33519 1.01672 -2.28076e-19)
(1.27326 1.01672 0)
(1.20902 1.00572 0)
(1.13538 0.992362 1.57716e-18)
(1.05162 0.975269 0)
(0.956084 0.95323 0)
(0.846112 0.923881 -1.14598e-18)
(0.717228 0.881577 2.58565e-19)
(0.575777 0.818971 -2.25257e-18)
(0.445057 0.734106 0)
(0.345172 0.630176 -1.00745e-18)
(0.285026 0.514916 -3.401e-20)
(0.269634 0.406143 -1.10478e-18)
(0.291378 0.324317 3.84027e-19)
(0.330371 0.278089 -5.0139e-20)
(0.36611 0.262191 -1.02123e-18)
(0.381079 0.257594 4.46825e-19)
(0.338291 0.226782 1.41694e-19)
(1.20205 0.874362 0)
(1.35341 1.08805 2.25413e-19)
(1.33053 1.06119 -2.37144e-19)
(1.26749 1.06051 -6.83493e-19)
(1.2026 1.0487 -2.25916e-19)
(1.12819 1.03468 1.91349e-19)
(1.04353 1.01722 -1.7471e-19)
(0.946775 0.995408 1.35608e-18)
(0.834781 0.967361 1.22598e-18)
(0.701844 0.92818 2.11453e-18)
(0.55191 0.870226 1.87616e-18)
(0.405945 0.788011 3.11077e-19)
(0.284802 0.678372 1.4136e-18)
(0.202994 0.542368 7.75748e-19)
(0.177965 0.397932 7.699e-19)
(0.214742 0.278812 -3.36236e-19)
(0.299073 0.21651 -2.84003e-19)
(0.384511 0.222681 3.32228e-19)
(0.421008 0.251406 -9.33403e-20)
(0.393304 0.255724 2.94955e-19)
(1.19988 0.910605 -1.90855e-19)
(1.34809 1.13113 -3.66887e-19)
(1.32555 1.10321 -1.15256e-19)
(1.26155 1.10181 2.65309e-20)
(1.19617 1.08914 6.93658e-19)
(1.12116 1.07445 -4.49125e-19)
(1.03587 1.05665 1.81346e-19)
(0.938261 1.03514 -2.86694e-20)
(0.824772 1.00861 -1.44579e-18)
(0.688582 0.973233 -2.27675e-18)
(0.531208 0.921986 1.37947e-19)
(0.369975 0.846629 0)
(0.223398 0.736606 0)
(0.108486 0.580369 -4.46967e-19)
(0.0575067 0.38573 -1.27644e-18)
(0.104011 0.188591 6.75522e-19)
(0.252353 0.0562537 1.42163e-19)
(0.390113 0.0587073 0)
(0.44814 0.118846 1.81711e-19)
(0.426674 0.213852 -3.94059e-20)
(1.197 0.946135 1.18118e-19)
(1.34273 1.1715 -9.1556e-20)
(1.3202 1.14294 2.33219e-19)
(1.25558 1.14075 3.46893e-19)
(1.18984 1.12728 2.25576e-19)
(1.11446 1.11197 -1.29877e-19)
(1.0288 1.0939 0)
(0.930705 1.07278 -1.72116e-18)
(0.816281 1.04793 1.7859e-19)
(0.677759 1.01683 0)
(0.514326 0.973968 0)
(0.338871 0.910301 1.86358e-19)
(0.163996 0.809657 2.04373e-19)
(0.00290603 0.643205 -4.83816e-19)
(-0.0996285 0.39161 8.87653e-19)
(-0.0753431 0.0837039 -6.08242e-19)
(0.195218 -0.0569364 -1.09418e-19)
(0.606825 0.148882 -3.29555e-19)
(0.795523 0.308798 2.82569e-19)
(0.9204 0.616516 -1.50201e-19)
(1.1938 0.979132 -7.42713e-20)
(1.33714 1.2093 0)
(1.31467 1.18044 0)
(1.24957 1.17742 1.27915e-19)
(1.18354 1.16311 -1.03361e-19)
(1.10792 1.14713 -3.19666e-20)
(1.02211 1.12871 7.24504e-19)
(0.923822 1.10791 1.85646e-18)
(0.808978 1.08467 2.68084e-18)
(0.669072 1.0579 -1.66072e-19)
(0.501429 1.02432 3.25441e-19)
(0.31458 0.975721 -1.78333e-18)
(0.113157 0.892006 -1.66836e-18)
(-0.100988 0.722865 -2.6947e-19)
(-0.315735 0.396743 0)
(-0.458577 -0.040836 3.83157e-19)
(-0.321237 -0.180011 -1.17834e-19)
(0.0235153 -0.00465851 1.19484e-18)
(0.343808 0.248206 -8.21498e-19)
(0.45217 0.523629 -7.99041e-19)
(1.19035 1.01008 1.42321e-19)
(1.33109 1.24485 7.30284e-20)
(1.30889 1.21576 1.15063e-20)
(1.24334 1.21196 -9.85233e-20)
(1.17708 1.1969 0)
(1.10141 1.18035 -9.13054e-19)
(1.01561 1.16168 -9.75261e-19)
(0.917418 1.14131 5.38218e-20)
(0.80261 1.11986 -1.42298e-18)
(0.662207 1.09782 -1.64168e-19)
(0.492182 1.07515 1.52359e-19)
(0.296165 1.04809 1.56154e-18)
(0.0625316 1.00833 1.62035e-18)
(-0.260089 0.943548 2.71159e-19)
(-0.726307 0.842968 1.14654e-18)
(-1.13378 0.881539 0)
(-1.20164 1.57821 0)
(-0.927328 2.41508 -9.52258e-19)
(-0.555867 2.56349 2.85629e-19)
(-0.512237 2.85246 4.30957e-19)
(1.1867 1.03927 -6.73449e-20)
(1.32479 1.27866 -3.07419e-19)
(1.30316 1.24935 6.18235e-19)
(1.23713 1.24495 -5.30246e-19)
(1.17077 1.22932 1.27381e-19)
(1.09518 1.21238 -9.87689e-19)
(1.00958 1.19368 0)
(0.911759 1.17399 -1.6042e-18)
(0.797512 1.15464 0)
(0.657748 1.13782 2.48705e-18)
(0.488066 1.12691 -1.69174e-19)
(0.291995 1.12291 1.89509e-19)
(0.0645965 1.12572 1.8666e-18)
(-0.210369 1.14412 -5.19163e-19)
(-0.536843 1.20687 -5.59014e-19)
(-0.904294 1.39137 0)
(-1.18934 1.84182 0)
(-1.0039 2.56031 0)
(-0.587611 2.94765 3.61448e-19)
(-0.396879 3.06425 1.33123e-19)
(1.18283 1.06671 0)
(1.31843 1.31077 0)
(1.29749 1.28122 -2.07047e-19)
(1.23087 1.27628 4.58193e-19)
(1.16453 1.26016 -4.47449e-19)
(1.08911 1.24293 9.27089e-19)
(1.00384 1.22431 1.17291e-19)
(0.906644 1.20542 -9.13155e-20)
(0.793456 1.18826 1.91329e-19)
(0.655436 1.1767 -2.85691e-18)
(0.48869 1.17731 3.22428e-19)
(0.298033 1.19517 1.56283e-18)
(0.0809439 1.23474 -1.87749e-18)
(-0.176998 1.30987 -1.85757e-18)
(-0.476675 1.44373 6.07321e-19)
(-0.770231 1.69437 0)
(-0.970221 2.15606 4.42283e-19)
(-0.904405 2.61663 1.45209e-19)
(-0.608418 2.83069 -1.63244e-19)
(-0.513327 2.90778 3.76487e-20)
(1.17842 1.09215 0)
(1.31183 1.34083 -1.41255e-19)
(1.29159 1.31106 5.63391e-20)
(1.22439 1.30571 -4.63005e-19)
(1.15822 1.28925 4.69699e-19)
(1.08306 1.27189 0)
(0.998248 1.25352 0)
(0.901897 1.23549 0)
(0.790203 1.22049 1.23321e-18)
(0.654921 1.2139 1.46405e-19)
(0.493486 1.22514 0)
(0.313062 1.2624 -1.56883e-18)
(0.115098 1.33214 0)
(-0.105914 1.44908 1.32536e-18)
(-0.335029 1.62737 -8.76497e-19)
(-0.520231 1.86977 -6.97358e-19)
(-0.635218 2.23267 -1.10344e-18)
(-0.614101 2.55707 -4.52105e-19)
(-0.4418 2.67869 -4.17802e-19)
(-0.369744 2.74296 3.18027e-19)
(1.17397 1.11621 7.49498e-21)
(1.30548 1.36929 2.71814e-20)
(1.28577 1.33941 5.39032e-20)
(1.21801 1.3338 3.95465e-19)
(1.15208 1.31708 0)
(1.07715 1.29967 0)
(0.992849 1.28153 0)
(0.897495 1.26431 1.08525e-19)
(0.787664 1.25126 -1.5443e-18)
(0.656008 1.24914 0)
(0.501886 1.26971 0)
(0.335304 1.32298 0)
(0.161486 1.41459 0)
(-0.0192551 1.55489 9.73988e-19)
(-0.188634 1.74959 2.16786e-18)
(-0.298691 1.97486 5.70222e-19)
(-0.354026 2.25022 8.91921e-19)
(-0.359575 2.49502 -6.59438e-19)
(-0.292083 2.58604 1.64456e-19)
(-0.267256 2.64307 0)
(1.16908 1.13964 1.28988e-21)
(1.2991 1.39709 2.13391e-19)
(1.27956 1.36712 9.25694e-20)
(1.21132 1.36121 3.82524e-20)
(1.14568 1.34414 -1.20249e-19)
(1.07106 1.32663 1.05961e-18)
(0.987446 1.30867 -9.3387e-20)
(0.893367 1.29217 -1.53534e-18)
(0.785858 1.28092 0)
(0.658681 1.28279 -1.61572e-19)
(0.513368 1.31111 1.46876e-19)
(0.36279 1.3767 0)
(0.21466 1.48368 0)
(0.071087 1.63851 -1.1999e-18)
(-0.0536979 1.84104 1.71426e-19)
(-0.123577 2.05229 -4.42545e-19)
(-0.167104 2.25627 9.25798e-19)
(-0.227056 2.43736 4.78384e-19)
(-0.210442 2.52002 -6.89063e-19)
(-0.185053 2.59359 2.99404e-19)
(1.1629 1.16336 2.80613e-20)
(1.29185 1.42528 -1.46996e-19)
(1.27221 1.39516 -1.322e-19)
(1.2039 1.38891 0)
(1.13875 1.37142 0)
(1.06465 1.35374 -8.07407e-19)
(0.981954 1.33589 7.59909e-19)
(0.88941 1.31997 1.38566e-18)
(0.784605 1.31019 7.58872e-20)
(0.662579 1.31525 2.29342e-18)
(0.527259 1.34942 -2.32775e-18)
(0.394245 1.4234 0)
(0.27292 1.53836 0)
(0.166088 1.69447 -8.44447e-19)
(0.0839937 1.88379 -9.51753e-19)
(0.0568088 2.06807 0)
(0.0521812 2.25086 -1.05225e-18)
(0.00151421 2.44867 3.39383e-20)
(-0.00656626 2.54614 4.85541e-19)
(0.0194905 2.61507 -1.39224e-19)
(1.15583 1.18901 -7.05761e-20)
(1.28412 1.45542 5.63479e-20)
(1.26411 1.42499 0)
(1.19602 1.41821 0)
(1.13135 1.4001 0)
(1.0578 1.38201 0)
(0.97606 1.36391 -8.29713e-19)
(0.885176 1.34811 1.41728e-18)
(0.783355 1.33913 0)
(0.667044 1.34621 -2.09893e-18)
(0.54264 1.38409 4.22431e-18)
(0.427809 1.46293 1.61689e-19)
(0.331759 1.58173 1.817e-19)
(0.254177 1.73963 1.41123e-18)
(0.196032 1.9347 -7.72719e-19)
(0.17592 2.13439 0)
(0.169085 2.3263 3.35057e-19)
(0.0983008 2.50218 7.52713e-20)
(0.0294483 2.57995 8.58454e-20)
(-0.0919254 2.62884 -1.75142e-20)
(1.14726 1.21668 4.15123e-20)
(1.2756 1.48771 -1.65154e-21)
(1.25463 1.45695 0)
(1.18696 1.44905 7.36006e-20)
(1.12275 1.42996 -3.3931e-19)
(1.04984 1.41104 0)
(0.969238 1.39225 0)
(0.880308 1.37607 -2.5421e-18)
(0.781885 1.36721 -1.57127e-19)
(0.671873 1.37517 2.17953e-18)
(0.559132 1.41481 -2.03837e-18)
(0.462887 1.49534 1.07147e-18)
(0.392273 1.61335 0)
(0.346963 1.76565 -7.75232e-19)
(0.325599 1.95165 4.52612e-19)
(0.343696 2.12834 3.6868e-19)
(0.36731 2.27629 0)
(0.291028 2.48529 2.97057e-20)
(0.217767 2.68805 -3.17534e-19)
(0.234944 2.7793 -6.10445e-20)
(1.1365 1.24612 -1.13241e-19)
(1.26544 1.52128 3.41241e-20)
(1.24303 1.49064 -7.07946e-20)
(1.1763 1.48109 3.10981e-20)
(1.11283 1.46087 5.07589e-19)
(1.04087 1.44089 0)
(0.961748 1.42116 -5.02488e-19)
(0.875119 1.40423 9.78363e-19)
(0.780457 1.39492 1.25575e-19)
(0.67715 1.40269 -1.88279e-18)
(0.576212 1.44201 -1.20626e-19)
(0.497955 1.52073 -1.2101e-18)
(0.451317 1.63344 1.28702e-18)
(0.435735 1.77298 3.1059e-19)
(0.445943 1.94307 -6.30409e-19)
(0.490811 2.12252 5.52122e-19)
(0.539607 2.29557 0)
(0.506451 2.57939 0)
(0.42617 2.79873 -6.58237e-19)
(0.126154 2.8839 1.00837e-18)
(1.12387 1.27802 6.89976e-20)
(1.2537 1.55621 6.19636e-20)
(1.2296 1.52613 2.57662e-20)
(1.16435 1.51449 -1.31808e-19)
(1.10187 1.49293 -4.34847e-19)
(1.03107 1.47158 0)
(0.953667 1.45051 5.69151e-19)
(0.869586 1.43234 1.08186e-18)
(0.778924 1.42187 0)
(0.682417 1.42833 0)
(0.592989 1.46544 0)
(0.531331 1.53946 0)
(0.50541 1.64349 -1.46526e-18)
(0.515194 1.76976 -4.77954e-19)
(0.555745 1.92287 0)
(0.633569 2.11599 -2.44671e-19)
(0.751721 2.30184 0)
(0.851674 2.41824 1.11374e-19)
(0.943538 2.4179 -2.14893e-18)
(0.602668 2.46347 2.12366e-18)
(1.10979 1.31279 -1.89383e-19)
(1.24034 1.5929 -5.24163e-20)
(1.21423 1.5637 -1.28723e-20)
(1.15103 1.54945 1.23249e-19)
(1.08957 1.52622 1.90938e-19)
(1.0201 1.50311 0)
(0.944651 1.48026 1.36558e-19)
(0.86336 1.46033 -1.57701e-19)
(0.776927 1.44797 -9.22208e-19)
(0.687429 1.45195 0)
(0.609066 1.48507 1.11816e-19)
(0.562755 1.55146 -1.26886e-19)
(0.556194 1.64374 0)
(0.590536 1.7523 6.08902e-19)
(0.667979 1.87292 0)
(0.796602 2.01781 1.10624e-19)
(0.973488 2.16598 -2.21967e-19)
(1.13323 2.17081 -1.11876e-19)
(1.23602 1.65069 3.40945e-19)
(0.298728 1.1962 -1.19057e-18)
(1.0942 1.35022 -3.93081e-20)
(1.22466 1.63123 -6.60869e-20)
(1.19669 1.60334 9.0613e-21)
(1.13607 1.58619 -2.63487e-20)
(1.07564 1.56111 2.32871e-20)
(1.00776 1.53602 0)
(0.934532 1.51113 -4.09313e-19)
(0.856295 1.48909 -7.78553e-19)
(0.774332 1.47432 1.70539e-18)
(0.691825 1.47491 -1.59771e-18)
(0.624595 1.50242 -1.55632e-18)
(0.592234 1.55896 0)
(0.601722 1.633 1.01201e-18)
(0.653985 1.71533 -2.46215e-19)
(0.750801 1.7923 -2.5502e-19)
(0.892566 1.85575 0)
(1.06702 1.9017 8.61655e-20)
(1.17021 1.90755 1.0735e-20)
(1.22483 1.447 -1.27126e-20)
(0.379255 0.712876 -8.18039e-20)
(1.07701 1.38895 1.95331e-19)
(1.20582 1.67123 -7.56144e-20)
(1.17701 1.64468 5.25827e-20)
(1.11908 1.62445 2.51846e-20)
(1.05973 1.59743 -3.05858e-20)
(0.993715 1.57017 -2.93603e-19)
(0.92295 1.54301 7.35348e-19)
(0.84801 1.51851 7.47772e-19)
(0.77075 1.5008 -1.50481e-18)
(0.695428 1.49696 -3.17076e-20)
(0.63766 1.51724 1.40257e-19)
(0.616879 1.55965 -1.02822e-18)
(0.6368 1.61462 4.40851e-19)
(0.694092 1.66661 -7.6552e-19)
(0.783845 1.70361 5.07281e-19)
(0.89691 1.71131 -2.38825e-19)
(1.02179 1.68137 4.92194e-19)
(1.06911 1.65025 -2.493e-19)
(1.15165 1.38528 0)
(0.563769 0.805429 2.74503e-19)
(1.05732 1.42917 0)
(1.18329 1.71328 -2.46078e-19)
(1.15496 1.68758 3.56824e-20)
(1.09947 1.66416 1.18105e-20)
(1.04137 1.63507 0)
(0.977515 1.60539 1.95387e-19)
(0.909453 1.57566 -5.6609e-19)
(0.838041 1.54833 -6.99532e-19)
(0.765578 1.5271 1.33736e-18)
(0.697123 1.51803 1.26417e-18)
(0.648453 1.52949 1.30902e-18)
(0.634294 1.55933 2.02996e-20)
(0.659126 1.59232 -8.67264e-19)
(0.712369 1.61824 -2.40237e-19)
(0.784859 1.62669 5.21558e-19)
(0.865701 1.61023 -5.99382e-19)
(0.947554 1.56315 -3.04162e-19)
(0.980503 1.51087 3.59138e-19)
(1.05211 1.37472 0)
(0.701352 0.963856 0)
(1.03472 1.47013 -2.21338e-19)
(1.15662 1.75752 3.16997e-19)
(1.13006 1.7319 0)
(1.0767 1.70539 0)
(1.02018 1.67402 0)
(0.958776 1.64163 0)
(0.893672 1.60901 2.02283e-19)
(0.82599 1.57843 -2.04591e-20)
(0.758324 1.55311 3.22947e-20)
(0.695231 1.53798 1.45937e-19)
(0.655078 1.54036 -1.41887e-18)
(0.647689 1.55367 8.6603e-19)
(0.67075 1.56966 0)
(0.715744 1.5759 -1.15789e-20)
(0.772022 1.5666 -7.93212e-19)
(0.829449 1.54065 2.87859e-19)
(0.881946 1.49813 -3.43603e-19)
(0.906993 1.44981 -2.25484e-19)
(0.94024 1.37228 9.78363e-19)
(0.707158 1.03332 1.19528e-18)
(1.00875 1.51136 1.44642e-19)
(1.12528 1.8038 1.38284e-19)
(1.10174 1.77739 -1.27348e-20)
(1.05021 1.74799 3.96199e-20)
(0.995688 1.71409 0)
(0.937029 1.67871 -1.88144e-19)
(0.875162 1.64288 1.08423e-19)
(0.811416 1.60864 -5.2933e-20)
(0.748628 1.57874 -3.03472e-20)
(0.691132 1.55671 1.31513e-19)
(0.656048 1.54883 9.37927e-19)
(0.64992 1.54767 -6.25111e-19)
(0.67256 1.54953 -5.63863e-19)
(0.708357 1.54072 -2.29946e-19)
(0.750215 1.52058 5.00739e-19)
(0.789761 1.49037 -9.25727e-19)
(0.822486 1.45302 5.32612e-19)
(0.840331 1.41384 -6.80523e-19)
(0.851521 1.3614 1.98437e-18)
(0.679316 1.06454 -1.38551e-18)
(0.978592 1.55261 -1.3578e-19)
(1.08867 1.85191 0)
(1.06942 1.82374 -9.38299e-20)
(1.01943 1.79163 -8.86263e-20)
(0.967314 1.75493 0)
(0.911738 1.71633 1.27077e-19)
(0.853404 1.67698 0)
(0.793786 1.63871 2.94887e-19)
(0.735815 1.60376 -3.7584e-19)
(0.683876 1.5744 8.69548e-19)
(0.653397 1.55579 -8.1756e-19)
(0.646683 1.54527 2.96261e-19)
(0.663598 1.53249 1.2355e-18)
(0.691989 1.51263 -4.26889e-19)
(0.7215 1.48596 4.98076e-19)
(0.747916 1.45426 2.93068e-19)
(0.768595 1.42059 -7.51884e-19)
(0.781313 1.38796 8.73891e-19)
(0.783674 1.347 -8.84778e-21)
(0.646735 1.07425 1.46205e-19)
(0.942906 1.59424 2.99375e-19)
(1.04645 1.90139 -1.64282e-19)
(1.03226 1.87061 1.34232e-19)
(0.983689 1.83592 4.82312e-20)
(0.934481 1.79616 4.04987e-20)
(0.882353 1.75413 -5.60457e-21)
(0.827855 1.71106 0)
(0.772512 1.66847 -3.42085e-20)
(0.719156 1.62814 0)
(0.672007 1.59165 -8.13943e-19)
(0.644395 1.56243 7.68838e-19)
(0.639025 1.54329 -1.30632e-19)
(0.64777 1.51777 -9.91067e-19)
(0.668493 1.49096 -4.1171e-19)
(0.68822 1.46078 2.32579e-19)
(0.705327 1.42909 -3.01636e-19)
(0.718331 1.39821 1.06707e-18)
(0.726746 1.36964 6.62522e-19)
(0.724684 1.33451 2.90497e-19)
(0.606011 1.07616 -1.18969e-18)
(0.900979 1.63648 3.31343e-20)
(0.998393 1.95086 1.24488e-19)
(0.989331 1.91754 0)
(0.94235 1.88028 9.31333e-20)
(0.896578 1.83728 -6.88026e-20)
(0.848307 1.79173 9.44932e-21)
(0.797964 1.7448 2.89507e-20)
(0.74703 1.69778 -2.74755e-19)
(0.698102 1.65201 3.47317e-19)
(0.654952 1.60851 -9.79368e-20)
(0.628404 1.57051 6.99749e-19)
(0.622525 1.53992 1.03495e-18)
(0.627294 1.50698 -2.00109e-21)
(0.63961 1.47552 7.61369e-19)
(0.651708 1.44345 4.74262e-19)
(0.661955 1.41227 -8.43702e-19)
(0.669555 1.38345 7.13052e-19)
(0.674478 1.3575 -4.13607e-19)
(0.669756 1.32578 3.77177e-21)
(0.562551 1.07501 1.17084e-18)
(0.852999 1.67769 5.89799e-19)
(0.943569 1.99955 -1.3526e-19)
(0.940192 1.96381 -2.21995e-19)
(0.894728 1.924 1.80408e-19)
(0.853006 1.87766 -1.1304e-20)
(0.809045 1.8286 2.21694e-20)
(0.763196 1.77782 -9.92548e-20)
(0.716854 1.7264 0)
(0.672306 1.67538 -4.14387e-19)
(0.632896 1.6252 7.02051e-20)
(0.60711 1.57954 -1.73674e-19)
(0.59943 1.53989 -9.4197e-19)
(0.600628 1.50127 -2.18424e-20)
(0.606058 1.4662 -7.90168e-21)
(0.612214 1.43287 6.79675e-19)
(0.617302 1.40219 2.9665e-19)
(0.620921 1.3748 -8.21363e-19)
(0.623098 1.35063 -4.04233e-19)
(0.616621 1.32114 -1.21155e-19)
(0.518355 1.07418 -1.12432e-18)
(0.798784 1.71706 0)
(0.881646 2.04648 1.03879e-19)
(0.883958 2.00881 -9.1087e-20)
(0.840015 1.96617 1.88765e-19)
(0.803227 1.91655 -9.75106e-20)
(0.764074 1.86412 4.19012e-20)
(0.723074 1.80963 0)
(0.681567 1.75401 0)
(0.641463 1.69808 0)
(0.605616 1.64184 -1.62103e-19)
(0.580689 1.58897 1.52063e-19)
(0.570507 1.54259 -2.04941e-19)
(0.567703 1.49984 -5.40465e-19)
(0.568159 1.46218 -3.54131e-19)
(0.569682 1.42805 6.25109e-19)
(0.570878 1.39777 -5.26631e-19)
(0.571471 1.3714 -2.0433e-20)
(0.571622 1.34846 9.49613e-19)
(0.563649 1.3205 -1.16487e-19)
(0.473766 1.07532 0)
(0.737527 1.75376 6.14632e-19)
(0.811918 2.09028 -9.71636e-20)
(0.819816 2.0514 1.00437e-20)
(0.777445 2.00583 0)
(0.746932 1.95304 -4.81562e-20)
(0.712974 1.89756 2.88121e-20)
(0.677197 1.83962 0)
(0.640828 1.78019 -6.16456e-20)
(0.605294 1.71988 4.86406e-20)
(0.57283 1.65838 0)
(0.548717 1.59936 0)
(0.535984 1.54756 4.07081e-19)
(0.52965 1.50209 5.14583e-19)
(0.526237 1.46274 -1.11272e-20)
(0.524104 1.42821 1.89078e-19)
(0.522294 1.39828 -2.43251e-19)
(0.520629 1.37257 0)
(0.519009 1.35046 5.50891e-19)
(0.510483 1.32404 9.05014e-19)
(0.428125 1.07888 -1.99776e-18)
(0.668427 1.78662 5.23495e-19)
(0.733805 2.12937 -9.98078e-20)
(0.747268 2.09006 1.03244e-19)
(0.706345 2.04114 -2.70496e-19)
(0.683995 1.9864 0)
(0.655408 1.92796 0)
(0.625288 1.86709 0)
(0.594463 1.80445 -5.3582e-20)
(0.563697 1.7405 4.22768e-20)
(0.534575 1.67478 0)
(0.51128 1.61108 0)
(0.496442 1.55532 -5.69242e-19)
(0.487103 1.50795 2.37655e-19)
(0.480514 1.46758 -2.79847e-19)
(0.475443 1.43291 -5.4567e-19)
(0.471143 1.40336 0)
(0.467465 1.3783 1.38369e-19)
(0.466289 1.35559 1.69161e-19)
(0.453153 1.33227 -1.65319e-18)
(0.384532 1.08547 1.95445e-18)
(0.590961 1.81358 -4.51872e-19)
(0.646962 2.16292 1.69328e-19)
(0.664275 2.1218 2.89108e-19)
(0.627689 2.07252 1.23941e-19)
(0.614993 2.0143 -1.02091e-19)
(0.590831 1.95415 -2.54057e-20)
(0.567375 1.89106 -1.10982e-20)
(0.54251 1.82609 0)
(0.51678 1.75956 0)
(0.491105 1.6909 0)
(0.468744 1.62409 2.53079e-19)
(0.452288 1.56585 5.29298e-19)
(0.440405 1.51737 -2.22235e-19)
(0.431156 1.47652 1.29907e-19)
(0.423683 1.44191 2.41418e-21)
(0.41746 1.41264 0)
(0.410874 1.38866 -2.56938e-19)
(0.411247 1.36553 1.26831e-18)
(0.394493 1.34229 -2.93842e-18)
(0.337801 1.09499 1.6799e-18)
(0.506048 1.83224 4.91039e-19)
(0.548722 2.18809 -4.03917e-19)
(0.573134 2.14411 0)
(0.543563 2.09703 7.09287e-20)
(0.536824 2.0359 3.73504e-20)
(0.520265 1.97474 3.61906e-20)
(0.50385 1.91056 1.03756e-20)
(0.485376 1.84446 0)
(0.465003 1.77664 0)
(0.442964 1.70652 2.99347e-19)
(0.421703 1.63824 1.68324e-20)
(0.404022 1.57901 -2.99261e-19)
(0.389957 1.5303 -1.91228e-19)
(0.378362 1.48958 -3.78954e-19)
(0.368685 1.45532 7.11431e-19)
(0.361074 1.42634 -8.70327e-19)
(0.352428 1.40263 6.42777e-19)
(0.350918 1.3813 0)
(0.337124 1.35548 4.29413e-20)
(0.284209 1.10782 -1.62832e-18)
(0.414789 1.8398 5.49076e-19)
(0.440308 2.20147 0)
(0.474346 2.1574 0)
(0.453552 2.10951 0)
(0.452141 2.04907 1.58176e-20)
(0.444471 1.98795 -5.24271e-20)
(0.435546 1.92421 7.8472e-21)
(0.423893 1.85861 0)
(0.409142 1.79119 0)
(0.390934 1.72137 -1.91248e-19)
(0.371004 1.65341 -1.2097e-19)
(0.352424 1.59473 1.43892e-19)
(0.336414 1.54684 -5.62793e-21)
(0.322617 1.50695 -1.2931e-19)
(0.310834 1.47343 3.50311e-19)
(0.300972 1.44516 -3.56493e-19)
(0.29211 1.42129 3.68573e-19)
(0.287897 1.40109 0)
(0.273952 1.3749 -4.01382e-20)
(0.231994 1.12417 -7.65712e-19)
(0.315988 1.83083 -4.87244e-19)
(0.324643 2.19586 1.595e-19)
(0.36695 2.15664 1.67835e-19)
(0.357694 2.1082 -4.19144e-20)
(0.363494 2.05109 -7.64686e-20)
(0.365074 1.99225 -6.07821e-21)
(0.364131 1.93104 -2.05566e-20)
(0.359531 1.86791 -1.0093e-20)
(0.350515 1.80284 0)
(0.336255 1.73532 -3.49605e-20)
(0.317848 1.66965 6.15416e-20)
(0.298609 1.61322 -1.16949e-19)
(0.280752 1.56744 0)
(0.264636 1.52937 1.05142e-19)
(0.250447 1.49729 0)
(0.23823 1.47008 8.05825e-20)
(0.227789 1.44693 4.67424e-20)
(0.220938 1.42696 0)
(0.20654 1.40085 0)
(0.176982 1.14696 -6.67349e-19)
(0.21786 1.80317 3.61849e-19)
(0.20825 2.16951 -1.28472e-19)
(0.258675 2.13757 6.61239e-20)
(0.26134 2.09087 -9.04769e-20)
(0.274994 2.03909 2.96296e-20)
(0.28527 1.98525 -2.11365e-21)
(0.292103 1.92913 -6.28717e-21)
(0.294355 1.87087 -2.62345e-23)
(0.290963 1.81044 8.65369e-21)
(0.280682 1.7475 3.89976e-20)
(0.264026 1.6863 3.14386e-21)
(0.244447 1.63407 0)
(0.224921 1.59208 3.41584e-20)
(0.206399 1.55731 0)
(0.189418 1.52797 0)
(0.174256 1.50289 0)
(0.160958 1.48129 3.20326e-19)
(0.150969 1.46235 -8.23475e-19)
(0.134778 1.43646 1.57826e-21)
(0.118212 1.17952 5.77715e-19)
(0.111563 1.73643 5.11266e-20)
(0.0934708 2.10842 3.54801e-20)
(0.150415 2.09435 -2.89867e-20)
(0.169414 2.05553 -1.19408e-20)
(0.191764 2.01281 9.65943e-21)
(0.210066 1.96736 1.97627e-21)
(0.223691 1.91917 -2.53226e-21)
(0.231729 1.86831 0)
(0.233101 1.81483 5.97331e-21)
(0.22634 1.75867 6.36571e-21)
(0.21151 1.70414 -3.73011e-20)
(0.19201 1.65822 0)
(0.171176 1.622 -1.12741e-22)
(0.150316 1.59263 -3.70357e-20)
(0.130149 1.56831 0)
(0.111106 1.54781 0)
(0.0934076 1.53028 -1.88636e-20)
(0.0781658 1.515 0)
(0.0588853 1.49155 -1.39171e-20)
(0.0527807 1.2328 0)
(0.0318354 1.63924 0)
(0.0229864 2.015 0)
(0.0682211 2.02049 0)
(0.0941266 1.99851 0)
(0.120679 1.971 -1.2037e-34)
(0.144233 1.9387 -4.78903e-36)
(0.163289 1.90183 0)
(0.176651 1.86068 0)
(0.183064 1.81563 0)
(0.180918 1.76706 0)
(0.169793 1.71975 0)
(0.152704 1.68051 0)
(0.133292 1.65026 0)
(0.113244 1.62659 0)
(0.0933927 1.60788 0)
(0.0741438 1.593 0)
(0.0556492 1.58114 0)
(0.0383256 1.57165 0)
(0.0189107 1.55368 0)
(0.0127745 1.29377 0)
(0.00920231 1.56927 0)
(0.0127974 1.93006 0)
(0.0376661 1.94473 0)
(0.0574421 1.93617 0)
(0.0789118 1.92222 0)
(0.100035 1.90276 0)
(0.119047 1.87758 0)
(0.134186 1.84678 0)
(0.14359 1.81077 0)
(0.145118 1.77014 0)
(0.137619 1.72967 0)
(0.123544 1.69612 0)
(0.106617 1.67078 0)
(0.0888064 1.6517 0)
(0.0711668 1.6375 0)
(0.0543434 1.62716 0)
(0.0387745 1.61991 0)
(0.0249408 1.61502 0)
(0.0115025 1.60122 0)
(0.00461755 1.33489 0)
(0.00402394 1.53807 0)
(0.0113785 1.87955 0)
(0.025924 1.89492 0)
(0.0403088 1.89094 0)
(0.0561621 1.88321 0)
(0.0726558 1.87124 0)
(0.088614 1.85429 0)
(0.102471 1.8319 0)
(0.112255 1.80404 0)
(0.115508 1.77116 0)
(0.110521 1.73751 0)
(0.0991736 1.70956 0)
(0.084996 1.68885 0)
(0.070032 1.67381 0)
(0.0554208 1.66323 0)
(0.0418257 1.65608 0)
(0.0295931 1.65154 0)
(0.0189283 1.64873 0)
(0.0092424 1.63597 0)
(0.00278224 1.36121 0)
(0.00233432 1.5188 0)
(0.00875129 1.84865 0)
(0.0184612 1.86328 0)
(0.0292429 1.86072 0)
(0.0412491 1.85552 0)
(0.0540725 1.84731 0)
(0.0669548 1.83531 0)
(0.0787173 1.81879 0)
(0.0876692 1.79737 0)
(0.0914635 1.77114 0)
(0.0881799 1.74368 0)
(0.0791783 1.7208 0)
(0.0676054 1.70405 0)
(0.0553825 1.69215 0)
(0.043555 1.684 0)
(0.0326789 1.67865 0)
(0.022996 1.67532 0)
(0.0145929 1.67323 0)
(0.00722186 1.66053 0)
(0.00198004 1.37919 0)
(0.00168103 1.50284 0)
(0.00659424 1.82588 0)
(0.0135199 1.84011 0)
(0.0215833 1.83844 0)
(0.0307165 1.83478 0)
(0.0406894 1.82891 0)
(0.050976 1.82013 0)
(0.0606808 1.80774 0)
(0.0684303 1.79123 0)
(0.0721748 1.77047 0)
(0.0700361 1.74834 0)
(0.0629618 1.72982 0)
(0.0536435 1.71634 0)
(0.0437804 1.70688 0)
(0.034277 1.70049 0)
(0.0255956 1.69634 0)
(0.0179272 1.69379 0)
(0.0113134 1.69215 0)
(0.00561872 1.67947 0)
(0.00150715 1.3933 0)
(0.00129486 1.49007 0)
(0.00503222 1.80847 0)
(0.0101871 1.82241 0)
(0.0162649 1.82132 0)
(0.0232224 1.81872 0)
(0.0309404 1.81446 0)
(0.0390636 1.80796 0)
(0.0469201 1.7986 0)
(0.053416 1.78586 0)
(0.0568293 1.76951 0)
(0.0554483 1.75181 0)
(0.0499184 1.73694 0)
(0.0424822 1.72615 0)
(0.0345922 1.71864 0)
(0.0270108 1.71361 0)
(0.0201178 1.71038 0)
(0.0140616 1.70842 0)
(0.00885649 1.7071 0)
(0.00440773 1.69441 0)
(0.00117573 1.40451 0)
(0.00100489 1.48023 0)
(0.0038651 1.79526 0)
(0.00778382 1.80895 0)
(0.0124167 1.80823 0)
(0.0177542 1.80632 0)
(0.0237309 1.80317 0)
(0.0301071 1.7983 0)
(0.0363863 1.79118 0)
(0.0417147 1.78134 0)
(0.0446831 1.7685 0)
(0.0437977 1.75442 0)
(0.0394898 1.74254 0)
(0.0335944 1.73395 0)
(0.0273237 1.72799 0)
(0.0213065 1.72402 0)
(0.0158501 1.72149 0)
(0.0110689 1.71996 0)
(0.00696474 1.71888 0)
(0.00346877 1.70616 0)
(0.000921309 1.41332 0)
(0.000780952 1.47263 0)
(0.00298364 1.78514 0)
(0.00599246 1.79865 0)
(0.009553 1.79817 0)
(0.0136736 1.79674 0)
(0.0183134 1.79437 0)
(0.0233068 1.79068 0)
(0.0282876 1.78524 0)
(0.0325967 1.77761 0)
(0.0351016 1.76754 0)
(0.0345375 1.7564 0)
(0.0311883 1.74695 0)
(0.026535 1.74012 0)
(0.0215718 1.73539 0)
(0.0168102 1.73226 0)
(0.0124973 1.73027 0)
(0.0087228 1.72907 0)
(0.00548464 1.72816 0)
(0.00273138 1.71541 0)
(0.000722516 1.42024 0)
(0.000607573 1.46674 0)
(0.00231052 1.77733 0)
(0.00463432 1.7907 0)
(0.00738703 1.79041 0)
(0.0105825 1.78932 0)
(0.0141926 1.78751 0)
(0.018101 1.78469 0)
(0.0220356 1.7805 0)
(0.0254888 1.77458 0)
(0.0275603 1.7667 0)
(0.0272025 1.75789 0)
(0.0245999 1.7504 0)
(0.0209363 1.74498 0)
(0.0170178 1.74124 0)
(0.0132573 1.73877 0)
(0.00985288 1.73719 0)
(0.00687527 1.73625 0)
(0.00432122 1.73547 0)
(0.00215151 1.7227 0)
(0.000567124 1.42568 0)
(0.000473421 1.46216 0)
(0.00179535 1.77128 0)
(0.00359914 1.78454 0)
(0.0057355 1.78438 0)
(0.00821959 1.78354 0)
(0.0110324 1.78216 0)
(0.0140915 1.77999 0)
(0.0171922 1.77674 0)
(0.019943 1.77214 0)
(0.0216324 1.76597 0)
(0.0214061 1.75902 0)
(0.0193828 1.7531 0)
(0.0165029 1.74881 0)
(0.0134148 1.74585 0)
(0.0104497 1.7439 0)
(0.00776541 1.74266 0)
(0.00541799 1.74191 0)
(0.00340447 1.74124 0)
(0.00169455 1.72844 0)
(0.00044538 1.42997 0)
(0.000368909 1.45859 0)
(0.00139877 1.76657 0)
(0.00280463 1.77976 0)
(0.00446733 1.77968 0)
(0.0064024 1.77904 0)
(0.00859724 1.77797 0)
(0.0109919 1.77629 0)
(0.0134312 1.77378 0)
(0.0156122 1.77019 0)
(0.0169758 1.76536 0)
(0.0168327 1.75989 0)
(0.0152589 1.75521 0)
(0.0129979 1.75182 0)
(0.010568 1.74949 0)
(0.00823278 1.74794 0)
(0.00611791 1.74696 0)
(0.00426806 1.74637 0)
(0.00268115 1.74579 0)
(0.00133394 1.73297 0)
(0.000349736 1.43334 0)
(0.0002889 1.4558 0)
(0.00109238 1.7629 0)
(0.00218789 1.77602 0)
(0.00348339 1.77603 0)
(0.00499337 1.77553 0)
(0.00670888 1.7747 0)
(0.0085849 1.7734 0)
(0.0105024 1.77144 0)
(0.0122267 1.76864 0)
(0.0133195 1.76485 0)
(0.0132292 1.76055 0)
(0.0120043 1.75686 0)
(0.010231 1.75419 0)
(0.00832097 1.75235 0)
(0.00648348 1.75113 0)
(0.00481838 1.75035 0)
(0.00336145 1.74988 0)
(0.00211145 1.74937 0)
(0.00104999 1.73654 0)
(0.000274803 1.43599 0)
(0.000226153 1.45362 0)
(0.000854317 1.76004 0)
(0.00170966 1.77311 0)
(0.00272141 1.77317 0)
(0.00390127 1.77278 0)
(0.0052428 1.77214 0)
(0.0067121 1.77112 0)
(0.00821777 1.7696 0)
(0.009578 1.76741 0)
(0.0104494 1.76444 0)
(0.0103928 1.76106 0)
(0.00943888 1.75816 0)
(0.00804814 1.75605 0)
(0.00654662 1.7546 0)
(0.00510048 1.75363 0)
(0.00378963 1.75302 0)
(0.00264292 1.75265 0)
(0.00165955 1.75219 0)
(0.000824933 1.73934 0)
(0.000215489 1.43808 0)
(0.00017658 1.45192 0)
(0.000667044 1.7578 0)
(0.00133604 1.77083 0)
(0.00212753 1.77094 0)
(0.00305038 1.77064 0)
(0.00410039 1.77013 0)
(0.00525151 1.76934 0)
(0.00643337 1.76815 0)
(0.00750488 1.76644 0)
(0.00819713 1.76411 0)
(0.00816176 1.76146 0)
(0.00741807 1.75917 0)
(0.00632748 1.75751 0)
(0.0051478 1.75636 0)
(0.00401084 1.7556 0)
(0.00298002 1.75512 0)
(0.00207816 1.75483 0)
(0.00130485 1.75441 0)
(0.000648315 1.74155 0)
(0.000169281 1.43972 0)
(0.000138232 1.45058 0)
(0.000521957 1.75605 0)
(0.00104552 1.76905 0)
(0.00166468 1.76919 0)
(0.00238626 1.76896 0)
(0.00320798 1.76856 0)
(0.00410988 1.76795 0)
(0.00503753 1.76701 0)
(0.00588084 1.76568 0)
(0.00642908 1.76385 0)
(0.00640679 1.76176 0)
(0.00582605 1.75996 0)
(0.00497039 1.75865 0)
(0.00404372 1.75775 0)
(0.00315055 1.75715 0)
(0.00234099 1.75677 0)
(0.00163275 1.75654 0)
(0.00102548 1.75615 0)
(0.000509982 1.74329 0)
(0.000133228 1.441 0)
(0.000108088 1.44954 0)
(0.000408586 1.75467 0)
(0.000818427 1.76765 0)
(0.00130305 1.76782 0)
(0.00186777 1.76764 0)
(0.00251103 1.76733 0)
(0.00321753 1.76685 0)
(0.00394511 1.76612 0)
(0.00460782 1.76507 0)
(0.00504068 1.76364 0)
(0.00502657 1.762 0)
(0.00457304 1.76058 0)
(0.00390244 1.75955 0)
(0.00317552 1.75884 0)
(0.00247451 1.75837 0)
(0.00183879 1.75807 0)
(0.00128237 1.75789 0)
(0.000805097 1.75753 0)
(0.000400323 1.74466 0)
(0.000104519 1.44202 0)
(8.47149e-05 1.44872 0)
(0.000319576 1.7536 0)
(0.000639641 1.76656 0)
(0.00101857 1.76675 0)
(0.00146058 1.76661 0)
(0.00196443 1.76637 0)
(0.00251811 1.76599 0)
(0.00308858 1.76542 0)
(0.00360875 1.7646 0)
(0.00394976 1.76347 0)
(0.00394089 1.76218 0)
(0.00358686 1.76107 0)
(0.00306197 1.76026 0)
(0.00249265 1.75969 0)
(0.00194334 1.75932 0)
(0.00144479 1.75909 0)
(0.00100799 1.75895 0)
(0.000632957 1.7586 0)
(0.00031462 1.74573 0)
(8.2119e-05 1.44281 0)
(6.61686e-05 1.44808 0)
(0.000249969 1.75276 0)
(0.000500234 1.76571 0)
(0.000796616 1.76592 0)
(0.00114227 1.76581 0)
(0.00153636 1.76562 0)
(0.00196953 1.76532 0)
(0.00241608 1.76487 0)
(0.00282376 1.76423 0)
(0.003092 1.76334 0)
(0.0030867 1.76232 0)
(0.00281063 1.76145 0)
(0.00240004 1.76081 0)
(0.00195413 1.76037 0)
(0.00152351 1.76007 0)
(0.00113255 1.75989 0)
(0.000790036 1.75977 0)
(0.000495953 1.75945 0)
(0.000246336 1.74657 0)
(6.40878e-05 1.44343 0)
(5.15718e-05 1.44758 0)
(0.000195021 1.7521 0)
(0.000390427 1.76504 0)
(0.000621955 1.76526 0)
(0.000891986 1.76518 0)
(0.00119976 1.76503 0)
(0.00153797 1.76479 0)
(0.00188676 1.76444 0)
(0.00220568 1.76393 0)
(0.00241637 1.76323 0)
(0.00241357 1.76243 0)
(0.00219875 1.76174 0)
(0.0018783 1.76123 0)
(0.0015298 1.76089 0)
(0.00119288 1.76066 0)
(0.000886705 1.76051 0)
(0.000618372 1.76042 0)
(0.000387994 1.7601 0)
(0.000192125 1.74722 0)
(4.97488e-05 1.44391 0)
(4.00602e-05 1.4472 0)
(0.0001519 1.7516 0)
(0.0003044 1.76453 0)
(0.0004849 1.76476 0)
(0.00069536 1.76469 0)
(0.000935234 1.76458 0)
(0.00119888 1.76439 0)
(0.00147094 1.76411 0)
(0.00172001 1.76371 0)
(0.00188505 1.76316 0)
(0.00188369 1.76252 0)
(0.00171671 1.76198 0)
(0.00146692 1.76158 0)
(0.00119496 1.7613 0)
(0.000931885 1.76112 0)
(0.000692787 1.761 0)
(0.000483239 1.76093 0)
(0.000303438 1.76063 0)
(0.000150418 1.74774 0)
(3.89985e-05 1.4443 0)
(3.12187e-05 1.44688 0)
(0.000117382 1.75118 0)
(0.000234103 1.7641 0)
(0.00037261 1.76434 0)
(0.000534225 1.76428 0)
(0.00071855 1.76419 0)
(0.000921466 1.76404 0)
(0.00113152 1.76382 0)
(0.00132485 1.7635 0)
(0.00145435 1.76306 0)
(0.00145552 1.76256 0)
(0.00132776 1.76213 0)
(0.00113523 1.76181 0)
(0.000925047 1.7616 0)
(0.000721416 1.76145 0)
(0.000536189 1.76136 0)
(0.000373791 1.7613 0)
(0.000234448 1.76101 0)
(0.00011567 1.74812 0)
(2.96639e-05 1.44458 0)
(2.45941e-05 1.44668 0)
(9.38888e-05 1.75093 0)
(0.000187918 1.76385 0)
(0.000299391 1.76409 0)
(0.000428766 1.76405 0)
(0.000575505 1.76397 0)
(0.00073597 1.76386 0)
(0.000900676 1.76368 0)
(0.00105053 1.76342 0)
(0.00114931 1.76307 0)
(0.00114829 1.76267 0)
(0.00104788 1.76232 0)
(0.000896866 1.76207 0)
(0.000731441 1.76189 0)
(0.000570615 1.76178 0)
(0.000424012 1.7617 0)
(0.000295416 1.76166 0)
(0.00018525 1.76137 0)
(9.17777e-05 1.74848 0)
(2.37689e-05 1.44484 0)
(1.33101e-05 1.44642 0)
(5.57798e-05 1.75057 0)
(0.00011723 1.76348 0)
(0.000189667 1.76373 0)
(0.000276413 1.7637 0)
(0.000377567 1.76364 0)
(0.000492589 1.76354 0)
(0.000616017 1.7634 0)
(0.000734411 1.76319 0)
(0.000817949 1.7629 0)
(0.000824316 1.76258 0)
(0.000753796 1.7623 0)
(0.000645442 1.7621 0)
(0.000526461 1.76197 0)
(0.000410878 1.76188 0)
(0.000305672 1.76183 0)
(0.000213467 1.76179 0)
(0.000134411 1.76151 0)
(6.69766e-05 1.74861 0)
(1.73643e-05 1.44494 0)
(1.15939e-05 1.44645 0)
(4.48898e-05 1.75058 0)
(9.00182e-05 1.76349 0)
(0.000143029 1.76374 0)
(0.000203822 1.76371 0)
(0.000274075 1.76365 0)
(0.000352001 1.76357 0)
(0.000432811 1.76346 0)
(0.000507555 1.76329 0)
(0.000559257 1.76307 0)
(0.000564557 1.76281 0)
(0.000520876 1.76258 0)
(0.000450794 1.76242 0)
(0.000371847 1.7623 0)
(0.00029305 1.76223 0)
(0.000219588 1.76218 0)
(0.000153712 1.76215 0)
(9.60359e-05 1.76187 0)
(4.63256e-05 1.74898 0)
(1.13226e-05 1.44522 0)
(9.34262e-06 1.44626 0)
(2.97129e-05 1.75036 0)
(6.26956e-05 1.76327 0)
(0.000107366 1.76354 0)
(0.000162252 1.76352 0)
(0.000225889 1.76347 0)
(0.000297193 1.7634 0)
(0.000371972 1.7633 0)
(0.000439642 1.76315 0)
(0.000481076 1.76294 0)
(0.000474601 1.76271 0)
(0.000424777 1.76251 0)
(0.000357854 1.76237 0)
(0.000290925 1.76227 0)
(0.000230976 1.76221 0)
(0.000177439 1.76217 0)
(0.000128703 1.76214 0)
(8.45111e-05 1.76186 0)
(4.23711e-05 1.74896 0)
(1.03694e-05 1.44519 0)
(4.2207e-06 1.44623 0)
(6.82514e-06 1.75034 0)
(1.01211e-05 1.76321 0)
(3.01752e-05 1.76343 0)
(5.76292e-05 1.7634 0)
(9.43978e-05 1.76335 0)
(0.000136346 1.76329 0)
(0.00017967 1.7632 0)
(0.000219895 1.76308 0)
(0.000251317 1.76291 0)
(0.000261929 1.76272 0)
(0.00024995 1.76256 0)
(0.000225924 1.76244 0)
(0.000197113 1.76235 0)
(0.000165764 1.7623 0)
(0.000133865 1.76228 0)
(0.000102635 1.76227 0)
(7.21509e-05 1.76202 0)
(3.62378e-05 1.74916 0)
(7.38473e-06 1.44534 0)
(-0.645498 2.11145 9.35694e-23)
(0.382184 2.72118 4.19808e-20)
(-0.195561 2.62166 4.94921e-20)
(0.0559625 2.6332 0)
(-0.147497 2.68398 0)
(-0.253313 2.74109 -7.21803e-20)
(-0.262318 2.82048 2.69911e-20)
(-0.487313 2.99455 -1.95615e-20)
(-0.218463 3.16559 -1.25563e-21)
(-0.352604 3.27367 -2.84506e-19)
(-0.238892 2.49751 2.3116e-23)
(0.289122 2.65808 3.77168e-20)
(-0.295336 2.78486 0)
(-0.0405407 2.80059 0)
(-0.231735 2.83245 1.47009e-21)
(-0.277576 2.91575 1.03041e-19)
(-0.238125 2.99967 -2.65799e-20)
(-0.325366 3.11978 1.06899e-21)
(-0.00866828 3.17646 -1.07607e-21)
(-0.283213 2.84197 0)
(-0.233465 2.46841 1.47385e-20)
(0.166223 2.7657 -8.22569e-20)
(-0.239429 2.8846 0)
(-0.00390719 2.89766 8.03767e-20)
(-0.155085 2.93713 9.36595e-22)
(-0.162892 2.99994 -3.44751e-20)
(-0.085231 3.04162 -1.5499e-21)
(-0.20885 3.08631 4.15563e-22)
(0.0755026 3.12469 -5.86058e-22)
(-0.205356 2.82245 0)
(-0.217549 2.55762 8.37926e-21)
(0.169481 2.85852 0)
(-0.22489 2.93574 -1.60142e-20)
(0.00117954 2.97017 -4.18655e-20)
(-0.138984 2.99058 1.10412e-21)
(-0.123613 3.03777 -2.35832e-20)
(-0.0360327 3.06346 -7.15222e-21)
(-0.160278 3.10012 6.14073e-23)
(0.103068 3.11423 -6.15787e-23)
(-0.192807 2.76234 1.90677e-20)
(-0.189896 2.58847 -2.42377e-20)
(0.149483 2.92365 0)
(-0.184525 2.99205 3.8435e-20)
(0.0399811 3.0098 -4.20167e-20)
(-0.0941901 3.02149 4.7856e-22)
(-0.0596358 3.05521 -9.81003e-21)
(0.0023136 3.06478 -1.08607e-20)
(-0.11476 3.07543 -3.19275e-20)
(0.104262 3.09276 5.52356e-22)
(-0.15477 2.75903 -5.96962e-20)
(-0.165816 2.64475 0)
(0.138513 2.96606 -4.97394e-20)
(-0.153377 3.02399 5.45822e-21)
(0.0533276 3.0323 -2.223e-21)
(-0.0769984 3.04231 2.28286e-21)
(-0.0329283 3.06535 3.38734e-20)
(0.0133276 3.06986 1.91679e-20)
(-0.0896973 3.07687 8.1043e-20)
(0.0890062 3.08552 4.43148e-20)
(-0.142486 2.7337 -1.85259e-20)
(-0.138975 2.67277 0)
(0.125701 2.99407 5.07087e-20)
(-0.124094 3.04936 -2.89759e-20)
(0.0616773 3.04371 -2.72571e-21)
(-0.0573997 3.05546 5.69391e-21)
(-0.00878304 3.06537 1.84424e-22)
(0.017729 3.0705 -2.79122e-21)
(-0.0639326 3.06617 -5.05788e-20)
(0.0799786 3.08805 -4.35852e-20)
(-0.114436 2.73393 -1.74744e-20)
(-0.118127 2.69934 5.16203e-20)
(0.109556 3.01311 -2.45625e-21)
(-0.0996124 3.06632 1.64624e-21)
(0.0611778 3.05138 0)
(-0.0444367 3.06682 0)
(0.00136368 3.06773 0)
(0.0183346 3.07326 0)
(-0.0492021 3.06938 8.70057e-20)
(0.0646899 3.09097 -8.1217e-20)
(-0.0993832 2.72625 7.73452e-20)
(-0.0962573 2.71467 1.66545e-20)
(0.0919572 3.02351 8.13811e-20)
(-0.0763804 3.0749 0)
(0.0552712 3.05323 -4.58527e-21)
(-0.0303373 3.06906 4.60404e-21)
(0.00856111 3.06496 0)
(0.0182264 3.07394 -2.27381e-21)
(-0.0341317 3.06778 -8.45233e-20)
(0.0537977 3.09126 7.82827e-20)
(-0.0745542 2.72236 0)
(-0.0704848 2.70978 1.56204e-20)
(0.0726559 3.01598 -1.26158e-19)
(-0.0514642 3.06832 0)
(0.0483186 3.04253 0)
(-0.0160714 3.063 5.92994e-21)
(0.0141471 3.05646 -5.02425e-20)
(0.019244 3.07185 -6.03702e-21)
(-0.0206467 3.06223 6.0605e-20)
(0.0467963 3.08602 0)
(-0.045122 2.7244 0)
(-0.0575333 2.70216 -1.21386e-19)
(0.0569489 3.00397 4.73293e-20)
(-0.037878 3.06349 0)
(0.0419053 3.0386 0)
(-0.00926667 3.06577 0)
(0.0140923 3.05493 1.0429e-19)
(0.019786 3.07639 0)
(-0.00841392 3.06994 -6.01075e-20)
(0.0406974 3.09318 3.59075e-21)
(-0.0196207 2.76429 6.21366e-20)
(-0.0429915 2.73178 4.68656e-20)
(0.0278853 3.03066 -4.27426e-21)
(-0.0291681 3.07894 4.77901e-20)
(0.0167767 3.06067 5.11463e-20)
(-0.00673056 3.08198 0)
(0.00475028 3.07623 -5.30178e-20)
(0.0181507 3.09411 0)
(-0.00681086 3.08716 0)
(0.0373833 3.10968 0)
(-0.0131444 2.81225 -5.84519e-20)
(-0.0461106 2.78477 -5.4172e-20)
(0.0144597 3.04497 5.44946e-20)
(-0.033418 3.08402 -4.68073e-20)
(0.00514337 3.06931 -8.13169e-20)
(-0.0127626 3.08313 0)
(-0.00268476 3.07903 7.10679e-21)
(0.00829349 3.09052 -3.74317e-21)
(-0.00789598 3.08761 3.23502e-20)
(0.0321722 3.10641 4.2419e-20)
(-0.00543431 2.83692 -4.0016e-20)
(-0.0348288 2.79548 5.24167e-20)
(-0.0199525 3.01245 -5.16755e-20)
(-0.0291312 3.02496 4.34037e-21)
(-0.0272945 3.01721 2.17529e-20)
(-0.0200367 3.01554 -4.14759e-20)
(-0.0160346 3.01701 0)
(-0.00740093 3.0212 4.41369e-20)
(0.000305543 3.02566 9.56752e-21)
(0.0213042 3.03762 -8.73533e-20)
(0.012268 2.84823 -1.05866e-20)
(-0.0341105 2.7998 -2.33532e-20)
(-0.0335596 2.98149 5.35843e-21)
(-0.0310299 2.98781 -2.86905e-20)
(-0.0238786 2.98538 1.19601e-20)
(-0.0168013 2.98602 5.3015e-20)
(-0.00810677 2.989 -2.27709e-20)
(0.00313922 2.99401 -1.79367e-20)
(0.00953346 3.00027 -1.88589e-20)
(0.0338655 3.00975 4.96746e-20)
(0.0212004 2.85731 2.27277e-20)
(-0.0206619 2.90873 2.00013e-20)
(-0.0342974 2.98235 9.04667e-21)
(-0.0217241 2.98242 1.67529e-20)
(-0.0126193 2.98297 -3.49607e-20)
(-0.00445098 2.98374 1.21476e-20)
(0.00178938 2.98609 2.23765e-20)
(0.00775378 2.98937 -2.30875e-20)
(0.0124982 2.99329 -2.40519e-20)
(0.0260393 2.9961 3.699e-21)
(0.0179008 2.95011 2.58773e-20)
)
;

boundaryField
{
    wall-4
    {
        type            noSlip;
    }
    pressure-outlet-7
    {
        type            zeroGradient;
    }
    velocity-inlet-6
    {
        type            fixedValue;
        value           uniform (0 3 0);
    }
    velocity-inlet-5
    {
        type            fixedValue;
        value           uniform (1 0 0);
    }
    frontAndBackPlanes
    {
        type            empty;
    }
}


// ************************************************************************* //
