/*--------------------------------*- C++ -*----------------------------------*\
  =========                 |
  \\      /  F ield         | OpenFOAM: The Open Source CFD Toolbox
   \\    /   O peration     | Website:  https://openfoam.org
    \\  /    A nd           | Version:  9
     \\/     M anipulation  |
\*---------------------------------------------------------------------------*/
FoamFile
{
    format      ascii;
    class       volVectorField;
    location    "33";
    object      U;
}
// * * * * * * * * * * * * * * * * * * * * * * * * * * * * * * * * * * * * * //

dimensions      [0 1 -1 0 0 0 0];

internalField   nonuniform List<vector> 
2200
(
(0.878844 -0.0304139 0)
(1.00579 -0.0512795 0)
(1.00328 -0.0353982 0)
(1.0002 -0.0244263 0)
(0.999775 -0.0166386 0)
(1.00003 -0.0107162 0)
(1.00006 -0.0068306 0)
(1.00004 -0.0041981 0)
(1.00001 -0.00221294 0)
(1.00016 -0.000717659 0)
(1.00004 0.00091457 0)
(0.999962 0.00243946 0)
(1.00002 0.00444362 0)
(1.00008 0.0070515 0)
(1.00003 0.0107785 0)
(0.999764 0.0166397 0)
(1.00021 0.0244158 0)
(1.00348 0.035112 0)
(1.00592 0.0513388 0)
(0.878975 0.0303557 0)
(0.712011 -0.0327683 0)
(0.996636 -0.0630317 0)
(1.03335 -0.056169 0)
(1.025 -0.0464566 0)
(1.01599 -0.036133 0)
(1.00961 -0.0263551 0)
(1.00585 -0.0182143 0)
(1.00372 -0.0115574 0)
(1.00257 -0.00617819 0)
(1.00203 -0.00161538 0)
(1.00206 0.00253885 0)
(1.00263 0.00707135 0)
(1.00371 0.0122606 0)
(1.00561 0.0187852 0)
(1.00942 0.0269952 0)
(1.01587 0.0367793 0)
(1.02488 0.0471458 0)
(1.03311 0.0572886 0)
(0.996625 0.0631709 0)
(0.711804 0.0329474 0)
(0.535423 -0.0239026 0)
(0.969846 -0.0569713 0)
(1.05635 -0.0548033 0)
(1.05219 -0.0488798 0)
(1.03626 -0.0406262 0)
(1.02443 -0.0325049 0)
(1.01578 -0.0241446 0)
(1.01034 -0.0162136 0)
(1.00714 -0.00900882 0)
(1.00562 -0.00244982 0)
(1.00552 0.00383094 0)
(1.00692 0.0102471 0)
(1.01004 0.0173205 0)
(1.01561 0.0251503 0)
(1.02423 0.0334087 0)
(1.03599 0.0412692 0)
(1.05191 0.0493421 0)
(1.05629 0.0540286 0)
(0.969256 0.0574861 0)
(0.534457 0.0239323 0)
(0.392203 -0.0136437 0)
(0.911729 -0.046376 0)
(1.05738 -0.0469005 0)
(1.06936 -0.0442264 0)
(1.05471 -0.038155 0)
(1.0393 -0.0316309 0)
(1.0276 -0.0248482 0)
(1.01913 -0.0176224 0)
(1.01372 -0.0101342 0)
(1.01104 -0.00260015 0)
(1.0109 0.00485185 0)
(1.01344 0.012282 0)
(1.01875 0.0195554 0)
(1.02707 0.0264967 0)
(1.03859 0.0327997 0)
(1.05408 0.0392024 0)
(1.06863 0.0452387 0)
(1.05594 0.0478752 0)
(0.910336 0.046785 0)
(0.390437 0.0137163 0)
(0.307556 -0.00451021 0)
(0.84655 -0.0324127 0)
(1.04934 -0.0400182 0)
(1.07932 -0.0383493 0)
(1.06789 -0.0336185 0)
(1.05144 -0.0279543 0)
(1.0383 -0.0227089 0)
(1.02812 -0.0167824 0)
(1.02114 -0.0100348 0)
(1.01739 -0.00251058 0)
(1.01723 0.00534355 0)
(1.02069 0.0126876 0)
(1.02741 0.0192244 0)
(1.03727 0.0247882 0)
(1.05031 0.0298808 0)
(1.06665 0.0352971 0)
(1.07769 0.039704 0)
(1.04731 0.0413158 0)
(0.843506 0.0328543 0)
(0.304636 0.00467172 0)
(0.26404 7.91066e-05 0)
(0.788504 -0.0201224 0)
(1.03287 -0.0315599 0)
(1.0834 -0.0321911 0)
(1.07722 -0.0288798 0)
(1.06065 -0.0239046 0)
(1.04696 -0.0193975 0)
(1.0361 -0.0144175 0)
(1.02824 -0.00856612 0)
(1.02375 -0.00174353 0)
(1.02346 0.00557249 0)
(1.02744 0.0120969 0)
(1.03483 0.0174539 0)
(1.0456 0.0220903 0)
(1.05898 0.0261509 0)
(1.07538 0.0306996 0)
(1.08129 0.0336645 0)
(1.03021 0.0328119 0)
(0.7841 0.020578 0)
(0.260128 6.758e-05 0)
(0.240147 0.00107843 0)
(0.738266 -0.0122542 0)
(1.01368 -0.0248925 0)
(1.084 -0.0267339 0)
(1.08293 -0.0245173 0)
(1.06773 -0.0204658 0)
(1.05402 -0.0165178 0)
(1.04316 -0.012168 0)
(1.03516 -0.00701446 0)
(1.0305 -0.000938146 0)
(1.03009 0.00568854 0)
(1.03404 0.0114868 0)
(1.0415 0.0162544 0)
(1.05187 0.0202045 0)
(1.06541 0.0236028 0)
(1.08028 0.0272295 0)
(1.08062 0.0289281 0)
(1.00863 0.02652 0)
(0.731125 0.012893 0)
(0.23486 -0.00090817 0)
(0.225751 0.00096133 0)
(0.694982 -0.00802402 0)
(0.992312 -0.0207806 0)
(1.08151 -0.0232271 0)
(1.08637 -0.0215603 0)
(1.07295 -0.0181916 0)
(1.05945 -0.0144378 0)
(1.04887 -0.0101717 0)
(1.04103 -0.00529984 0)
(1.03637 0.000218771 0)
(1.03582 0.00602037 0)
(1.03945 0.0111259 0)
(1.04662 0.0153899 0)
(1.05658 0.0188805 0)
(1.06984 0.0221728 0)
(1.08268 0.0248309 0)
(1.077 0.0257969 0)
(0.985627 0.0227052 0)
(0.685434 0.00882159 0)
(0.219065 -0.000773664 0)
(0.216209 0.00059181 0)
(0.659789 -0.00568281 0)
(0.9722 -0.0176539 0)
(1.0788 -0.0202931 0)
(1.08934 -0.0188999 0)
(1.07742 -0.0160332 0)
(1.06406 -0.0126759 0)
(1.05362 -0.00866282 0)
(1.04585 -0.00396538 0)
(1.04113 0.00116828 0)
(1.04035 0.00626193 0)
(1.04371 0.0109637 0)
(1.05041 0.0149153 0)
(1.06039 0.0182376 0)
(1.07327 0.0208835 0)
(1.08426 0.0230459 0)
(1.07214 0.0237175 0)
(0.962145 0.0200234 0)
(0.646387 0.00664345 0)
(0.207537 -0.000387421 0)
(0.209037 0.000307695 0)
(0.631364 -0.00405444 0)
(0.95299 -0.0147596 0)
(1.07534 -0.0177362 0)
(1.09216 -0.0165166 0)
(1.08167 -0.0138396 0)
(1.0683 -0.0105286 0)
(1.05785 -0.00665384 0)
(1.05003 -0.00224498 0)
(1.04508 0.00252656 0)
(1.0441 0.00713993 0)
(1.04728 0.011378 0)
(1.05381 0.0148417 0)
(1.0631 0.0177489 0)
(1.07579 0.0198788 0)
(1.08526 0.0216489 0)
(1.06634 0.021783 0)
(0.939427 0.017587 0)
(0.614044 0.0052747 0)
(0.198215 -4.85182e-05 0)
(0.203672 0.000135091 0)
(0.608987 -0.00281314 0)
(0.935408 -0.0118748 0)
(1.0721 -0.0148645 0)
(1.09489 -0.0139104 0)
(1.0856 -0.0114594 0)
(1.07223 -0.0083754 0)
(1.06173 -0.00482666 0)
(1.05383 -0.000792346 0)
(1.0487 0.00358055 0)
(1.04744 0.0078949 0)
(1.05028 0.0115392 0)
(1.05653 0.0146046 0)
(1.06583 0.0169117 0)
(1.07846 0.019194 0)
(1.08613 0.0204538 0)
(1.0603 0.020256 0)
(0.917478 0.0154164 0)
(0.586559 0.00431784 0)
(0.189967 0.000183403 0)
(0.199721 4.82624e-05 0)
(0.592056 -0.00187531 0)
(0.920638 -0.00931242 0)
(1.06892 -0.0125078 0)
(1.09789 -0.0115494 0)
(1.08989 -0.00915548 0)
(1.07619 -0.00611659 0)
(1.06515 -0.00282637 0)
(1.05684 0.000961409 0)
(1.05145 0.00519334 0)
(1.04975 0.00950552 0)
(1.05217 0.0128224 0)
(1.05821 0.0151973 0)
(1.06769 0.0171461 0)
(1.08022 0.0184153 0)
(1.08622 0.0195215 0)
(1.05261 0.0186288 0)
(0.896242 0.0135201 0)
(0.563372 0.00369826 0)
(0.182635 0.000360875 0)
(0.196875 -8.75367e-06 0)
(0.579304 -0.00109043 0)
(0.907126 -0.00707686 0)
(1.06639 -0.00968121 0)
(1.10114 -0.00884542 0)
(1.09445 -0.00645198 0)
(1.08042 -0.00351456 0)
(1.06876 -0.00044812 0)
(1.05973 0.00304481 0)
(1.05365 0.00702682 0)
(1.05144 0.0110132 0)
(1.0538 0.0139223 0)
(1.06006 0.0157118 0)
(1.06976 0.0168078 0)
(1.08253 0.0181691 0)
(1.08609 0.0186299 0)
(1.04568 0.0176192 0)
(0.876836 0.0121247 0)
(0.543376 0.00335873 0)
(0.175631 0.000493048 0)
(0.195438 -5.34131e-05 0)
(0.570773 -0.000283152 0)
(0.897381 -0.00423379 0)
(1.06397 -0.00677334 0)
(1.10425 -0.00590494 0)
(1.09906 -0.00356114 0)
(1.08504 -0.000542982 0)
(1.07318 0.00254773 0)
(1.06386 0.00596634 0)
(1.0574 0.00957557 0)
(1.05482 0.0127114 0)
(1.05664 0.0148954 0)
(1.06239 0.0163 0)
(1.07196 0.0172079 0)
(1.08338 0.017883 0)
(1.08494 0.0179295 0)
(1.03667 0.0162038 0)
(0.857372 0.0105942 0)
(0.526122 0.00300319 0)
(0.169044 0.000538947 0)
(0.195619 -0.000181417 0)
(0.567257 0.000850492 0)
(0.8899 -0.00176397 0)
(1.06271 -0.00343388 0)
(1.10716 -0.00249882 0)
(1.10332 -0.000363536 0)
(1.08963 0.002322 0)
(1.07783 0.00550301 0)
(1.06842 0.00889874 0)
(1.06137 0.0122987 0)
(1.05781 0.0148974 0)
(1.05867 0.0167287 0)
(1.06369 0.017601 0)
(1.07251 0.0181261 0)
(1.08304 0.0179599 0)
(1.08291 0.0172822 0)
(1.02837 0.0151465 0)
(0.84043 0.00932454 0)
(0.511706 0.0026899 0)
(0.163019 0.000530289 0)
(0.197275 0.000247836 0)
(0.567726 0.00146838 0)
(0.885061 0.00101564 0)
(1.06192 -0.000382074 0)
(1.1101 0.000883342 0)
(1.10697 0.00299164 0)
(1.09334 0.00577608 0)
(1.0813 0.0089981 0)
(1.07155 0.0124986 0)
(1.06406 0.0159216 0)
(1.06001 0.0182792 0)
(1.05995 0.019529 0)
(1.06397 0.0197307 0)
(1.07206 0.0195066 0)
(1.08198 0.0185091 0)
(1.07863 0.0172907 0)
(1.01691 0.0143183 0)
(0.822105 0.00831966 0)
(0.4981 0.00260229 0)
(0.157244 0.000535944 0)
(0.201482 0.000608692 0)
(0.570864 0.00222756 0)
(0.885503 0.00353209 0)
(1.0625 0.00339612 0)
(1.11281 0.00501409 0)
(1.1106 0.00721055 0)
(1.09687 0.00989293 0)
(1.08419 0.0131897 0)
(1.07346 0.0166148 0)
(1.06462 0.0198273 0)
(1.05915 0.0218691 0)
(1.05847 0.0226117 0)
(1.06256 0.0221119 0)
(1.07058 0.0208545 0)
(1.07962 0.0193072 0)
(1.07419 0.0175373 0)
(1.00751 0.014133 0)
(0.807713 0.00804221 0)
(0.486596 0.00273828 0)
(0.151762 0.00055225 0)
(0.20698 0.000667899 0)
(0.577864 0.00332872 0)
(0.888976 0.00606206 0)
(1.06491 0.00708937 0)
(1.11682 0.00937128 0)
(1.11503 0.0119761 0)
(1.10103 0.015341 0)
(1.08784 0.0187895 0)
(1.07622 0.0222165 0)
(1.06629 0.0251653 0)
(1.06007 0.0266634 0)
(1.05826 0.0263152 0)
(1.06074 0.0248759 0)
(1.06789 0.0231843 0)
(1.0756 0.0210621 0)
(1.06742 0.018361 0)
(0.994173 0.0142005 0)
(0.789789 0.00804081 0)
(0.473264 0.0030152 0)
(0.145522 0.000583144 0)
(0.215595 0.000848722 0)
(0.59155 0.00446469 0)
(0.897641 0.00874876 0)
(1.07012 0.0113691 0)
(1.12141 0.0139945 0)
(1.12046 0.0173085 0)
(1.10648 0.0210559 0)
(1.09279 0.0249563 0)
(1.08028 0.0287571 0)
(1.06871 0.0314944 0)
(1.06009 0.032365 0)
(1.05659 0.0311469 0)
(1.05869 0.0289313 0)
(1.06512 0.0259664 0)
(1.07128 0.0231593 0)
(1.06097 0.0196294 0)
(0.983701 0.0151515 0)
(0.776697 0.00892948 0)
(0.461609 0.0035022 0)
(0.13927 0.00061862 0)
(0.224976 0.0011194 0)
(0.60587 0.00524235 0)
(0.909275 0.0110147 0)
(1.07817 0.0149677 0)
(1.12864 0.0188156 0)
(1.12733 0.0229794 0)
(1.11245 0.0274758 0)
(1.09772 0.0321457 0)
(1.08393 0.0363029 0)
(1.07093 0.0392216 0)
(1.06092 0.0397958 0)
(1.05581 0.0378444 0)
(1.05549 0.0344635 0)
(1.06051 0.0308236 0)
(1.06546 0.0270927 0)
(1.05178 0.022913 0)
(0.967943 0.0173451 0)
(0.756306 0.0104484 0)
(0.444533 0.00423213 0)
(0.130991 0.000721618 0)
(0.238514 0.00151 0)
(0.62736 0.00706676 0)
(0.926898 0.0145722 0)
(1.089 0.0201757 0)
(1.13656 0.0247753 0)
(1.13486 0.0298692 0)
(1.11886 0.0353841 0)
(1.10264 0.0406942 0)
(1.08681 0.0456113 0)
(1.0714 0.0489281 0)
(1.05849 0.0490225 0)
(1.05152 0.0459299 0)
(1.05105 0.0417136 0)
(1.05553 0.0367983 0)
(1.0587 0.0321633 0)
(1.04258 0.0267417 0)
(0.954546 0.0203795 0)
(0.740326 0.012674 0)
(0.42854 0.00513442 0)
(0.122298 0.000834561 0)
(0.254626 0.00203099 0)
(0.652004 0.00862919 0)
(0.947641 0.0181944 0)
(1.10301 0.0254769 0)
(1.14738 0.0316416 0)
(1.14435 0.0385533 0)
(1.12662 0.0449697 0)
(1.10841 0.0516032 0)
(1.09022 0.0570602 0)
(1.07224 0.0602639 0)
(1.05686 0.0595237 0)
(1.04785 0.0560883 0)
(1.04457 0.0506744 0)
(1.04742 0.0445378 0)
(1.04944 0.0393257 0)
(1.02946 0.0324701 0)
(0.933569 0.0244343 0)
(0.712731 0.0150408 0)
(0.403713 0.00605215 0)
(0.110379 0.00096506 0)
(0.277049 0.00281767 0)
(0.685837 0.0123003 0)
(0.975374 0.0242586 0)
(1.12115 0.0337316 0)
(1.16073 0.0413504 0)
(1.15585 0.0491277 0)
(1.13603 0.0574099 0)
(1.11537 0.0650637 0)
(1.09423 0.0712649 0)
(1.07286 0.0747591 0)
(1.05429 0.0735861 0)
(1.04263 0.0683431 0)
(1.03867 0.0616206 0)
(1.04024 0.0539614 0)
(1.03925 0.0468326 0)
(1.01471 0.038122 0)
(0.913356 0.0285705 0)
(0.689875 0.0177469 0)
(0.381122 0.007088 0)
(0.0985437 0.00101479 0)
(0.307679 0.00371463 0)
(0.729874 0.015113 0)
(1.01103 0.0314755 0)
(1.14423 0.0438419 0)
(1.17733 0.0531501 0)
(1.16981 0.0641575 0)
(1.14698 0.0735407 0)
(1.12329 0.082411 0)
(1.0988 0.0889286 0)
(1.07378 0.0916041 0)
(1.05133 0.0886681 0)
(1.0364 0.0823094 0)
(1.02895 0.0743688 0)
(1.02798 0.065461 0)
(1.02524 0.0566316 0)
(0.994964 0.046278 0)
(0.884157 0.0340926 0)
(0.651703 0.0209494 0)
(0.345894 0.00800859 0)
(0.082578 0.00108632 0)
(0.343431 0.0073112 0)
(0.785448 0.0244764 0)
(1.05451 0.044048 0)
(1.1723 0.0596762 0)
(1.19763 0.0722023 0)
(1.18548 0.0842962 0)
(1.15894 0.0952533 0)
(1.13128 0.104439 0)
(1.10244 0.110596 0)
(1.07298 0.112358 0)
(1.04719 0.108321 0)
(1.03005 0.100056 0)
(1.02119 0.0896406 0)
(1.01776 0.0784806 0)
(1.00935 0.0670238 0)
(0.971864 0.0539827 0)
(0.853589 0.0397679 0)
(0.61841 0.0244191 0)
(0.315274 0.00937862 0)
(0.0680148 0.00102079 0)
(0.424837 0.0110897 0)
(0.868966 0.0352129 0)
(1.11335 0.0643251 0)
(1.20724 0.0847913 0)
(1.22108 0.097715 1.28425e-33)
(1.2029 0.113372 -5.56899e-34)
(1.1711 0.124229 0)
(1.1388 0.132697 0)
(1.10538 0.137313 0)
(1.0713 0.136499 0)
(1.04079 0.129037 0)
(1.01895 0.117224 0)
(1.00586 0.105015 0)
(0.998877 0.0923273 0)
(0.988331 0.079148 0)
(0.943943 0.0643182 0)
(0.814108 0.0468735 0)
(0.566071 0.028623 0)
(0.265837 0.0095323 0)
(0.0473715 0.000763005 0)
(0.494372 0.0261873 1.09618e-19)
(0.965279 0.0590835 -8.21969e-20)
(1.1759 0.0972263 0)
(1.24298 0.12045 5.8661e-20)
(1.24654 0.136924 -4.75324e-20)
(1.21955 0.152496 5.87565e-34)
(1.18229 0.161838 0)
(1.14487 0.168365 2.8753e-20)
(1.10598 0.17068 -9.27478e-20)
(1.06643 0.167133 1.85773e-20)
(1.0318 0.157061 0)
(1.0082 0.143687 -4.39279e-20)
(0.993516 0.128627 -5.17465e-20)
(0.98254 0.112646 9.02336e-20)
(0.96065 0.0957615 -7.08754e-20)
(0.902022 0.0768821 0)
(0.75668 0.056174 -2.52643e-20)
(0.498234 0.032583 0)
(0.212332 0.0116538 -1.39359e-19)
(0.0294984 0.00108835 1.64654e-19)
(0.527457 0.0540591 -1.36208e-20)
(1.02303 0.102367 2.81373e-19)
(1.22103 0.147575 -2.6403e-20)
(1.27389 0.168199 -1.681e-19)
(1.26879 0.185321 -1.01084e-19)
(1.23416 0.199055 1.63364e-19)
(1.1917 0.20623 0)
(1.14887 0.210688 0)
(1.10445 0.210509 1.48376e-19)
(1.05945 0.203871 0)
(1.01904 0.190118 1.61731e-19)
(0.987082 0.171989 4.71311e-20)
(0.962991 0.153409 3.50133e-22)
(0.943227 0.136143 -9.81493e-20)
(0.921076 0.119473 0)
(0.860688 0.100847 0)
(0.711407 0.0740961 -4.12062e-19)
(0.458861 0.0458397 1.03167e-18)
(0.196744 0.0164765 -6.11777e-19)
(0.0246102 0.00287391 -7.22736e-19)
(0.533241 0.0768332 -2.21534e-19)
(1.05687 0.158969 7.70031e-20)
(1.25504 0.208731 3.46504e-20)
(1.29885 0.227489 2.97498e-19)
(1.28613 0.242343 1.40438e-20)
(1.2453 0.251889 -4.31838e-19)
(1.19786 0.255471 1.42185e-19)
(1.14955 0.256961 0)
(1.09953 0.253588 -3.15683e-19)
(1.04849 0.243506 2.65813e-19)
(1.00221 0.226907 -4.3518e-19)
(0.967132 0.20683 2.01573e-19)
(0.943362 0.188943 -1.25187e-19)
(0.9247 0.171375 2.84573e-19)
(0.892163 0.151496 0)
(0.824786 0.128393 -1.01932e-19)
(0.680553 0.0983537 0)
(0.447639 0.0595463 5.65208e-19)
(0.198727 0.0269319 -1.34229e-18)
(0.0310626 0.00374167 8.40611e-19)
(0.524178 0.108583 7.99019e-19)
(1.07147 0.215655 -3.33824e-19)
(1.274 0.27369 -6.31023e-20)
(1.31506 0.291378 0)
(1.2973 0.30383 -2.11476e-19)
(1.25196 0.308755 2.57348e-19)
(1.20027 0.308145 -1.52121e-19)
(1.14715 0.305872 0)
(1.09235 0.298424 2.2475e-19)
(1.03671 0.284132 -1.87936e-19)
(0.98555 0.263094 3.75729e-19)
(0.945157 0.24077 0)
(0.913374 0.219691 -2.66703e-19)
(0.883729 0.198214 1.51744e-19)
(0.855836 0.179057 3.7318e-19)
(0.796908 0.158634 -3.28189e-19)
(0.665018 0.125751 5.22958e-19)
(0.448254 0.0816837 -1.15742e-18)
(0.214393 0.0393829 7.30854e-19)
(0.0422115 0.00779771 -9.14679e-19)
(0.511326 0.13299 -3.95974e-19)
(1.07849 0.27082 2.8919e-19)
(1.28434 0.340485 -2.04518e-19)
(1.32331 0.357083 3.51521e-19)
(1.30197 0.366937 -2.98443e-19)
(1.25371 0.367233 8.73429e-20)
(1.19885 0.362508 3.64988e-21)
(1.14187 0.356221 -2.76854e-19)
(1.08278 0.344604 -2.37821e-19)
(1.02164 0.326447 -4.03234e-19)
(0.964982 0.302671 -8.06361e-19)
(0.921346 0.277763 -2.40996e-19)
(0.88954 0.254604 2.47564e-21)
(0.866159 0.235702 -5.08096e-19)
(0.831419 0.216673 -6.34445e-21)
(0.769108 0.190121 4.74172e-19)
(0.644187 0.153426 -1.4232e-19)
(0.445569 0.10372 -8.32599e-20)
(0.226757 0.0536613 0)
(0.0516363 0.0124791 1.92822e-18)
(0.492822 0.153482 0)
(1.06986 0.319753 -6.99374e-20)
(1.28537 0.403229 -6.3183e-20)
(1.32515 0.420515 -1.24581e-20)
(1.30136 0.428997 3.09178e-19)
(1.25098 0.425438 -1.93461e-19)
(1.19362 0.416959 1.7024e-19)
(1.13353 0.406712 4.49569e-19)
(1.07076 0.390803 -1.3009e-19)
(1.0061 0.368493 2.0621e-19)
(0.947342 0.339749 4.32633e-19)
(0.90009 0.311602 5.21709e-19)
(0.863402 0.288009 -3.0862e-19)
(0.829498 0.265518 5.47197e-19)
(0.801439 0.244919 -4.30579e-19)
(0.749374 0.222149 0)
(0.63715 0.182457 -1.07508e-18)
(0.451194 0.128174 1.44779e-18)
(0.238881 0.0690683 1.0781e-19)
(0.0592437 0.0174575 -2.02175e-18)
(0.47898 0.174161 -5.19649e-21)
(1.06245 0.368936 4.27787e-19)
(1.28249 0.464658 4.71491e-19)
(1.32229 0.482281 -4.6408e-19)
(1.2964 0.489329 2.31147e-19)
(1.24453 0.482229 -1.9908e-19)
(1.18537 0.470499 3.51598e-19)
(1.12284 0.456625 -1.47056e-19)
(1.05731 0.437093 -5.38065e-19)
(0.988767 0.410621 2.86943e-22)
(0.924967 0.37893 -4.66598e-19)
(0.875663 0.348468 -5.58871e-19)
(0.840193 0.321718 3.36533e-19)
(0.815774 0.300528 -1.96041e-19)
(0.780984 0.279052 4.64483e-19)
(0.725476 0.250485 0)
(0.619117 0.20969 -6.62449e-19)
(0.448104 0.150505 9.77917e-19)
(0.245751 0.0833854 1.85469e-18)
(0.0643187 0.0221182 -2.18283e-18)
(0.464052 0.191599 6.77652e-19)
(1.0484 0.412835 -3.56197e-19)
(1.27514 0.521837 -4.16318e-19)
(1.31586 0.540895 4.93163e-19)
(1.28831 0.547204 1.14348e-20)
(1.23524 0.537085 -4.11429e-19)
(1.17447 0.522381 -1.94941e-19)
(1.11 0.505176 -1.71551e-19)
(1.0418 0.481685 -2.95812e-19)
(0.970539 0.451374 4.7173e-19)
(0.90567 0.416322 4.82196e-19)
(0.855243 0.381839 8.90283e-19)
(0.816382 0.354622 0)
(0.781073 0.327773 5.8715e-21)
(0.753899 0.305233 -1.2623e-18)
(0.708188 0.282078 2.93997e-19)
(0.60974 0.237389 1.42318e-18)
(0.445003 0.173353 -4.19453e-19)
(0.246229 0.0966006 8.74453e-19)
(0.0659816 0.0255636 -7.32039e-20)
(0.455298 0.210585 5.98967e-21)
(1.03761 0.456678 -2.80397e-19)
(1.26607 0.576892 -2.84144e-19)
(1.30691 0.596937 7.4566e-19)
(1.27773 0.602303 -6.80495e-19)
(1.22375 0.589468 4.28247e-19)
(1.16198 0.572308 2.05188e-19)
(1.09606 0.552116 5.30865e-19)
(1.02612 0.525661 6.11841e-19)
(0.953082 0.49263 -5.26248e-19)
(0.884904 0.452517 0)
(0.831122 0.415566 -3.28869e-19)
(0.79271 0.384086 3.77571e-19)
(0.767566 0.360891 4.62082e-19)
(0.734342 0.337915 -2.67753e-19)
(0.683158 0.305621 -6.45765e-19)
(0.588557 0.261735 -1.92216e-19)
(0.433642 0.190984 -1.31571e-21)
(0.23956 0.106555 0)
(0.0643881 0.0275876 0)
(0.44692 0.226319 2.45478e-19)
(1.02475 0.496588 0)
(1.25499 0.628227 -2.88166e-19)
(1.296 0.650015 1.044e-19)
(1.26557 0.65471 7.37146e-19)
(1.21093 0.63936 -1.95078e-19)
(1.14821 0.619851 2.13732e-19)
(1.08105 0.596933 -3.68724e-19)
(1.0093 0.567312 4.74891e-19)
(0.933001 0.52951 -1.58918e-19)
(0.862293 0.486163 2.75248e-19)
(0.809149 0.447314 1.04606e-18)
(0.770746 0.414063 1.36834e-20)
(0.733813 0.385357 -4.85725e-19)
(0.707548 0.358806 8.8253e-19)
(0.66599 0.333102 4.4371e-21)
(0.577055 0.282317 2.05647e-19)
(0.423562 0.207749 -9.79459e-19)
(0.231105 0.11318 1.00009e-18)
(0.0607982 0.0291427 -1.18783e-18)
(0.440889 0.245316 3.99946e-23)
(1.01372 0.535657 0)
(1.2432 0.677172 0)
(1.28379 0.700383 -1.26419e-19)
(1.25226 0.704083 -2.52264e-19)
(1.19708 0.686482 2.28989e-19)
(1.13359 0.665087 -4.31707e-19)
(1.0652 0.639939 0)
(0.99132 0.608013 -6.89843e-19)
(0.912988 0.568957 7.57334e-19)
(0.841672 0.524473 7.63763e-19)
(0.785454 0.478807 -3.80314e-19)
(0.743175 0.44264 -4.50976e-19)
(0.720573 0.41337 1.05278e-18)
(0.68796 0.38751 -3.13725e-19)
(0.640911 0.350572 -3.7276e-19)
(0.553685 0.301098 -2.22426e-19)
(0.407383 0.218922 -1.0534e-18)
(0.220114 0.117566 1.52354e-19)
(0.0560638 0.0295126 1.27856e-18)
(0.437322 0.263809 8.27867e-20)
(1.0026 0.571821 1.52736e-19)
(1.23047 0.72269 2.34006e-20)
(1.27079 0.747803 -6.17002e-23)
(1.23837 0.750851 -1.59702e-19)
(1.1827 0.731185 4.53536e-19)
(1.11855 0.707951 0)
(1.04927 0.680728 2.16067e-19)
(0.974775 0.64651 -1.70371e-19)
(0.896302 0.603808 1.27362e-18)
(0.821344 0.55231 -1.70657e-19)
(0.762601 0.505938 1.93315e-19)
(0.722942 0.467495 0)
(0.684659 0.433937 -5.67573e-19)
(0.660674 0.403193 6.78909e-19)
(0.622308 0.374064 0)
(0.538642 0.315009 -4.79382e-19)
(0.390685 0.229168 1.40937e-18)
(0.207644 0.119809 1.6562e-19)
(0.0505914 0.0290449 -1.57084e-18)
(0.435422 0.280639 1.58928e-19)
(0.993075 0.606928 -2.03115e-19)
(1.21776 0.765916 0)
(1.25732 0.792506 -2.69233e-19)
(1.22406 0.794681 0)
(1.16803 0.77317 -5.09908e-19)
(1.10334 0.748447 0)
(1.03326 0.719413 0)
(0.956965 0.683313 -2.03792e-19)
(0.873596 0.639169 -1.20312e-18)
(0.794462 0.587851 -1.40585e-18)
(0.73586 0.53683 2.18818e-19)
(0.69389 0.492495 7.76712e-19)
(0.67043 0.458445 6.19033e-19)
(0.640541 0.428138 -2.17864e-18)
(0.595773 0.384693 -8.69405e-19)
(0.512568 0.32859 5.09188e-19)
(0.370715 0.233826 0)
(0.194143 0.120189 1.42515e-18)
(0.0449891 0.0276273 -1.6895e-18)
(0.43408 0.296382 -1.54915e-19)
(0.983341 0.639355 2.0569e-19)
(1.20493 0.805984 0)
(1.24379 0.834471 -1.05214e-20)
(1.20985 0.836151 1.22194e-19)
(1.15346 0.812965 0)
(1.0883 0.786725 1.31793e-19)
(1.0174 0.756105 1.36405e-19)
(0.939712 0.71854 -4.06286e-19)
(0.856488 0.671892 1.69209e-19)
(0.778834 0.615807 0)
(0.715886 0.562635 9.15591e-19)
(0.670501 0.517981 4.36585e-21)
(0.633916 0.476064 3.33064e-19)
(0.610541 0.438282 3.93407e-19)
(0.575275 0.404041 0)
(0.495071 0.335457 -8.31417e-19)
(0.351693 0.238093 1.63236e-18)
(0.180104 0.118735 -1.728e-18)
(0.0395966 0.0257838 3.63373e-18)
(0.433055 0.311457 0)
(0.974809 0.67099 0)
(1.19251 0.843906 1.32459e-19)
(1.23029 0.87382 0)
(1.19566 0.874859 0)
(1.139 0.85025 -5.34631e-19)
(1.0734 0.822829 1.38287e-19)
(1.00178 0.790811 1.73447e-20)
(0.922872 0.751835 -1.00258e-19)
(0.836316 0.704175 0)
(0.751233 0.648348 -2.08651e-19)
(0.68501 0.591053 -7.42668e-19)
(0.642193 0.538346 -8.79718e-19)
(0.617245 0.496815 -3.48932e-19)
(0.588988 0.45947 4.25323e-19)
(0.547043 0.407284 -1.00173e-18)
(0.467026 0.343706 1.78669e-18)
(0.329201 0.236924 4.48813e-21)
(0.165999 0.115646 -1.65728e-18)
(0.0346694 0.0236532 -2.44758e-19)
(0.432029 0.326203 0)
(0.966227 0.700439 1.4883e-19)
(1.18027 0.879143 -1.31198e-19)
(1.21706 0.910739 0)
(1.18188 0.911415 0)
(1.125 0.885556 1.12645e-18)
(1.05909 0.856961 0)
(0.986797 0.823711 0)
(0.906776 0.78369 -9.06699e-19)
(0.819006 0.734773 2.15482e-19)
(0.73454 0.675208 -1.90332e-18)
(0.668382 0.615429 0)
(0.617709 0.56338 -9.48044e-19)
(0.57822 0.512394 1.11154e-20)
(0.55563 0.463117 -1.36424e-18)
(0.524144 0.421325 5.38475e-19)
(0.448878 0.341284 2.68088e-21)
(0.312146 0.23508 -1.88257e-18)
(0.153859 0.111481 8.92125e-19)
(0.0304342 0.0216853 2.62107e-19)
(0.431128 0.340526 0)
(0.958677 0.729078 1.22915e-19)
(1.16856 0.912472 -1.4105e-19)
(1.20413 0.945221 -4.39419e-19)
(1.16837 0.94538 -1.58541e-19)
(1.11132 0.918498 1.4111e-19)
(1.04511 0.889073 -1.27437e-19)
(0.972286 0.854749 1.04271e-18)
(0.891117 0.813769 9.69911e-19)
(0.800935 0.76403 1.71871e-18)
(0.711127 0.705607 1.58225e-18)
(0.637021 0.64378 2.69669e-19)
(0.586512 0.58338 1.36054e-18)
(0.558915 0.530544 8.22998e-19)
(0.53133 0.482202 9.77672e-19)
(0.493312 0.4144 -5.86646e-19)
(0.419413 0.340831 -6.88081e-19)
(0.290978 0.224191 8.05717e-19)
(0.142671 0.105482 -4.76807e-19)
(0.0297014 0.0241874 8.46801e-19)
(0.430212 0.354385 -1.26356e-19)
(0.951133 0.755641 -2.02987e-19)
(1.15709 0.943521 -7.10522e-20)
(1.19157 0.977605 1.63013e-20)
(1.15536 0.977415 4.76837e-19)
(1.09822 0.949595 -3.202e-19)
(1.03189 0.919357 1.32527e-19)
(0.958603 0.884192 -2.10845e-20)
(0.876429 0.84252 -1.14428e-18)
(0.785245 0.792437 -1.85372e-18)
(0.69478 0.73101 1.13806e-19)
(0.619693 0.666731 0)
(0.562871 0.608225 0)
(0.515972 0.546828 -4.31835e-19)
(0.491021 0.480135 -1.58785e-18)
(0.463947 0.42109 1.26188e-18)
(0.402866 0.318263 7.49706e-19)
(0.292176 0.205086 0)
(0.151797 0.0832051 1.52078e-18)
(0.0236131 0.000991662 -9.05913e-19)
(0.429398 0.367563 6.94556e-20)
(0.944341 0.781235 -5.59506e-20)
(1.14613 0.972815 1.38409e-19)
(1.17943 1.00774 2.17676e-19)
(1.14277 1.00705 1.54107e-19)
(1.08558 0.978485 -8.9787e-20)
(1.01913 0.947716 0)
(0.945531 0.91191 -1.32638e-18)
(0.86258 0.869651 1.39503e-19)
(0.76927 0.818936 0)
(0.674225 0.759571 0)
(0.591644 0.696948 1.6509e-19)
(0.529653 0.629816 2.11482e-19)
(0.493697 0.564381 -4.64152e-19)
(0.460874 0.500194 1.1378e-18)
(0.423779 0.403535 -1.36746e-18)
(0.362882 0.302076 -1.60258e-18)
(0.282719 0.180528 1.41487e-18)
(0.192934 0.11201 -5.4304e-19)
(0.115509 0.0850249 3.18259e-19)
(0.428396 0.379961 -5.35718e-20)
(0.937458 0.804838 0)
(1.13541 1.0001 0)
(1.16768 1.03607 8.47385e-20)
(1.13069 1.035 -6.85996e-20)
(1.07353 1.00568 -2.09499e-20)
(1.00712 0.974358 5.41749e-19)
(0.933271 0.937994 1.43277e-18)
(0.849684 0.895606 2.12053e-18)
(0.755165 0.845081 -1.35914e-19)
(0.657873 0.784106 2.70128e-19)
(0.57383 0.71835 -1.50887e-18)
(0.507501 0.655597 -1.44764e-18)
(0.446395 0.586129 -2.48114e-19)
(0.407096 0.495842 0)
(0.376237 0.411974 -1.06518e-20)
(0.328827 0.242405 8.70055e-19)
(0.285415 0.0805621 -1.48938e-18)
(0.24508 -0.0591215 1.1424e-18)
(0.0801927 -0.0943862 9.65841e-19)
(0.427403 0.391823 1.06606e-19)
(0.931085 0.82752 3.42153e-20)
(1.12512 1.02587 6.73575e-21)
(1.15632 1.06252 -6.09927e-20)
(1.11898 1.06105 0)
(1.06184 1.03124 -6.59483e-19)
(0.995389 0.999687 -7.32142e-19)
(0.921408 0.96312 4.26853e-20)
(0.837076 0.92048 -1.12494e-18)
(0.740613 0.869768 -1.34126e-19)
(0.640826 0.811242 1.24577e-19)
(0.550522 0.750993 1.3222e-18)
(0.472426 0.682434 1.41343e-18)
(0.421569 0.606368 2.40793e-19)
(0.371963 0.528588 1.1981e-18)
(0.305721 0.39194 0)
(0.195591 0.231642 0)
(0.0246876 0.243053 1.0099e-18)
(-0.0735399 0.628785 -3.24723e-20)
(0.00341396 1.52103 -1.19767e-18)
(0.42615 0.40306 -5.26953e-20)
(0.924667 0.848595 -1.65571e-19)
(1.11503 1.05014 3.6793e-19)
(1.14525 1.08784 -3.40028e-19)
(1.10759 1.0862 9.04227e-20)
(1.05047 1.05595 -7.17263e-19)
(0.984082 1.02424 0)
(0.909848 0.987598 -1.23954e-18)
(0.824851 0.945393 0)
(0.727355 0.895858 2.01383e-18)
(0.623596 0.837494 -1.41026e-19)
(0.528318 0.773299 1.58127e-19)
(0.452324 0.713003 1.61412e-18)
(0.36779 0.645111 -5.10123e-19)
(0.280919 0.536889 -6.06556e-19)
(0.208082 0.452284 0)
(0.10057 0.549 0)
(0.0314544 1.28802 0)
(0.0753202 2.44473 -5.77782e-19)
(0.104546 2.90171 -3.50994e-19)
(0.424818 0.413759 0)
(0.918696 0.868753 0)
(1.10537 1.07307 -1.23396e-19)
(1.13461 1.11147 2.95803e-19)
(1.09663 1.10967 -3.12688e-19)
(1.03953 1.07931 6.74944e-19)
(0.97308 1.04776 8.97302e-20)
(0.898691 1.01142 -6.98632e-20)
(0.813081 0.969658 1.53342e-19)
(0.713868 0.920658 -2.31358e-18)
(0.609712 0.864848 2.66949e-19)
(0.514007 0.810879 1.32605e-18)
(0.417112 0.750239 -1.61535e-18)
(0.343267 0.669827 -1.7111e-18)
(0.271508 0.601213 5.7134e-19)
(0.202247 0.724964 0)
(0.134381 1.52026 7.95139e-19)
(0.133115 2.6806 8.97961e-19)
(0.14054 3.08349 -1.00472e-18)
(0.131393 3.22005 1.09473e-18)
(0.423249 0.423911 0)
(0.912703 0.88736 -7.05177e-20)
(1.09595 1.09462 3.53102e-20)
(1.12432 1.13412 -3.00982e-19)
(1.08605 1.13236 3.28217e-19)
(1.02898 1.10183 0)
(0.962555 1.07041 0)
(0.887979 1.03439 0)
(0.802031 0.993632 9.8032e-19)
(0.70226 0.946702 1.17653e-19)
(0.592567 0.893045 0)
(0.485432 0.835571 -1.32733e-18)
(0.402835 0.782464 0)
(0.293035 0.724608 1.22806e-18)
(0.212864 0.797816 -8.28378e-19)
(0.165173 1.45286 -6.60052e-19)
(0.168522 2.66983 -1.55327e-18)
(0.188696 3.12627 -8.37761e-19)
(0.179184 3.26961 -1.21748e-18)
(0.16437 3.31025 9.56451e-19)
(0.421705 0.433295 1.44024e-20)
(0.907124 0.90509 1.53746e-20)
(1.08698 1.11493 3.40489e-20)
(1.1145 1.15516 2.59005e-19)
(1.07592 1.15347 0)
(1.01889 1.12313 0)
(0.952423 1.0922 0)
(0.877784 1.05681 8.55336e-20)
(0.791348 1.01704 -1.22887e-18)
(0.689918 0.971485 0)
(0.581886 0.920388 0)
(0.484808 0.874259 0)
(0.371457 0.825331 0)
(0.309345 0.812686 9.1899e-19)
(0.278365 1.18104 2.2216e-18)
(0.263808 2.35744 6.53148e-19)
(0.274491 3.08227 1.37261e-18)
(0.267943 3.28776 -1.10137e-18)
(0.21808 3.35473 4.13065e-19)
(0.184511 3.36726 0)
(0.419975 0.442273 -9.71445e-21)
(0.901319 0.921839 1.01878e-19)
(1.07801 1.13457 5.55015e-20)
(1.1048 1.176 2.44153e-20)
(1.06597 1.17454 -8.72554e-20)
(1.00898 1.14422 7.85833e-19)
(0.942585 1.11359 -7.02115e-20)
(0.867891 1.07887 -1.20205e-18)
(0.78139 1.04038 0)
(0.680236 0.997236 -1.3388e-19)
(0.56812 0.950427 1.21788e-19)
(0.452085 0.902145 0)
(0.369585 0.866038 0)
(0.320387 0.991819 -1.15112e-18)
(0.286545 1.84619 1.78334e-19)
(0.281836 2.93629 -5.33414e-19)
(0.301244 3.29261 1.15832e-18)
(0.274615 3.39298 9.17789e-19)
(0.207378 3.41807 -1.40391e-18)
(0.181835 3.42695 7.02539e-19)
(0.417951 0.451386 -4.43005e-21)
(0.895334 0.939252 -6.55655e-20)
(1.06869 1.15467 -8.10671e-20)
(1.09475 1.19677 0)
(1.05569 1.19543 0)
(0.998867 1.16539 -5.99287e-19)
(0.932578 1.13539 5.83184e-19)
(0.858029 1.10133 1.08422e-18)
(0.771335 1.06409 6.01349e-20)
(0.668989 1.02319 1.8828e-18)
(0.557895 0.978728 -1.96972e-18)
(0.455594 0.937391 0)
(0.379126 0.947562 0)
(0.345231 1.34795 -8.25057e-19)
(0.347268 2.46527 -9.70564e-19)
(0.389394 3.19934 0)
(0.414851 3.37746 -1.38149e-18)
(0.344803 3.4416 -7.82362e-20)
(0.272454 3.48584 1.00343e-18)
(0.248761 3.51153 -4.26782e-19)
(0.415411 0.460897 -1.1896e-21)
(0.888369 0.95714 2.35703e-20)
(1.05841 1.17579 0)
(1.08387 1.21908 0)
(1.04471 1.2179 0)
(0.988078 1.18769 0)
(0.922056 1.15776 -6.37769e-19)
(0.847764 1.12436 1.11433e-18)
(0.761539 1.08834 0)
(0.660274 1.04949 -1.72115e-18)
(0.549009 1.00953 3.57389e-18)
(0.437798 0.978102 1.40046e-19)
(0.381248 1.06105 1.73687e-19)
(0.391209 1.73539 1.37556e-18)
(0.414517 2.88937 -7.91004e-19)
(0.451855 3.32613 0)
(0.433634 3.45397 4.23198e-19)
(0.346351 3.54177 9.54763e-20)
(0.266214 3.60819 1.24662e-20)
(0.190649 3.58784 2.23394e-19)
(0.412416 0.470696 4.98951e-21)
(0.880877 0.976372 -8.36626e-21)
(1.04734 1.19793 0)
(1.07217 1.24158 5.19789e-20)
(1.03291 1.24034 -2.46975e-19)
(0.976659 1.21024 0)
(0.911058 1.18088 0)
(0.837292 1.14785 -2.0019e-18)
(0.751351 1.11304 -1.27741e-19)
(0.649942 1.07687 1.79312e-18)
(0.536539 1.04045 -1.71969e-18)
(0.45084 1.0252 9.53478e-19)
(0.418645 1.2412 0)
(0.441606 2.17005 -7.45112e-19)
(0.48118 3.14437 4.64472e-19)
(0.540833 3.43275 3.75083e-19)
(0.534676 3.53168 0)
(0.468935 3.61893 7.52836e-20)
(0.395542 3.66236 -1.82874e-19)
(0.313258 3.63325 -2.62928e-20)
(0.408628 0.480783 -3.79125e-20)
(0.872053 0.996067 1.98296e-20)
(1.03508 1.22123 -4.88012e-20)
(1.05949 1.26599 2.12957e-20)
(1.02028 1.26467 3.74096e-19)
(0.964451 1.2341 0)
(0.8994 1.20443 -3.89613e-19)
(0.82632 1.17199 7.70203e-19)
(0.741383 1.13807 1.00003e-19)
(0.641377 1.10326 -1.54797e-18)
(0.529725 1.07094 -1.01043e-19)
(0.448596 1.08551 -1.07877e-18)
(0.442979 1.45818 1.1907e-18)
(0.503174 2.5276 2.8933e-19)
(0.572794 3.30582 -5.74343e-19)
(0.628804 3.48633 4.92039e-19)
(0.588848 3.54379 0)
(0.527714 3.55051 0)
(0.429378 3.51804 -5.77752e-19)
(0.193694 3.31151 9.76458e-19)
(0.404335 0.490596 2.21005e-20)
(0.86251 1.01726 4.27662e-20)
(1.02191 1.24557 1.78976e-20)
(1.04588 1.29023 -9.52537e-20)
(1.00672 1.28857 -3.25649e-19)
(0.951601 1.25788 0)
(0.887416 1.22867 4.41937e-19)
(0.815298 1.19622 8.55597e-19)
(0.73127 1.16332 0)
(0.632921 1.13124 0)
(0.526028 1.10757 0)
(0.466592 1.16311 0)
(0.501563 1.69361 -1.35221e-18)
(0.576438 2.83811 -4.09119e-19)
(0.648666 3.40611 0)
(0.689941 3.50579 -1.89208e-19)
(0.687486 3.51166 0)
(0.763371 3.35653 3.24168e-20)
(0.85842 2.99223 -1.45596e-18)
(0.455346 2.62046 1.6048e-18)
(0.398533 0.500544 -7.49599e-20)
(0.851153 1.03872 -3.61154e-20)
(1.00718 1.27122 -4.61686e-21)
(1.03107 1.31695 8.90869e-20)
(0.992212 1.31492 1.44399e-19)
(0.937847 1.28338 0)
(0.874556 1.25336 1.07468e-19)
(0.803657 1.22133 -1.23883e-19)
(0.721241 1.18889 -7.40145e-19)
(0.624185 1.15741 0)
(0.524626 1.13826 9.67052e-20)
(0.479137 1.24932 -1.09942e-19)
(0.53879 1.93272 0)
(0.63963 3.06189 5.20132e-19)
(0.733336 3.44443 0)
(0.771884 3.48599 5.29071e-20)
(0.77756 3.40361 -8.9805e-20)
(0.768545 3.02914 -3.19835e-20)
(0.523935 2.02643 1.59728e-19)
(-0.349622 0.517948 -4.04013e-19)
(0.391711 0.510672 -1.32501e-20)
(0.838684 1.0618 -3.19359e-20)
(0.99113 1.29808 -2.16231e-22)
(1.0149 1.3434 -1.91621e-20)
(0.976278 1.34084 1.85138e-20)
(0.922992 1.30909 0)
(0.861085 1.2796 -3.22238e-19)
(0.791578 1.24733 -6.15708e-19)
(0.710862 1.21599 1.36684e-18)
(0.615097 1.1871 -1.29164e-18)
(0.526272 1.18376 -1.29005e-18)
(0.509962 1.36767 0)
(0.608102 2.22175 8.30951e-19)
(0.721423 3.21616 -1.68884e-19)
(0.79585 3.43675 -9.85744e-20)
(0.797973 3.43246 0)
(0.725213 3.19733 2.44968e-20)
(0.558362 2.43068 -4.47079e-20)
(0.117608 0.68875 5.31021e-20)
(-0.25538 -0.416603 3.40971e-20)
(0.38311 0.519749 9.01185e-20)
(0.823736 1.08461 -3.76634e-20)
(0.972948 1.32634 2.85782e-20)
(0.997168 1.37316 1.28992e-20)
(0.95912 1.37016 -2.65007e-20)
(0.907022 1.3374 -2.34964e-19)
(0.846367 1.30681 5.79764e-19)
(0.778777 1.27499 5.89316e-19)
(0.700218 1.244 -1.19719e-18)
(0.605464 1.21692 -1.09293e-20)
(0.531165 1.22125 1.36312e-19)
(0.536749 1.49677 -8.48707e-19)
(0.654865 2.48609 3.0551e-19)
(0.769691 3.28362 -5.38057e-19)
(0.833516 3.39935 2.78193e-19)
(0.81891 3.32482 -5.96099e-20)
(0.700546 2.9051 1.16729e-19)
(0.435351 1.70636 -5.47571e-20)
(0.0682978 0.0661116 0)
(-0.0783238 -0.17373 3.27164e-20)
(0.373184 0.528417 0)
(0.807094 1.10856 -1.49377e-19)
(0.953197 1.35558 2.37702e-20)
(0.977788 1.40188 1.85531e-20)
(0.940197 1.39827 0)
(0.889688 1.36533 1.56539e-19)
(0.831129 1.33544 -4.46653e-19)
(0.765464 1.30338 -5.51291e-19)
(0.689833 1.27358 1.05239e-18)
(0.599735 1.25014 1.01234e-18)
(0.538253 1.27977 1.06901e-18)
(0.576703 1.65761 4.66976e-20)
(0.722437 2.726 -6.65553e-19)
(0.839635 3.32883 -8.37574e-20)
(0.879992 3.36919 2.32289e-19)
(0.80278 3.17803 -1.88191e-19)
(0.555472 2.38378 -6.36703e-20)
(0.126036 0.484093 7.54591e-20)
(-0.132456 -0.244082 0)
(-0.112561 -0.207019 0)
(0.360511 0.535298 -1.15726e-19)
(0.787009 1.13106 1.76751e-19)
(0.930779 1.3857 0)
(0.95646 1.43446 0)
(0.919766 1.43035 0)
(0.871161 1.39623 0)
(0.814328 1.36497 1.60358e-19)
(0.751505 1.33313 -1.54225e-20)
(0.678586 1.30363 1.57445e-20)
(0.594073 1.28301 1.13659e-19)
(0.544113 1.3312 -1.09424e-18)
(0.612406 1.81382 6.78564e-19)
(0.773777 2.91638 0)
(0.868874 3.32056 3.83267e-20)
(0.886471 3.29879 -2.63331e-19)
(0.752407 2.89435 1.05211e-19)
(0.429333 1.76599 -3.47457e-20)
(0.0158735 -0.0125887 -2.51561e-20)
(-0.164787 -0.206601 1.48909e-19)
(-0.0602956 -0.138379 1.79761e-19)
(0.345199 0.540596 6.95474e-20)
(0.76395 1.15308 8.21951e-20)
(0.906749 1.41641 -9.2693e-21)
(0.933107 1.46488 2.02447e-20)
(0.897125 1.46005 0)
(0.850895 1.42579 -1.57869e-19)
(0.796972 1.39527 8.53903e-20)
(0.736737 1.36338 -4.10142e-20)
(0.667345 1.33474 -3.4265e-20)
(0.590551 1.31932 9.83428e-20)
(0.55852 1.40404 7.23712e-19)
(0.658839 2.01272 -4.26021e-19)
(0.830878 3.05162 -3.52127e-19)
(0.919524 3.32168 -8.55016e-20)
(0.913674 3.21514 1.70152e-19)
(0.689379 2.60277 -1.98142e-19)
(0.228747 0.896099 1.20583e-19)
(-0.0723162 -0.268052 -1.14987e-19)
(-0.148056 -0.232328 3.2564e-19)
(-0.061785 -0.139839 -2.38459e-19)
(0.326429 0.542617 -6.50542e-20)
(0.737101 1.17229 0)
(0.879338 1.44656 -5.40066e-20)
(0.907077 1.49948 -4.72045e-20)
(0.872523 1.49417 0)
(0.82931 1.45858 1.08151e-19)
(0.777637 1.42641 0)
(0.721249 1.39397 2.16921e-19)
(0.653416 1.36575 -2.78991e-19)
(0.58749 1.35476 6.05787e-19)
(0.570061 1.4713 -5.63352e-19)
(0.703205 2.19532 2.11126e-19)
(0.875374 3.12226 6.94956e-19)
(0.943008 3.28772 -1.50383e-19)
(0.880949 3.07034 1.55404e-19)
(0.56322 2.15471 5.73037e-20)
(0.093252 0.195434 -1.28721e-19)
(-0.168097 -0.295877 1.59077e-19)
(-0.114476 -0.22315 9.53489e-22)
(-0.0440682 -0.0819269 2.46474e-20)
(0.30479 0.541402 1.43923e-19)
(0.707538 1.19057 -9.69241e-20)
(0.850036 1.47642 7.90299e-20)
(0.878411 1.53041 2.64391e-20)
(0.845353 1.52443 2.71955e-20)
(0.805555 1.48866 -1.23663e-20)
(0.757439 1.45719 0)
(0.704625 1.42482 -3.52706e-20)
(0.641647 1.39736 0)
(0.584889 1.39339 -5.66593e-19)
(0.589612 1.55536 5.33988e-19)
(0.750024 2.3749 -6.8168e-20)
(0.917577 3.17291 -4.81487e-19)
(0.976583 3.26098 -1.0811e-19)
(0.878909 2.91632 7.68403e-20)
(0.46401 1.72628 -4.00891e-20)
(-0.0422805 -0.0922979 1.54317e-19)
(-0.233532 -0.273691 9.26214e-20)
(-0.128235 -0.24733 3.77865e-20)
(-0.0610756 -0.0766606 -1.76003e-19)
(0.279522 0.534106 4.24487e-21)
(0.673198 1.20274 5.85108e-20)
(0.815808 1.50283 0)
(0.846082 1.56482 5.03656e-20)
(0.815895 1.55927 -2.68672e-20)
(0.780164 1.52207 -5.41886e-22)
(0.734943 1.48857 2.13368e-20)
(0.687047 1.4547 -1.94621e-19)
(0.627333 1.42828 2.21135e-19)
(0.58102 1.4305 -6.08944e-20)
(0.603923 1.62765 4.11622e-19)
(0.793499 2.51366 5.20649e-19)
(0.955049 3.18717 3.71049e-20)
(0.989142 3.20405 2.34099e-19)
(0.815531 2.70954 8.52287e-20)
(0.316965 1.18827 -1.43031e-19)
(-0.0821209 -0.238242 8.60066e-20)
(-0.257599 -0.315713 -4.14847e-20)
(-0.138277 -0.301617 1.09158e-21)
(-0.0777356 -0.100896 1.69862e-19)
(0.250962 0.519994 2.93322e-19)
(0.634945 1.21151 -6.37071e-20)
(0.779142 1.52848 -1.28245e-19)
(0.810957 1.59359 1.04101e-19)
(0.783904 1.58855 -4.81924e-23)
(0.751962 1.55092 6.91557e-21)
(0.710785 1.51829 -7.11055e-20)
(0.668155 1.48424 0)
(0.615278 1.45801 -2.60747e-19)
(0.57764 1.46874 4.19475e-20)
(0.624696 1.70691 -1.18626e-19)
(0.83779 2.63871 -4.46986e-19)
(0.978496 3.19337 2.37158e-20)
(0.998515 3.15992 8.34919e-21)
(0.79017 2.49127 1.32866e-19)
(0.293341 0.820109 4.25807e-20)
(-0.0538752 -0.283947 -1.13087e-19)
(-0.191204 -0.350859 -6.6753e-20)
(-0.124692 -0.324895 -1.67867e-20)
(-0.0598855 -0.124048 -1.79153e-19)
(0.218164 0.495063 0)
(0.590207 1.20842 5.89697e-20)
(0.735901 1.5461 -5.41338e-20)
(0.771577 1.62414 1.085e-19)
(0.749347 1.62168 -5.40619e-20)
(0.721413 1.5831 2.60711e-20)
(0.684403 1.54768 0)
(0.647246 1.51179 0)
(0.602088 1.48534 0)
(0.570019 1.5035 -8.49291e-20)
(0.637618 1.76428 7.96122e-20)
(0.871608 2.70995 -9.13497e-20)
(1.00544 3.19893 -1.56917e-19)
(1.00238 3.10152 -7.87626e-20)
(0.728226 2.35668 1.41376e-19)
(0.247275 0.468161 -1.2377e-19)
(-0.0638668 -0.203731 2.25316e-20)
(-0.130884 -0.336377 1.94185e-19)
(-0.110521 -0.292698 -2.07042e-20)
(0.00273332 -0.0574618 0)
(0.18208 0.458413 2.86311e-19)
(0.540646 1.19766 -5.51442e-20)
(0.690269 1.56234 4.46673e-21)
(0.729617 1.64776 0)
(0.711616 1.64697 -2.92629e-20)
(0.687421 1.6085 1.7962e-20)
(0.65517 1.57436 0)
(0.624926 1.53719 -3.31393e-20)
(0.587568 1.50922 2.61484e-20)
(0.564027 1.5352 0)
(0.654477 1.81708 0)
(0.908 2.76877 1.59013e-19)
(1.0224 3.20516 1.01136e-19)
(0.972635 3.08294 -4.54019e-20)
(0.601158 2.12963 3.4792e-20)
(-0.0484312 0.345641 -6.71333e-20)
(-0.314385 -0.087678 0)
(-0.313296 -0.274021 1.27328e-19)
(-0.216715 -0.274657 1.55347e-19)
(-0.0103644 0.0132265 -3.59112e-19)
(0.14246 0.404979 2.39094e-19)
(0.483535 1.166 -5.45211e-20)
(0.636563 1.56253 6.08301e-20)
(0.682362 1.66984 -1.56314e-19)
(0.670289 1.67412 0)
(0.650934 1.63694 0)
(0.623745 1.5989 0)
(0.599681 1.56039 -2.65025e-20)
(0.572282 1.52968 2.09022e-20)
(0.552336 1.55631 0)
(0.658196 1.84226 0)
(0.93793 2.77946 -1.61276e-19)
(1.05508 3.22236 1.38559e-20)
(0.980205 3.09887 -4.42498e-20)
(0.571598 2.14726 1.03822e-19)
(-0.106459 0.596301 0)
(-0.446481 -0.10468 -7.70563e-20)
(-0.535034 -0.658143 8.70132e-21)
(-0.494304 -0.782333 1.69e-19)
(-0.185844 -0.448333 -1.66634e-19)
(0.101403 0.334945 -2.20599e-19)
(0.420926 1.11881 6.62312e-20)
(0.580455 1.55895 1.56676e-19)
(0.631694 1.68316 7.54222e-20)
(0.624778 1.69088 -6.16347e-20)
(0.610521 1.65665 -1.80109e-20)
(0.588304 1.61968 -2.8199e-21)
(0.571309 1.57908 0)
(0.553985 1.54417 0)
(0.540876 1.56916 0)
(0.66022 1.84461 9.76952e-20)
(0.971956 2.76028 1.39026e-19)
(1.1198 3.21285 2.3385e-20)
(1.08436 3.1413 -2.02516e-21)
(0.707594 2.19135 7.05996e-20)
(0.129982 0.635284 0)
(-0.358863 -0.220613 2.08497e-19)
(-0.589909 -0.943894 -1.09558e-18)
(-0.600186 -1.34692 2.36228e-18)
(-0.380671 -1.09624 -1.29914e-18)
(0.0583096 0.244982 2.30778e-19)
(0.348748 1.03725 -1.89607e-19)
(0.513461 1.52605 0)
(0.575484 1.68863 4.25184e-20)
(0.575003 1.7078 2.26986e-20)
(0.567369 1.6778 2.5585e-20)
(0.549905 1.63662 2.63601e-21)
(0.539348 1.59398 0)
(0.531337 1.5545 0)
(0.52678 1.56884 1.2814e-19)
(0.643221 1.81794 5.28372e-21)
(0.998977 2.6946 -1.06897e-19)
(1.25169 3.16418 -8.02505e-20)
(1.33674 3.10919 1.85169e-19)
(1.21155 2.53644 -6.4144e-19)
(0.807607 1.32519 8.85168e-19)
(0.247504 0.281296 -6.77143e-19)
(-0.0985602 -0.696292 0)
(-0.475889 -1.57052 -1.12218e-20)
(-0.392484 -1.51525 1.20858e-18)
(0.0213991 0.159047 2.29412e-19)
(0.269376 0.928977 0)
(0.44456 1.48251 0)
(0.514174 1.68029 0)
(0.521348 1.71171 1.0844e-20)
(0.518605 1.68856 -3.3977e-20)
(0.506443 1.6478 2.41953e-21)
(0.500822 1.60339 0)
(0.503071 1.55623 0)
(0.508066 1.5579 -7.89418e-20)
(0.614464 1.74984 -4.50387e-20)
(0.979647 2.53624 5.25331e-20)
(1.30502 3.03249 -1.7145e-20)
(1.40231 2.92979 -4.24679e-20)
(1.32144 2.54971 -8.53319e-22)
(1.12385 1.72149 -1.56895e-19)
(0.680171 0.717573 7.83415e-20)
(0.301975 -0.274963 0)
(0.00554327 -0.930071 1.07979e-20)
(-0.212935 -1.31569 -3.25307e-19)
(0.00013671 0.0890978 -2.00248e-19)
(0.179114 0.76469 6.86295e-20)
(0.363512 1.38674 9.2798e-20)
(0.44799 1.6553 -1.8644e-20)
(0.463165 1.71279 -4.54899e-20)
(0.466657 1.6983 -5.43137e-21)
(0.458202 1.65533 -7.3314e-21)
(0.455911 1.60657 -7.56015e-21)
(0.462924 1.54964 0)
(0.476816 1.53373 -1.60432e-20)
(0.554887 1.64907 3.92872e-20)
(0.838684 2.30219 -7.1763e-20)
(1.19937 2.84335 0)
(1.27168 2.79412 6.11097e-20)
(1.2338 2.54541 0)
(1.12874 2.01589 5.96343e-20)
(0.800387 1.18425 9.83257e-20)
(0.464322 0.382657 0)
(0.150704 -0.387796 0)
(-0.0332734 -0.688596 -1.14899e-18)
(-0.0041858 0.0336745 1.41416e-19)
(0.097714 0.543412 -5.26806e-20)
(0.290439 1.26404 3.77827e-20)
(0.378103 1.60182 -5.38018e-20)
(0.401563 1.69654 1.85394e-20)
(0.407035 1.69432 -1.67856e-21)
(0.40314 1.65737 -4.05848e-21)
(0.401465 1.60604 -2.142e-21)
(0.407403 1.53944 4.81821e-21)
(0.42342 1.49819 2.95917e-20)
(0.459945 1.55369 6.5515e-21)
(0.606398 1.98454 0)
(0.958845 2.68192 4.51372e-20)
(0.995223 2.68368 0)
(0.98868 2.56548 0)
(0.919114 2.26339 0)
(0.725688 1.71533 8.73061e-19)
(0.476304 1.07439 -2.2e-18)
(0.235426 0.47969 1.97999e-20)
(0.0493266 0.0438052 1.54504e-18)
(0.00388781 -0.0206889 2.14155e-20)
(0.032797 0.247343 2.01047e-20)
(0.206177 1.04298 -1.638e-20)
(0.305055 1.51711 -9.07473e-21)
(0.333827 1.67358 7.33715e-21)
(0.3433 1.68574 1.577e-21)
(0.34217 1.65822 -1.71878e-21)
(0.336353 1.6024 0)
(0.337405 1.52896 3.79802e-21)
(0.345823 1.46633 5.59049e-21)
(0.354427 1.4899 -3.2089e-20)
(0.380356 1.78817 0)
(0.667351 2.50267 1.21356e-20)
(0.68052 2.67367 -6.23644e-20)
(0.660208 2.64547 0)
(0.607946 2.50628 0)
(0.509101 2.19058 -5.13964e-20)
(0.333562 1.66443 0)
(0.173225 1.17572 -3.92035e-20)
(0.0517099 0.655095 0)
(0.0108319 -0.0720869 0)
(0.0112469 0.0685112 0)
(0.109154 0.729144 0)
(0.2211 1.35934 0)
(0.259219 1.61837 -1.29391e-34)
(0.27033 1.66625 1.67696e-35)
(0.274079 1.65167 0)
(0.270108 1.59834 0)
(0.266444 1.52409 0)
(0.268562 1.45432 0)
(0.276018 1.46846 0)
(0.237261 1.69763 0)
(0.445973 2.37394 0)
(0.47805 2.69357 0)
(0.434221 2.74155 0)
(0.398126 2.69606 0)
(0.33616 2.51387 0)
(0.224083 2.11805 0)
(0.101871 1.65247 0)
(0.0207077 1.03272 0)
(0.00633374 -0.11643 0)
(0.0128973 -0.0309944 0)
(0.044184 0.488228 0)
(0.14086 1.20208 0)
(0.17818 1.55241 0)
(0.196364 1.64358 0)
(0.202666 1.64034 0)
(0.207099 1.59537 0)
(0.2007 1.52628 0)
(0.202785 1.4577 0)
(0.218447 1.46919 0)
(0.153718 1.65928 0)
(0.29954 2.30446 0)
(0.342638 2.7172 0)
(0.300915 2.82227 0)
(0.260865 2.81606 0)
(0.222254 2.70086 0)
(0.147814 2.38634 0)
(0.0604572 1.95612 0)
(0.006619 1.24532 0)
(0.00463906 -0.153101 0)
(0.0145968 -0.0728973 0)
(0.00954756 0.386156 0)
(0.0649839 1.10335 0)
(0.096644 1.49385 0)
(0.119991 1.61659 0)
(0.134553 1.6253 0)
(0.146086 1.59162 0)
(0.144443 1.528 0)
(0.148051 1.46463 0)
(0.170286 1.47848 0)
(0.100146 1.63936 0)
(0.192503 2.26259 0)
(0.234662 2.73887 0)
(0.200441 2.88704 0)
(0.164669 2.90569 0)
(0.136602 2.83228 0)
(0.085758 2.5691 0)
(0.0245892 2.14506 0)
(-0.00594768 1.34696 0)
(0.00230913 -0.174833 0)
(0.00262282 -0.0695451 0)
(-0.019296 0.391117 0)
(-0.00301368 1.04902 0)
(0.0201021 1.45225 0)
(0.0476585 1.58795 0)
(0.0702913 1.60544 0)
(0.0888428 1.58231 0)
(0.101539 1.52482 0)
(0.101 1.46981 0)
(0.127413 1.49078 0)
(0.0649059 1.63085 0)
(0.119974 2.23443 0)
(0.15324 2.75483 0)
(0.123571 2.93405 0)
(0.0951633 2.97549 0)
(0.0752224 2.92262 0)
(0.0408401 2.69185 0)
(0.00188106 2.25996 0)
(-0.012531 1.34137 0)
(-0.00113899 -0.163745 0)
(-0.0151859 -0.0195945 0)
(-0.0449967 0.427839 0)
(-0.0475935 1.03658 0)
(-0.0353351 1.41037 0)
(-0.0083623 1.54941 0)
(0.0160533 1.57874 0)
(0.0415217 1.56306 0)
(0.0618858 1.51791 0)
(0.0592308 1.47099 0)
(0.08641 1.49883 0)
(0.0417622 1.62704 0)
(0.0719745 2.2149 0)
(0.0920805 2.76488 0)
(0.0633751 2.96791 0)
(0.043586 3.02407 0)
(0.0322813 2.985 0)
(0.00841359 2.76984 0)
(-0.0157375 2.33288 0)
(-0.0173717 1.30612 0)
(-0.0050043 -0.119363 0)
(-0.026747 0.0621111 0)
(-0.0623539 0.49801 0)
(-0.0752758 1.04496 0)
(-0.0665684 1.37252 0)
(-0.0422778 1.50637 0)
(-0.0206968 1.54598 0)
(0.00662293 1.53836 0)
(0.0249015 1.50573 0)
(0.0272315 1.464 0)
(0.0533998 1.49868 0)
(0.0228524 1.62854 0)
(0.0364331 2.20199 0)
(0.0504417 2.77251 0)
(0.0232185 2.99178 0)
(0.00925229 3.05887 0)
(-0.00117412 3.02123 0)
(-0.0175273 2.80919 0)
(-0.0344592 2.33581 0)
(-0.0183589 1.22691 0)
(-0.00656015 -0.055032 0)
(-0.0318206 0.160128 0)
(-0.0695303 0.573395 0)
(-0.0831478 1.05541 0)
(-0.0792566 1.33717 0)
(-0.0584828 1.46368 0)
(-0.0406353 1.50942 0)
(-0.0168821 1.51241 0)
(0.0012058 1.48842 0)
(0.0066679 1.45328 0)
(0.0305381 1.49852 0)
(0.00669624 1.63034 0)
(0.0118453 2.19314 0)
(0.0232251 2.775 0)
(4.15159e-05 3.00612 0)
(-0.0123551 3.08039 0)
(-0.0258597 3.04997 0)
(-0.0372585 2.83358 0)
(-0.0433573 2.31599 0)
(-0.0237896 1.10492 0)
(-0.00656705 0.0141961 0)
(-0.0305158 0.259156 0)
(-0.066268 0.642493 0)
(-0.0799316 1.0668 0)
(-0.0794403 1.31223 0)
(-0.0615886 1.42938 0)
(-0.0470878 1.47667 0)
(-0.0292572 1.48695 0)
(-0.00765939 1.47099 0)
(-0.0050905 1.44246 0)
(0.0135515 1.5011 0)
(-0.00139933 1.63263 0)
(-0.00389628 2.19551 0)
(-0.000763681 2.78027 0)
(-0.0204923 3.02315 0)
(-0.0298051 3.10086 0)
(-0.042897 3.06726 0)
(-0.0520103 2.83841 0)
(-0.0486034 2.26835 0)
(-0.0234718 0.965862 0)
(-0.0052348 0.0767167 0)
(-0.0249909 0.350037 0)
(-0.0558003 0.705794 0)
(-0.0694143 1.08359 0)
(-0.0719623 1.30057 0)
(-0.0590181 1.40649 0)
(-0.0492319 1.45158 0)
(-0.0338113 1.46456 0)
(-0.0127066 1.45751 0)
(-0.0137142 1.43566 0)
(0.00189407 1.50057 0)
(-0.00776867 1.64025 0)
(-0.0152401 2.19995 0)
(-0.0191845 2.79366 0)
(-0.0360865 3.04223 0)
(-0.0436306 3.11965 0)
(-0.0510102 3.08058 0)
(-0.056487 2.83174 0)
(-0.0480822 2.20233 0)
(-0.0170197 0.836779 0)
(-0.00352017 0.125258 0)
(-0.0183268 0.425367 0)
(-0.043599 0.759879 0)
(-0.0548917 1.10248 0)
(-0.058388 1.30028 0)
(-0.0503289 1.39744 0)
(-0.0455078 1.43861 0)
(-0.0352275 1.45002 0)
(-0.0192848 1.44763 0)
(-0.0220519 1.43035 0)
(-0.00797268 1.49612 0)
(-0.015682 1.64961 0)
(-0.0268067 2.20998 0)
(-0.0316856 2.80926 0)
(-0.0465789 3.05821 0)
(-0.0516615 3.13155 0)
(-0.0584799 3.09085 0)
(-0.0572235 2.81759 0)
(-0.0453331 2.12957 0)
(-0.0105127 0.728236 0)
(-0.00226633 0.159817 0)
(-0.0127171 0.484654 0)
(-0.0333464 0.805715 0)
(-0.0423413 1.11792 0)
(-0.0443988 1.30139 0)
(-0.0407598 1.39198 0)
(-0.0390925 1.43079 0)
(-0.0336253 1.44199 0)
(-0.0241539 1.44193 0)
(-0.0285359 1.42831 0)
(-0.0187162 1.49049 0)
(-0.0214697 1.65546 0)
(-0.0383179 2.2235 0)
(-0.0407175 2.82351 0)
(-0.0580848 3.07218 0)
(-0.0603895 3.14398 0)
(-0.0645619 3.08947 0)
(-0.0628273 2.79076 0)
(-0.0409196 2.037 0)
(-0.00618613 0.637172 0)
(-0.00148732 0.183271 0)
(-0.00851697 0.528801 0)
(-0.024938 0.842839 0)
(-0.0325139 1.12715 0)
(-0.0321184 1.30446 0)
(-0.0302735 1.39273 0)
(-0.0297831 1.43011 0)
(-0.0302189 1.43945 0)
(-0.0252348 1.44048 0)
(-0.0318074 1.42892 0)
(-0.0296762 1.48792 0)
(-0.0268324 1.66454 0)
(-0.0460527 2.24155 0)
(-0.0518212 2.83909 0)
(-0.0663736 3.08349 0)
(-0.0662455 3.14823 0)
(-0.0659882 3.08328 0)
(-0.059356 2.75285 0)
(-0.0354408 1.94214 0)
(-0.00215546 0.563084 0)
(-0.00112303 0.199679 0)
(-0.00601592 0.562241 0)
(-0.018781 0.875014 0)
(-0.0272248 1.13464 0)
(-0.0259469 1.30349 0)
(-0.0260358 1.39051 0)
(-0.0243276 1.42809 0)
(-0.0275904 1.44023 0)
(-0.0253478 1.44099 0)
(-0.0334299 1.43387 0)
(-0.0370198 1.48486 0)
(-0.0303134 1.66897 0)
(-0.0475101 2.25835 0)
(-0.0549534 2.85112 0)
(-0.068851 3.08923 0)
(-0.0665685 3.14675 0)
(-0.0623692 3.07229 0)
(-0.0488332 2.70552 0)
(-0.0294163 1.85757 0)
(0.00230884 0.509156 0)
(-0.000896235 0.211291 0)
(-0.00428492 0.586135 0)
(-0.0134806 0.901139 0)
(-0.0217245 1.14338 0)
(-0.0217452 1.30524 0)
(-0.0208937 1.39207 0)
(-0.0192257 1.43143 0)
(-0.0255237 1.44444 0)
(-0.0241441 1.4424 0)
(-0.0364887 1.44009 0)
(-0.0464478 1.48435 0)
(-0.0393553 1.67395 0)
(-0.0516929 2.28129 0)
(-0.0627294 2.86263 0)
(-0.0721873 3.09023 0)
(-0.0677303 3.14094 0)
(-0.063851 3.05059 0)
(-0.0524764 2.65331 0)
(-0.0232777 1.75242 0)
(0.00356822 0.470777 0)
(-0.000872925 0.22059 0)
(-0.00348891 0.604202 0)
(-0.00997415 0.923448 0)
(-0.0183428 1.15502 0)
(-0.0197057 1.30518 0)
(-0.0192089 1.3892 0)
(-0.0166336 1.4306 0)
(-0.0224392 1.44936 0)
(-0.0247492 1.44942 0)
(-0.0417021 1.45665 0)
(-0.0534685 1.48498 0)
(-0.0545825 1.67315 0)
(-0.0622244 2.30074 0)
(-0.0762708 2.87527 0)
(-0.0817203 3.08975 0)
(-0.0782447 3.13112 0)
(-0.0751468 3.02021 0)
(-0.0617772 2.58856 0)
(-0.0213012 1.6368 0)
(0.00192051 0.438374 0)
(-0.000872792 0.228082 0)
(-0.00282765 0.616177 0)
(-0.00697863 0.939183 0)
(-0.0122992 1.16605 0)
(-0.0150288 1.30794 0)
(-0.012088 1.38983 0)
(-0.00970089 1.43329 0)
(-0.010553 1.45724 0)
(-0.018751 1.45386 0)
(-0.0360791 1.46554 0)
(-0.0569859 1.49209 0)
(-0.074077 1.67955 0)
(-0.0747493 2.31484 0)
(-0.085867 2.88511 0)
(-0.0887809 3.08737 0)
(-0.0803868 3.12427 0)
(-0.0747599 2.99798 0)
(-0.0523453 2.51536 0)
(-0.0217567 1.54578 0)
(0.0047146 0.408173 0)
(-0.000877619 0.235144 0)
(-0.00226296 0.624784 0)
(-0.00477832 0.950198 0)
(-0.00828434 1.17463 0)
(-0.0113249 1.30655 0)
(-0.00694509 1.38129 0)
(-0.00526821 1.42631 0)
(0.00323809 1.45673 0)
(-0.00483573 1.47393 0)
(-0.0191587 1.49127 0)
(-0.0499847 1.5074 0)
(-0.0806376 1.686 0)
(-0.0805537 2.32111 0)
(-0.0857576 2.8915 0)
(-0.0876867 3.08262 0)
(-0.0742051 3.11072 0)
(-0.0600766 2.96806 0)
(-0.0407434 2.45988 0)
(-0.0161177 1.46942 0)
(0.0110683 0.395678 0)
(-0.000651355 0.23944 0)
(-0.00098325 0.627279 0)
(-0.00125094 0.953242 0)
(-5.81687e-05 1.17621 0)
(0.00161989 1.30465 0)
(0.0141354 1.37651 0)
(0.0178831 1.42338 0)
(0.0430045 1.45571 0)
(0.0295273 1.47212 0)
(0.034588 1.49885 0)
(-0.0174637 1.53496 0)
(-0.0817472 1.69968 0)
(-0.0852677 2.32512 0)
(-0.0888877 2.89413 0)
(-0.0936376 3.06835 0)
(-0.0850766 3.08587 0)
(-0.0701465 2.91839 0)
(-0.0541735 2.37493 0)
(-0.00967398 1.35146 0)
(0.0133745 0.402284 0)
(-0.000690136 0.243514 0)
(-0.000755965 0.627779 0)
(-4.13385e-05 0.952492 0)
(0.00187091 1.1711 0)
(0.00567024 1.28892 0)
(0.0213014 1.34996 0)
(0.0333687 1.38979 0)
(0.0671715 1.43216 0)
(0.0797803 1.47876 0)
(0.108341 1.52998 0)
(0.0403507 1.60808 0)
(-0.0734531 1.73794 0)
(-0.0900767 2.33501 0)
(-0.09783 2.90468 0)
(-0.110505 3.06798 0)
(-0.112309 3.0715 0)
(-0.11068 2.85753 0)
(-0.0808246 2.24399 0)
(-0.0192027 1.19076 0)
(0.00516752 0.401448 0)
(6.8459e-05 0.242997 0)
(0.00142895 0.620067 0)
(0.00557097 0.941374 0)
(0.014863 1.15395 0)
(0.0309357 1.26634 0)
(0.0568288 1.32518 0)
(0.0848818 1.36425 0)
(0.129073 1.40116 0)
(0.162211 1.4437 0)
(0.188869 1.53429 0)
(0.118322 1.66676 0)
(-0.0137182 1.79889 0)
(-0.0788516 2.34512 0)
(-0.0909175 2.92101 0)
(-0.11247 3.07738 0)
(-0.113018 3.07546 0)
(-0.116683 2.8313 0)
(-0.090592 2.14035 0)
(-0.0243852 1.03342 0)
(-0.00826788 0.356396 0)
(0.000445708 0.240655 0)
(0.00239442 0.61163 0)
(0.00642744 0.925053 0)
(0.0171 1.11999 0)
(0.0366385 1.21507 0)
(0.0681054 1.25982 0)
(0.110804 1.28732 0)
(0.16832 1.33449 0)
(0.22547 1.40495 0)
(0.264217 1.563 0)
(0.168113 1.77826 0)
(0.0303693 1.92026 0)
(-0.0709159 2.38713 0)
(-0.0801149 2.96648 0)
(-0.107219 3.10587 0)
(-0.11537 3.08363 0)
(-0.0911191 2.7966 0)
(-0.0754643 2.06887 0)
(-0.00390928 0.940747 0)
(-0.0125523 0.309092 0)
(0.00155736 0.230025 0)
(0.00566984 0.590783 0)
(0.0138932 0.895716 0)
(0.0317907 1.07816 0)
(0.060524 1.16493 0)
(0.106251 1.20114 0)
(0.159378 1.22854 0)
(0.233353 1.27507 0)
(0.290512 1.36681 0)
(0.314604 1.59731 0)
(0.206208 1.85024 0)
(0.071096 2.00583 0)
(-0.0541894 2.45092 0)
(-0.0769402 3.0068 0)
(-0.11787 3.12563 0)
(-0.127259 3.07909 0)
(-0.103532 2.73143 0)
(-0.0550701 1.91969 0)
(0.021568 0.867103 0)
(-0.0083138 0.300646 0)
(0.00193363 0.217933 0)
(0.00511318 0.574912 0)
(0.0101088 0.867329 0)
(0.0267351 1.0213 0)
(0.0558191 1.07893 0)
(0.106238 1.09288 0)
(0.167633 1.11024 0)
(0.256659 1.1655 0)
(0.315496 1.30501 0)
(0.347717 1.62926 0)
(0.257518 1.9687 0)
(0.0851658 2.15131 0)
(-0.0979621 2.55578 0)
(-0.117008 3.06614 0)
(-0.162112 3.13877 0)
(-0.172575 3.06171 0)
(-0.154739 2.60718 0)
(-0.0483772 1.61431 0)
(0.00836788 0.824118 0)
(-0.00107353 0.314018 0)
(0.00322778 0.199924 0)
(0.00666411 0.554734 0)
(0.0130075 0.835561 0)
(0.0339854 0.971184 0)
(0.0680893 1.01624 0)
(0.118396 1.02242 0)
(0.178122 1.03911 0)
(0.255382 1.11056 0)
(0.303001 1.29383 0)
(0.337073 1.6712 0)
(0.206521 2.08455 0)
(-0.00250637 2.30818 0)
(-0.141569 2.65136 0)
(-0.158591 3.10433 0)
(-0.17751 3.17503 0)
(-0.172153 3.03857 0)
(-0.191639 2.49317 0)
(-0.0386648 1.33622 0)
(-0.0278565 0.747368 0)
(0.00138428 0.290966 0)
(-0.000255332 0.179024 0)
(-0.00382643 0.549704 0)
(-0.0084997 0.806886 0)
(0.00376792 0.899111 0)
(0.0330152 0.910183 0)
(0.0816361 0.89685 0)
(0.139845 0.907512 0)
(0.216704 0.99068 0)
(0.274691 1.23201 0)
(0.302404 1.69669 0)
(0.220275 2.21255 0)
(0.0434655 2.4267 0)
(-0.101443 2.73741 0)
(-0.156428 3.1579 0)
(-0.221364 3.20883 0)
(-0.187788 3.01328 0)
(-0.124009 2.38737 0)
(-0.00157135 1.26311 0)
(-0.0265916 0.715581 0)
(0.00425418 0.260436 0)
(-0.00331444 0.22633 0)
(-0.0126702 0.607647 0)
(-0.0241007 0.834879 0)
(-0.0262966 0.902906 0)
(-0.0331818 0.901086 0)
(-0.0306615 0.876766 0)
(-0.0271251 0.87463 0)
(-0.00409347 0.944093 0)
(0.0475257 1.18775 0)
(0.114282 1.71435 0)
(0.0757654 2.34202 0)
(-0.0436112 2.63123 0)
(-0.18123 2.91942 0)
(-0.219594 3.21653 0)
(-0.236791 3.18655 0)
(-0.209807 2.83386 0)
(-0.0958602 1.92584 0)
(-0.018243 1.12226 0)
(-0.0172018 0.638826 0)
(-0.00075083 0.214715 0)
(-0.248795 1.60427 8.71438e-23)
(0.403339 3.24851 1.92654e-19)
(0.0939829 3.47571 -1.0741e-19)
(0.203299 3.44159 0)
(0.164791 3.39313 0)
(0.159502 3.34468 -5.85601e-19)
(0.162032 3.31861 5.99227e-19)
(0.1344 3.27207 -6.07901e-19)
(0.117453 3.17458 1.0751e-20)
(0.104213 2.56621 7.81774e-19)
(-0.105113 2.3487 -2.87074e-23)
(0.136354 3.30285 1.70768e-19)
(0.0121907 3.44364 0)
(0.100877 3.39493 0)
(0.0770023 3.34786 1.74419e-20)
(0.0826059 3.30905 1.1904e-18)
(0.0782901 3.27541 -6.48022e-19)
(0.0537195 3.23893 -1.04619e-20)
(0.052509 3.07986 9.98587e-21)
(0.00115961 2.08313 0)
(-0.0279414 2.08634 3.47889e-19)
(0.0886323 3.14831 -3.64466e-19)
(0.0280404 3.34993 0)
(0.0757026 3.32722 5.52404e-19)
(0.055228 3.30382 -1.41894e-21)
(0.0563104 3.28156 -6.08185e-19)
(0.0478548 3.26658 -7.21965e-19)
(0.0325226 3.24475 -2.24347e-22)
(0.0418622 3.11759 1.03314e-20)
(-0.0164535 2.2098 0)
(-0.0403434 2.02838 -1.26985e-19)
(0.0293185 3.12335 0)
(-0.0116671 3.31166 -2.87865e-19)
(0.0236543 3.30868 -2.53574e-19)
(0.0181345 3.28514 2.05538e-20)
(0.0244808 3.26183 -3.7508e-19)
(0.0288975 3.24549 3.41588e-19)
(0.0225696 3.23303 -1.18085e-20)
(0.0427366 3.12432 1.56811e-20)
(0.00754563 2.24924 4.00449e-19)
(-0.0478254 2.02801 -2.334e-19)
(0.0146933 3.09293 0)
(-0.00578081 3.26847 6.06682e-19)
(0.0136903 3.26271 -3.32138e-19)
(0.0152694 3.24859 -7.14745e-22)
(0.0183354 3.23735 4.38423e-21)
(0.0218109 3.23336 -1.54281e-20)
(0.0225915 3.22362 -4.12399e-19)
(0.0434137 3.12685 1.14007e-20)
(-0.00308543 2.31151 -8.32779e-19)
(-0.0520732 2.08718 0)
(-0.00891869 3.0873 -3.20036e-19)
(-0.027671 3.24414 1.6249e-20)
(-0.0136962 3.24752 -2.19837e-20)
(-0.00453802 3.23264 2.25595e-20)
(0.00392529 3.22001 3.73373e-19)
(0.0166124 3.21072 3.87821e-19)
(0.0214003 3.20531 8.05331e-19)
(0.0428279 3.12381 4.41933e-19)
(0.0107472 2.35386 -1.65398e-20)
(-0.0484937 2.14372 0)
(-0.018942 3.08366 3.31415e-19)
(-0.0183199 3.21442 -3.44305e-19)
(-0.0109618 3.21296 -2.33094e-20)
(0.000223379 3.20253 4.80588e-20)
(0.00806308 3.19574 3.72355e-22)
(0.0165071 3.19563 -2.56532e-20)
(0.0220699 3.19074 -4.18117e-19)
(0.0425189 3.12116 -4.3039e-19)
(0.00384196 2.41953 -1.71854e-20)
(-0.0497605 2.22791 3.67016e-19)
(-0.0284427 3.08508 -1.71196e-20)
(-0.0317151 3.19436 1.17683e-20)
(-0.0233357 3.19576 0)
(-0.0130149 3.18576 0)
(-0.00118693 3.17808 0)
(0.0137356 3.17149 0)
(0.0207907 3.16937 4.54126e-19)
(0.0411298 3.11258 -4.67457e-19)
(0.0154725 2.46381 4.64767e-19)
(-0.0448146 2.30874 2.80178e-20)
(-0.0325834 3.08642 3.86621e-19)
(-0.0205218 3.16985 0)
(-0.0145694 3.16549 -2.57112e-20)
(-0.00397107 3.15767 2.6298e-20)
(0.00541146 3.1531 0)
(0.0146342 3.15434 -1.41343e-20)
(0.0207826 3.15261 -4.40821e-19)
(0.0402433 3.10918 4.68818e-19)
(0.0103807 2.53297 0)
(-0.0448652 2.40208 1.46619e-20)
(-0.0364739 3.08552 -5.90052e-19)
(-0.0303338 3.14979 0)
(-0.0226037 3.14699 0)
(-0.0136322 3.13926 2.77616e-20)
(-0.00216528 3.13377 -2.32622e-19)
(0.0119134 3.12879 -2.92277e-20)
(0.0192314 3.12939 2.46876e-19)
(0.0384784 3.09614 0)
(0.0193153 2.58105 0)
(-0.038868 2.49249 -6.08521e-19)
(-0.0380636 3.08335 2.06625e-19)
(-0.0202367 3.1244 0)
(-0.0130077 3.11619 0)
(-0.00352238 3.10947 0)
(0.00556967 3.10646 4.76091e-19)
(0.0141082 3.10896 0)
(0.0201782 3.1105 -2.63293e-19)
(0.0379234 3.09049 1.618e-20)
(0.0148955 2.65378 2.71998e-19)
(-0.0385261 2.58762 2.15017e-19)
(-0.0405111 3.07434 -2.07273e-20)
(-0.0300093 3.10103 2.46569e-19)
(-0.0213357 3.09499 2.39199e-19)
(-0.0124751 3.08847 0)
(-0.000830956 3.08433 -2.4324e-19)
(0.0127811 3.0811 0)
(0.0210742 3.08456 0)
(0.0384222 3.07218 0)
(0.0223643 2.70643 -2.7326e-19)
(-0.0343796 2.67995 -2.21874e-19)
(-0.0427567 3.06343 2.28897e-19)
(-0.0230917 3.0721 -2.32347e-19)
(-0.0130809 3.06203 -3.64382e-19)
(-0.00285578 3.05688 0)
(0.00718877 3.05537 3.24511e-20)
(0.0165374 3.05895 -1.65796e-20)
(0.0248123 3.063 1.22661e-19)
(0.0417421 3.06163 1.52395e-19)
(0.0207764 2.7804 -1.56715e-19)
(-0.0351215 2.77097 2.27696e-19)
(-0.0469179 3.04355 -2.20044e-19)
(-0.0330184 3.04548 1.55529e-20)
(-0.0208908 3.04032 9.22432e-20)
(-0.0110681 3.03634 -1.3103e-19)
(0.000313132 3.03392 0)
(0.0141074 3.03179 1.407e-19)
(0.0256735 3.03564 4.95073e-21)
(0.0445832 3.03661 -2.93661e-19)
(0.0287175 2.83263 -6.55129e-21)
(-0.0290967 2.85651 -6.339e-20)
(-0.04363 3.02294 1.56267e-20)
(-0.0228292 3.01806 -8.09355e-20)
(-0.0109938 3.01454 3.30188e-20)
(-0.00217133 3.01411 1.59609e-19)
(0.00628801 3.01346 -6.74736e-20)
(0.0141697 3.01446 -6.78538e-20)
(0.0233546 3.01691 -7.05527e-20)
(0.0418652 3.02182 1.50181e-19)
(0.0247651 2.90029 7.41102e-20)
(-0.0178238 2.93902 5.0982e-20)
(-0.0262252 2.99939 2.2516e-20)
(-0.0162755 3.00051 4.46451e-20)
(-0.00943116 3.00172 -9.13183e-20)
(-0.00413574 3.00265 3.08668e-20)
(0.000647482 3.00217 6.2882e-20)
(0.00565655 3.00061 -6.55223e-20)
(0.0107186 2.99898 -6.8424e-20)
(0.0218015 2.99716 9.17671e-21)
(0.0165514 2.94916 6.52154e-20)
)
;

boundaryField
{
    wall-4
    {
        type            noSlip;
    }
    pressure-outlet-7
    {
        type            zeroGradient;
    }
    velocity-inlet-6
    {
        type            fixedValue;
        value           uniform (0 3 0);
    }
    velocity-inlet-5
    {
        type            fixedValue;
        value           uniform (1 0 0);
    }
    frontAndBackPlanes
    {
        type            empty;
    }
}


// ************************************************************************* //
