/*--------------------------------*- C++ -*----------------------------------*\
  =========                 |
  \\      /  F ield         | OpenFOAM: The Open Source CFD Toolbox
   \\    /   O peration     | Website:  https://openfoam.org
    \\  /    A nd           | Version:  9
     \\/     M anipulation  |
\*---------------------------------------------------------------------------*/
FoamFile
{
    format      ascii;
    class       volScalarField;
    location    "13";
    object      p;
}
// * * * * * * * * * * * * * * * * * * * * * * * * * * * * * * * * * * * * * //

dimensions      [0 2 -2 0 0 0 0];

internalField   nonuniform List<scalar> 
8800
(
0.428449
0.380427
0.342099
0.313523
0.292983
0.278337
0.267849
0.260439
0.255638
0.253495
0.254539
0.258433
0.264789
0.273836
0.28635
0.303756
0.328069
0.361586
0.403962
0.461063
0.260856
0.268087
0.276586
0.280093
0.278284
0.272891
0.266315
0.260263
0.255579
0.2527
0.252265
0.254479
0.258666
0.264353
0.270982
0.277354
0.281291
0.280636
0.274451
0.2654
0.237388
0.243628
0.247952
0.251467
0.254128
0.255093
0.254164
0.25218
0.25019
0.249145
0.249883
0.251946
0.254388
0.25622
0.256431
0.254629
0.251541
0.247702
0.243032
0.239225
0.23199
0.234759
0.237738
0.240338
0.242243
0.24378
0.244855
0.245159
0.244918
0.244766
0.245238
0.246022
0.246432
0.245992
0.244825
0.243263
0.241134
0.238272
0.235615
0.234087
0.226711
0.228175
0.230292
0.23273
0.234818
0.236363
0.237539
0.238529
0.239289
0.239833
0.240108
0.240049
0.239607
0.238848
0.237747
0.236092
0.233897
0.231551
0.229966
0.229177
0.221794
0.22271
0.224506
0.226782
0.229085
0.231222
0.232922
0.234116
0.234971
0.235584
0.235958
0.235945
0.235465
0.234404
0.232714
0.230651
0.228472
0.226404
0.2252
0.224756
0.218192
0.218698
0.220131
0.222025
0.223859
0.225575
0.227252
0.228811
0.230075
0.230984
0.231365
0.231146
0.23037
0.229216
0.227858
0.226311
0.224554
0.222876
0.222008
0.221814
0.216315
0.216594
0.2175
0.21881
0.220205
0.221627
0.22302
0.224341
0.22558
0.226598
0.227117
0.227049
0.226571
0.225774
0.224767
0.223634
0.222456
0.221404
0.220897
0.2208
0.21461
0.214771
0.215258
0.216009
0.216987
0.218181
0.219443
0.220803
0.222111
0.223259
0.223947
0.224055
0.223721
0.223148
0.222338
0.2216
0.221015
0.220514
0.220263
0.220202
0.212157
0.212258
0.212571
0.213092
0.213696
0.214489
0.215512
0.216689
0.217976
0.219242
0.220153
0.220547
0.220568
0.22038
0.22016
0.219893
0.219592
0.219337
0.219204
0.219162
0.209037
0.209099
0.209358
0.209841
0.210472
0.21115
0.212173
0.213374
0.214746
0.216206
0.217403
0.218103
0.218397
0.218429
0.21841
0.218268
0.218073
0.217898
0.217827
0.217805
0.205555
0.205587
0.205795
0.206222
0.206764
0.207606
0.208523
0.209736
0.21123
0.212937
0.214488
0.215553
0.216201
0.216571
0.216657
0.216732
0.216662
0.216581
0.216563
0.216552
0.20179
0.201814
0.201994
0.202393
0.202973
0.203751
0.204779
0.206129
0.20784
0.209898
0.211888
0.213374
0.214368
0.214998
0.215353
0.215528
0.215573
0.215584
0.215602
0.215593
0.197617
0.197649
0.197816
0.198196
0.198783
0.199618
0.200774
0.202338
0.204376
0.206909
0.209446
0.211408
0.212778
0.213699
0.214282
0.214629
0.214818
0.214922
0.214969
0.214959
0.192901
0.192926
0.193123
0.19352
0.194162
0.19511
0.196462
0.19833
0.200817
0.203962
0.207173
0.209714
0.211522
0.212775
0.213603
0.21413
0.214451
0.214634
0.214706
0.214694
0.187522
0.187553
0.187785
0.188246
0.188986
0.190115
0.191749
0.194036
0.197115
0.201046
0.205093
0.208328
0.210684
0.212307
0.213401
0.214116
0.214565
0.21482
0.214918
0.214904
0.1813
0.181335
0.181613
0.182181
0.183104
0.184492
0.186513
0.189359
0.19321
0.198142
0.203244
0.207343
0.210308
0.212381
0.213784
0.214707
0.215291
0.215624
0.215749
0.215732
0.174026
0.17407
0.174421
0.175141
0.176311
0.17806
0.180602
0.184191
0.189041
0.195244
0.201651
0.20679
0.210516
0.213122
0.214892
0.216058
0.216796
0.217214
0.217371
0.21735
0.165418
0.165474
0.165933
0.166858
0.168358
0.17059
0.17384
0.178404
0.184539
0.192348
0.200374
0.20679
0.211435
0.214686
0.216896
0.218353
0.219275
0.219794
0.219988
0.219961
0.155083
0.155161
0.155758
0.156962
0.158909
0.161814
0.166004
0.171836
0.179629
0.189465
0.199491
0.207462
0.213222
0.217253
0.219998
0.221812
0.22296
0.22361
0.223847
0.223808
0.142481
0.142591
0.143379
0.144978
0.14755
0.151351
0.156791
0.164317
0.174255
0.18663
0.199103
0.208958
0.216063
0.221036
0.22443
0.226682
0.228104
0.228895
0.22919
0.229141
0.126825
0.12698
0.128045
0.130219
0.13368
0.13874
0.145922
0.15571
0.168395
0.18392
0.199349
0.211451
0.220164
0.226275
0.230462
0.233256
0.235033
0.236016
0.236372
0.236309
0.106926
0.107144
0.108651
0.11172
0.116519
0.123435
0.133063
0.14587
0.162073
0.181454
0.20039
0.215127
0.225742
0.233221
0.238381
0.241854
0.244086
0.245324
0.245758
0.245676
0.0809355
0.0812748
0.0835428
0.0880967
0.0950181
0.104739
0.117855
0.134727
0.155384
0.179395
0.202393
0.220153
0.232975
0.242092
0.248463
0.252813
0.255648
0.257236
0.257789
0.257678
0.0457215
0.0463499
0.0501496
0.0574745
0.067994
0.0820918
0.100205
0.122441
0.148574
0.177971
0.205529
0.226648
0.241965
0.25301
0.260891
0.266417
0.270111
0.272201
0.272912
0.272759
-0.00492653
-0.00303021
0.00476729
0.0178151
0.0346548
0.055516
0.0805172
0.109509
0.142079
0.177481
0.209946
0.234649
0.25268
0.26591
0.275626
0.282709
0.287674
0.290649
0.291673
0.291459
-0.0808088
-0.0707947
-0.0530304
-0.0298081
-0.00346108
0.0263647
0.0597512
0.0965139
0.13623
0.178199
0.216039
0.244771
0.265991
0.281945
0.294119
0.303549
0.310716
0.315476
0.317422
0.317558
-0.16127
-0.139676
-0.111346
-0.0777773
-0.0417464
-0.00287857
0.0389416
0.0836285
0.130872
0.180119
0.22435
0.258176
0.28358
0.303166
0.318637
0.331103
0.341139
0.34935
0.353107
0.35342
-0.224957
-0.200708
-0.164029
-0.122249
-0.0777145
-0.030499
0.0193052
0.0715735
0.126012
0.182103
0.232133
0.27034
0.299118
0.321433
0.339158
0.353489
0.365009
0.374019
0.377553
0.378108
-0.276023
-0.249576
-0.208354
-0.160706
-0.109683
-0.0556995
0.000994457
0.0600693
0.12107
0.183386
0.238523
0.280284
0.311456
0.335364
0.354097
0.369051
0.380993
0.389979
0.393878
0.394435
-0.317355
-0.290209
-0.245558
-0.193552
-0.137544
-0.0781463
-0.0157391
0.0491773
0.11599
0.183855
0.243388
0.288011
0.320921
0.345841
0.365122
0.380312
0.392285
0.40109
0.405209
0.405782
-0.352362
-0.32487
-0.277825
-0.222335
-0.162285
-0.0983906
-0.0311193
0.0389
0.110873
0.183762
0.247343
0.294538
0.328923
0.354615
0.374205
0.389401
0.401247
0.409863
0.414026
0.414598
-0.383042
-0.355444
-0.306584
-0.248245
-0.184781
-0.117008
-0.0455017
0.0290556
0.105754
0.183333
0.250663
0.300204
0.335912
0.362266
0.38212
0.397347
0.409115
0.417536
0.421696
0.422278
-0.410813
-0.383129
-0.332802
-0.272108
-0.205771
-0.134658
-0.0593791
0.019293
0.10032
0.182267
0.253244
0.305178
0.342275
0.369372
0.389564
0.404884
0.416593
0.424904
0.428994
0.42958
-0.436579
-0.40879
-0.357216
-0.294514
-0.225701
-0.151674
-0.0730757
0.00928096
0.0943459
0.180573
0.255268
0.309725
0.348349
0.376306
0.396927
0.412413
0.424131
0.432334
0.436319
0.43697
-0.461018
-0.433033
-0.380367
-0.315889
-0.24492
-0.168336
-0.0867795
-0.00103007
0.0878431
0.178236
0.256711
0.313885
0.354257
0.383255
0.404443
0.420189
0.431973
0.440109
0.443973
0.444636
-0.484326
-0.456107
-0.402458
-0.336566
-0.263666
-0.184804
-0.100583
-0.0117492
0.0806657
0.175103
0.257491
0.317646
0.360052
0.390329
0.41226
0.42839
0.440313
0.448415
0.452141
0.452767
-0.506886
-0.478327
-0.423849
-0.356673
-0.282064
-0.201205
-0.114619
-0.023002
0.0727161
0.171088
0.257499
0.320928
0.365705
0.39756
0.420451
0.43711
0.449269
0.45739
0.460965
0.461508
-0.528733
-0.499857
-0.444776
-0.376302
-0.30021
-0.217612
-0.128933
-0.0347954
0.0639715
0.166117
0.256607
0.323595
0.371107
0.404892
0.429017
0.446394
0.458904
0.467093
0.470554
0.470937
-0.549935
-0.520683
-0.465088
-0.395484
-0.318116
-0.233997
-0.143487
-0.047126
0.0544075
0.16011
0.25467
0.325457
0.376074
0.412187
0.43789
0.456231
0.469239
0.477547
0.480903
0.4811
-0.570562
-0.541009
-0.484781
-0.414225
-0.335773
-0.250334
-0.15825
-0.0599531
0.0440428
0.153028
0.251554
0.326292
0.380395
0.419294
0.44698
0.466558
0.48022
0.488675
0.491916
0.491928
-0.590666
-0.560713
-0.503893
-0.432521
-0.353133
-0.266584
-0.173159
-0.073211
0.0329272
0.14486
0.247147
0.325876
0.383801
0.426
0.456168
0.477322
0.491776
0.500375
0.503388
0.503237
-0.610077
-0.579742
-0.522387
-0.450328
-0.370145
-0.282663
-0.188136
-0.0868067
0.0211405
0.135643
0.241371
0.323992
0.385912
0.43191
0.465227
0.48848
0.503878
0.51251
0.515185
0.51484
-0.628765
-0.598098
-0.540246
-0.46759
-0.386744
-0.298506
-0.203083
-0.100649
0.00878269
0.12544
0.234185
0.320459
0.386351
0.436529
0.473816
0.500058
0.516709
0.524963
0.526922
0.52637
-0.646793
-0.615703
-0.55745
-0.484274
-0.402872
-0.314035
-0.217913
-0.114623
-0.00403291
0.114352
0.225606
0.31515
0.384791
0.439238
0.481304
0.511968
0.530944
0.538257
0.538239
0.537363
-0.664009
-0.632597
-0.573945
-0.500319
-0.418477
-0.32917
-0.232532
-0.128615
-0.0171707
0.102515
0.215714
0.307997
0.380966
0.439313
0.486585
0.523467
0.547493
0.555009
0.550382
0.547622
-0.68051
-0.64877
-0.589755
-0.515752
-0.43359
-0.343961
-0.246992
-0.142685
-0.030695
0.0898682
0.204409
0.298785
0.374585
0.435968
0.487926
0.532369
0.565361
0.580026
0.573165
0.555424
-0.696247
-0.664207
-0.605001
-0.530738
-0.448479
-0.358713
-0.261681
-0.157294
-0.0451367
0.075759
0.190991
0.286618
0.364778
0.427947
0.482084
0.532884
0.573782
0.590511
0.577115
0.556148
-0.711093
-0.679016
-0.619533
-0.545052
-0.462909
-0.373121
-0.276382
-0.172114
-0.060163
0.0605268
0.175707
0.271424
0.351218
0.415096
0.465147
0.514728
0.550422
0.553098
0.486663
0.44454
-0.724665
-0.694121
-0.63292
-0.558119
-0.476245
-0.38673
-0.290832
-0.186916
-0.0755304
0.0443813
0.158664
0.253223
0.333299
0.398424
0.43818
0.467585
0.487132
0.446416
0.37069
0.322046
-0.771153
-0.707025
-0.644951
-0.571209
-0.489586
-0.400674
-0.305033
-0.201892
-0.09149
0.0270365
0.139511
0.231894
0.309097
0.379028
0.394146
0.395469
0.368907
0.303459
0.216465
0.169079
-0.734278
-0.719189
-0.661923
-0.59036
-0.508873
-0.420755
-0.326396
-0.224606
-0.116088
-0.000369582
0.107798
0.195175
0.263273
0.321764
0.327353
0.204878
0.0881798
0.00684553
-0.0778912
-0.0276225
-0.761757
-0.733788
-0.676403
-0.604566
-0.52379
-0.436306
-0.342212
-0.241516
-0.134564
-0.0213031
0.0830404
0.165141
0.225521
0.253583
0.197453
0.0267088
-0.127138
-0.235935
-0.357132
-0.278803
-0.781768
-0.750916
-0.692775
-0.620625
-0.540204
-0.453147
-0.359611
-0.260178
-0.155111
-0.0448686
0.0549452
0.130368
0.18011
0.17831
0.0528739
-0.172556
-0.364415
-0.511303
-0.680689
-0.611155
-0.8006
-0.768526
-0.709566
-0.636861
-0.556573
-0.469946
-0.377298
-0.279239
-0.176244
-0.0693186
0.025376
0.0934643
0.129394
0.08778
-0.114291
-0.378877
-0.626468
-0.84884
-1.09694
-1.06383
-0.81811
-0.786057
-0.726695
-0.653542
-0.573399
-0.487276
-0.395617
-0.299044
-0.198288
-0.0948887
-0.00571552
0.0549944
0.0740269
-0.0148594
-0.277131
-0.575124
-0.875981
-1.14006
-1.49056
-1.80892
-0.835342
-0.803699
-0.744228
-0.670989
-0.590996
-0.505372
-0.414662
-0.319599
-0.221084
-0.121295
-0.0377536
0.0151914
0.0153165
-0.124657
-0.424724
-0.735629
-1.05196
-1.30616
-1.44153
-1.6826
-0.852883
-0.821636
-0.762464
-0.689371
-0.609655
-0.524645
-0.435009
-0.341616
-0.24563
-0.149866
-0.0724236
-0.0279478
-0.0489559
-0.253363
-0.559116
-0.85904
-1.1305
-1.3001
-1.33666
-1.36802
-0.871016
-0.840172
-0.781434
-0.708606
-0.629357
-0.545125
-0.456797
-0.365365
-0.272314
-0.181128
-0.110134
-0.074674
-0.126476
-0.375375
-0.682822
-0.962733
-1.17279
-1.26642
-1.29084
-1.29323
-0.88984
-0.85937
-0.800919
-0.728571
-0.6499
-0.566659
-0.479882
-0.390735
-0.30095
-0.214781
-0.150372
-0.125401
-0.208836
-0.488103
-0.797295
-1.07846
-1.22503
-1.25237
-1.2636
-1.26663
-0.909153
-0.879043
-0.820888
-0.749066
-0.671114
-0.58904
-0.504071
-0.417508
-0.331337
-0.250684
-0.193067
-0.180641
-0.29508
-0.593291
-0.894856
-1.2104
-1.30108
-1.28234
-1.27601
-1.27317
-0.928656
-0.898945
-0.841156
-0.769823
-0.692677
-0.611991
-0.52906
-0.445379
-0.363244
-0.288395
-0.238452
-0.236977
-0.388746
-0.684953
-0.953512
-1.31116
-1.43666
-1.32526
-1.27366
-1.25884
-0.947629
-0.918214
-0.861296
-0.7904
-0.714218
-0.635052
-0.554441
-0.474007
-0.396316
-0.327395
-0.286021
-0.290761
-0.491002
-0.771584
-0.910355
-1.12733
-1.25891
-1.22702
-1.21085
-1.20036
-0.965541
-0.936662
-0.880333
-0.810193
-0.735069
-0.657666
-0.579648
-0.502758
-0.429963
-0.366872
-0.334695
-0.343472
-0.611667
-0.88379
-0.830313
-0.64341
-0.91483
-1.15308
-1.26465
-1.27288
-0.981689
-0.953412
-0.897765
-0.828303
-0.754356
-0.678906
-0.603777
-0.530988
-0.463148
-0.406083
-0.383126
-0.399808
-0.762758
-1.16627
-1.21406
-0.990293
-1.16354
-1.45326
-1.61327
-1.63655
-0.994782
-0.967337
-0.912467
-0.843633
-0.770987
-0.69775
-0.625925
-0.557604
-0.494763
-0.443934
-0.426952
-0.462856
-0.968271
-1.73414
-2.57941
-2.84895
-2.92146
-2.62236
-2.37084
-2.30901
-1.00353
-0.977104
-0.92305
-0.854958
-0.783752
-0.712986
-0.644934
-0.581474
-0.52377
-0.477511
-0.463214
-0.524325
-1.12986
-2.20049
-3.72129
-4.5643
-4.57483
-4.17505
-3.61725
-3.32471
-1.00627
-0.981038
-0.928001
-0.860688
-0.791134
-0.723209
-0.659466
-0.602068
-0.55094
-0.506041
-0.488704
-0.56174
-1.05787
-1.99605
-3.1559
-3.97761
-3.99572
-3.67142
-3.26843
-3.04954
-1.00102
-0.97713
-0.9253
-0.859043
-0.791484
-0.726847
-0.668313
-0.618328
-0.576494
-0.533496
-0.49956
-0.527924
-0.704889
-1.01882
-1.19452
-1.28409
-1.15019
-0.955243
-0.791109
-0.681789
-0.985782
-0.963261
-0.912918
-0.848329
-0.783235
-0.722549
-0.670583
-0.631527
-0.606223
-0.57414
-0.514975
-0.451541
-0.340962
-0.0659738
0.324221
0.786876
1.18206
1.41629
1.52287
1.56147
-0.958559
-0.93754
-0.889227
-0.827076
-0.765155
-0.709298
-0.66563
-0.64253
-0.648072
-0.663319
-0.61144
-0.414049
-0.127109
0.377145
1.04281
1.62609
2.07631
2.34237
2.44485
2.47451
-0.91807
-0.89869
-0.853002
-0.794356
-0.73647
-0.686253
-0.652885
-0.65302
-0.715729
-0.865387
-0.931798
-0.612334
-0.145379
0.439495
1.11605
1.67059
2.07439
2.30486
2.39659
2.42192
-0.86287
-0.844852
-0.803461
-0.749593
-0.696572
-0.652316
-0.629753
-0.658684
-0.815591
-1.22693
-1.53573
-1.05485
-0.376826
0.265862
0.905
1.39226
1.72255
1.89568
1.96816
1.98718
-0.792949
-0.777015
-0.740501
-0.692239
-0.64444
-0.605059
-0.589493
-0.638484
-0.870483
-1.50875
-2.06369
-1.38539
-0.650809
0.0627211
0.644776
1.04581
1.28873
1.41235
1.46982
1.47509
-0.708055
-0.693895
-0.663165
-0.621582
-0.578635
-0.541598
-0.524259
-0.564258
-0.763475
-1.28815
-1.63184
-1.14164
-0.501401
0.0910375
0.509915
0.769979
0.92111
1.00614
1.05024
1.05806
-0.611799
-0.601649
-0.574345
-0.538159
-0.499132
-0.46186
-0.435179
-0.440484
-0.527355
-0.735968
-0.779866
-0.455247
-0.0540788
0.265505
0.468966
0.595079
0.676122
0.72807
0.755769
0.76312
-0.494289
-0.4888
-0.46962
-0.441192
-0.408271
-0.37325
-0.340062
-0.317892
-0.323457
-0.353958
-0.301927
-0.0711214
0.149058
0.314417
0.423434
0.492723
0.538822
0.570197
0.587881
0.591273
-0.380567
-0.377824
-0.364208
-0.343089
-0.317149
-0.286918
-0.253515
-0.219557
-0.188011
-0.14908
-0.0643436
0.0854344
0.211805
0.302441
0.364745
0.404971
0.431314
0.44757
0.45509
0.45649
-0.278803
-0.277156
-0.268424
-0.253104
-0.233375
-0.208987
-0.179334
-0.144095
-0.101362
-0.0431836
0.0381643
0.138484
0.21798
0.2729
0.310215
0.333953
0.348412
0.356498
0.35986
0.359852
-0.188434
-0.187949
-0.182847
-0.17301
-0.15944
-0.141349
-0.117519
-0.0864513
-0.0453549
0.0111546
0.0799931
0.149419
0.203171
0.239953
0.26403
0.278538
0.28642
0.290027
0.291092
0.290664
-0.110892
-0.111209
-0.109553
-0.105019
-0.0972035
-0.0851664
-0.0676117
-0.0427625
-0.00804799
0.0398769
0.0949962
0.145006
0.182854
0.208363
0.224393
0.233383
0.237608
0.239097
0.239295
0.238811
-0.050254
-0.0509739
-0.0517846
-0.0513627
-0.0482714
-0.0412759
-0.0291882
-0.0104048
0.0170694
0.0552196
0.0979164
0.134405
0.161565
0.179498
0.190306
0.196034
0.198399
0.198895
0.19875
0.198318
-0.00780259
-0.00860226
-0.0104263
-0.0119997
-0.0117271
-0.008438
-0.000778905
0.0126941
0.0334553
0.0627377
0.0951766
0.122038
0.141597
0.154301
0.161802
0.165537
0.166796
0.166806
0.166538
0.166172
0.0194092
0.0187226
0.0168215
0.0147374
0.0139167
0.0152697
0.0198945
0.0291411
0.0443233
0.0662771
0.0905843
0.110339
0.124511
0.133534
0.138568
0.140849
0.141395
0.141089
0.140742
0.140443
0.0356424
0.0351296
0.0335754
0.0316551
0.0305334
0.0310366
0.0340141
0.0404081
0.0512748
0.0673703
0.0853441
0.0998466
0.10992
0.116135
0.119497
0.120872
0.120965
0.120489
0.120121
0.119884
0.0447211
0.0443596
0.0432288
0.0417349
0.0406959
0.0407171
0.0425513
0.0470185
0.0548713
0.0665901
0.0796631
0.0901177
0.0972997
0.101684
0.10392
0.104667
0.104505
0.103977
0.10363
0.103446
0.0494293
0.0491758
0.0483884
0.0473023
0.0465008
0.0464086
0.0475311
0.050507
0.0560231
0.0644927
0.0740065
0.0816038
0.0867059
0.0896787
0.0910906
0.0914533
0.0911719
0.0906649
0.0903633
0.0902217
0.0514259
0.0512409
0.0506697
0.0498571
0.0492194
0.049077
0.0498152
0.0518843
0.0557556
0.0617724
0.0685781
0.0739686
0.0775164
0.0795347
0.0804258
0.0805543
0.0802316
0.0797805
0.079529
0.0794194
0.0515592
0.0514198
0.0509797
0.0503377
0.0498045
0.0496071
0.0500225
0.0513992
0.0541117
0.0583759
0.063209
0.0670283
0.0694988
0.0708499
0.0713814
0.071377
0.0710626
0.0706809
0.0704767
0.0703916
0.0503062
0.0502007
0.0498565
0.0493414
0.0488946
0.0486835
0.0489053
0.0498047
0.0516506
0.0546302
0.0580347
0.0607002
0.0623871
0.0632664
0.0635659
0.0634875
0.0631975
0.0628786
0.0627134
0.0626472
0.0480155
0.0479352
0.0476652
0.0472486
0.0468702
0.0466532
0.0467413
0.0473149
0.0485659
0.0506236
0.052981
0.0548144
0.0559495
0.0565082
0.0566559
0.0565401
0.0562818
0.0560179
0.0558852
0.0558338
0.0449642
0.0449029
0.0446941
0.0443626
0.0440492
0.0438442
0.0438498
0.0441936
0.0450182
0.0464182
0.0480341
0.0492789
0.0500268
0.050365
0.0504156
0.0502849
0.0500599
0.0498433
0.0497371
0.049697
0.0413762
0.0413289
0.0411693
0.0409101
0.0406561
0.0404727
0.0404323
0.0406268
0.0411584
0.0420913
0.0431785
0.0440052
0.044482
0.0446726
0.0446641
0.0445327
0.0443415
0.0441662
0.0440817
0.0440504
0.0374201
0.0373831
0.0372614
0.0370611
0.0368582
0.0366993
0.0366355
0.0367324
0.0370621
0.0376718
0.0383906
0.0389257
0.0392171
0.0393116
0.0392701
0.0391467
0.0389862
0.0388451
0.0387778
0.0387535
0.0332169
0.0331879
0.0330948
0.0329408
0.0327803
0.0326463
0.0325742
0.0326097
0.0328044
0.0331907
0.0336513
0.0339871
0.0341559
0.0341895
0.0341315
0.0340203
0.0338875
0.0337746
0.0337212
0.0337022
0.0288489
0.028826
0.0287544
0.028636
0.0285093
0.0283978
0.0283256
0.0283245
0.0284306
0.0286662
0.0289526
0.0291544
0.0292424
0.0292392
0.0291755
0.0290782
0.0289694
0.028879
0.0288365
0.0288217
0.0243707
0.0243528
0.0242974
0.024206
0.0241063
0.0240147
0.0239475
0.0239265
0.0239769
0.0241135
0.0242831
0.024396
0.0244327
0.0244092
0.0243468
0.0242641
0.0241762
0.0241046
0.0240711
0.0240596
0.0198188
0.0198049
0.0197622
0.0196914
0.0196133
0.0195389
0.0194797
0.0194503
0.0194668
0.0195392
0.0196335
0.0196909
0.0196986
0.0196666
0.0196099
0.0195406
0.01947
0.0194138
0.0193878
0.0193791
0.0152143
0.0152039
0.0151712
0.015117
0.0150569
0.0149986
0.0149495
0.0149191
0.014918
0.0149529
0.0150018
0.0150272
0.0150204
0.014988
0.0149391
0.0148827
0.0148263
0.014782
0.0147621
0.0147558
0.0105709
0.0105635
0.0105393
0.0104994
0.0104555
0.0104133
0.0103766
0.0103512
0.0103434
0.0103576
0.0103796
0.0103873
0.0103754
0.010348
0.0103111
0.0102696
0.0102277
0.0101943
0.0101795
0.0101751
0.00589664
0.0058918
0.00587627
0.00585119
0.00582429
0.00579868
0.0057766
0.00576075
0.00575438
0.005758
0.00576576
0.0057653
0.0057548
0.00573696
0.00571425
0.00568852
0.00566233
0.00564108
0.00563144
0.00562845
0.001197
0.0011971
0.00119774
0.00119188
0.00118341
0.00117571
0.00116886
0.00116283
0.00115779
0.00115389
0.00115093
0.00114815
0.00114434
0.0011393
0.00113325
0.00112618
0.00111823
0.00111049
0.00110781
0.00110873
-0.818815
-0.555075
-0.277054
-0.0595056
0.118128
0.262198
0.38514
0.488703
0.534232
0.518666
-0.363998
-0.19629
-0.0262348
0.119318
0.242836
0.346948
0.431836
0.492499
0.52508
0.536844
-0.0683042
0.041189
0.153604
0.254068
0.340775
0.413623
0.471537
0.514172
0.54407
0.560909
0.134651
0.209494
0.288265
0.359739
0.421851
0.474378
0.51723
0.551148
0.577295
0.594892
0.286914
0.340238
0.396966
0.449724
0.496432
0.536832
0.570995
0.599159
0.621263
0.638766
0.408232
0.447007
0.492073
0.533382
0.571046
0.604513
0.633459
0.657592
0.676136
0.693512
0.510773
0.543158
0.581596
0.617469
0.650584
0.680455
0.706417
0.727815
0.743444
0.760822
0.605734
0.63732
0.673954
0.708414
0.740014
0.768294
0.792565
0.812004
0.825356
0.842837
0.704956
0.739872
0.777882
0.813004
0.844274
0.87147
0.894231
0.911971
0.923899
0.941757
0.822225
0.861593
0.900743
0.9358
0.965818
0.99115
1.01198
1.02811
1.03976
1.05817
0.968386
1.00834
1.04443
1.07535
1.10138
1.12384
1.14318
1.15898
1.17184
1.19003
1.14393
1.17631
1.20243
1.22508
1.24541
1.26438
1.28221
1.29892
1.31479
1.33304
1.33206
1.34978
1.36552
1.38231
1.39863
1.41331
1.42645
1.44051
1.45768
1.4774
1.51398
1.52502
1.53726
1.54811
1.55741
1.56709
1.57812
1.58979
1.59979
1.61499
1.72523
1.72728
1.71212
1.6969
1.69065
1.69639
1.71502
1.74548
1.77766
1.80843
2.03111
1.89407
1.8179
1.77596
1.75851
1.76256
1.78997
1.8461
1.94957
2.16486
0.32469
0.321333
0.315452
0.305711
0.292857
0.28054
0.270346
0.262527
0.256963
0.253685
0.25317
0.255603
0.260392
0.267325
0.276492
0.287966
0.300928
0.312792
0.320166
0.324835
0.242518
0.248422
0.255432
0.260792
0.263777
0.263614
0.260907
0.257141
0.253651
0.251317
0.250978
0.252909
0.256273
0.260286
0.26389
0.265589
0.264244
0.259961
0.253904
0.246773
0.234679
0.237037
0.240519
0.243622
0.246039
0.248039
0.249175
0.249071
0.248144
0.247224
0.247192
0.248305
0.249728
0.250621
0.250314
0.248811
0.246697
0.244072
0.240696
0.237633
0.229292
0.230356
0.232431
0.235152
0.237436
0.239071
0.240337
0.241339
0.241922
0.242204
0.242502
0.242842
0.242918
0.242456
0.241556
0.240311
0.238487
0.235988
0.233505
0.231985
0.224194
0.224797
0.226174
0.228404
0.230738
0.23282
0.23443
0.235619
0.236552
0.237272
0.237741
0.237866
0.237597
0.236956
0.23586
0.234207
0.232098
0.229862
0.228033
0.22714
0.219732
0.220031
0.221127
0.223147
0.225301
0.227402
0.229404
0.231078
0.232323
0.2332
0.233769
0.233931
0.233558
0.232595
0.231081
0.229256
0.227301
0.225274
0.223678
0.223117
0.217129
0.217258
0.217977
0.219444
0.221074
0.222609
0.224031
0.225456
0.226829
0.227995
0.228738
0.228837
0.2284
0.227608
0.226642
0.225464
0.224072
0.222607
0.221516
0.221206
0.215527
0.215598
0.216014
0.216906
0.218032
0.219281
0.220716
0.222129
0.223443
0.224621
0.225489
0.225816
0.225608
0.22499
0.224068
0.223083
0.222173
0.221315
0.220726
0.220555
0.213489
0.213533
0.213766
0.214253
0.214893
0.215778
0.216757
0.217945
0.219249
0.220534
0.221569
0.222063
0.222063
0.221773
0.221389
0.220962
0.220534
0.220139
0.219867
0.219772
0.210659
0.210682
0.210849
0.211245
0.211816
0.212474
0.213359
0.214453
0.215704
0.217052
0.218292
0.219105
0.219446
0.219476
0.219339
0.219168
0.21895
0.218714
0.218555
0.218506
0.207331
0.207336
0.207459
0.207809
0.208331
0.208977
0.209865
0.210934
0.212254
0.213777
0.215293
0.216425
0.217066
0.217355
0.217487
0.217522
0.217423
0.217264
0.217176
0.217159
0.203714
0.203711
0.203809
0.204119
0.204623
0.205293
0.206152
0.207271
0.208697
0.210434
0.212308
0.213857
0.214887
0.215536
0.215896
0.216056
0.216092
0.216053
0.216038
0.21604
0.199761
0.199757
0.199849
0.200132
0.200615
0.201298
0.202233
0.203492
0.205142
0.207219
0.20956
0.211581
0.213014
0.213966
0.214572
0.214927
0.215104
0.215184
0.215232
0.215244
0.195334
0.195324
0.195429
0.195713
0.196207
0.196942
0.197993
0.199453
0.201419
0.203957
0.206884
0.2095
0.211389
0.212704
0.213577
0.214135
0.214472
0.214666
0.214767
0.214788
0.190306
0.190295
0.190409
0.190727
0.191278
0.192124
0.193361
0.195116
0.197518
0.200661
0.204335
0.207661
0.210091
0.211832
0.213008
0.213782
0.214275
0.214572
0.214721
0.214751
0.184531
0.184517
0.184659
0.185043
0.185703
0.186709
0.188212
0.190372
0.193353
0.197279
0.201898
0.206102
0.209233
0.211436
0.212953
0.213966
0.214622
0.215025
0.215222
0.21526
0.177816
0.177798
0.177979
0.178455
0.179268
0.180522
0.182398
0.185106
0.188846
0.193778
0.199586
0.204878
0.208809
0.211601
0.213524
0.214815
0.215659
0.216178
0.216431
0.216478
0.169921
0.169898
0.170132
0.170733
0.171764
0.173364
0.175755
0.179179
0.183905
0.190123
0.197421
0.204052
0.208968
0.212463
0.214871
0.216492
0.217557
0.218216
0.218535
0.218593
0.160516
0.160487
0.160797
0.161583
0.162914
0.164978
0.168042
0.172415
0.178432
0.186289
0.195446
0.203721
0.209836
0.214179
0.217173
0.219189
0.220518
0.221345
0.221743
0.221816
0.149118
0.149082
0.1495
0.150546
0.152296
0.154988
0.15897
0.164633
0.172324
0.182262
0.193725
0.204004
0.211571
0.21694
0.220642
0.223135
0.224779
0.225804
0.226292
0.226386
0.135061
0.135016
0.135602
0.137023
0.139371
0.142954
0.148214
0.155581
0.165456
0.178037
0.19234
0.205038
0.214348
0.220955
0.225518
0.228596
0.230629
0.231904
0.232524
0.232635
0.117386
0.117341
0.118194
0.120164
0.12338
0.128248
0.135282
0.144976
0.157735
0.173649
0.191402
0.20698
0.218359
0.226447
0.23206
0.235867
0.238391
0.239978
0.240756
0.240893
0.094638
0.0946193
0.0959125
0.0987397
0.103297
0.110094
0.119713
0.132641
0.149165
0.169211
0.191073
0.210004
0.223792
0.233636
0.240528
0.245252
0.248414
0.250414
0.251394
0.251567
0.0643623
0.0644253
0.0665265
0.0708931
0.0777363
0.087649
0.101138
0.118526
0.139893
0.164945
0.19156
0.214283
0.230804
0.242692
0.251133
0.257023
0.261037
0.263614
0.264871
0.265089
0.0221837
0.0225264
0.0264666
0.0340208
0.0451104
0.0601862
0.0794176
0.102828
0.130241
0.161155
0.193079
0.219939
0.239459
0.253658
0.263951
0.271335
0.276529
0.279972
0.281657
0.281925
-0.0399691
-0.038078
-0.0287918
-0.0143802
0.0046051
0.0278847
0.0551344
0.0862001
0.120752
0.1582
0.19579
0.226971
0.249638
0.266334
0.278734
0.28797
0.294763
0.29945
0.30189
0.302223
-0.114583
-0.11115
-0.0937561
-0.0682644
-0.0387364
-0.00599325
0.0299937
0.0692037
0.111398
0.156087
0.200329
0.236997
0.263997
0.284368
0.300028
0.312227
0.321858
0.328698
0.331488
0.332598
-0.19076
-0.181207
-0.15546
-0.119879
-0.0807933
-0.038899
0.00570065
0.0529784
0.102773
0.154688
0.205613
0.247764
0.278992
0.302865
0.32159
0.336554
0.348589
0.357596
0.362516
0.364406
-0.248566
-0.237873
-0.207154
-0.165041
-0.118618
-0.0691582
-0.0170186
0.0376311
0.0945086
0.153155
0.21016
0.257057
0.291664
0.318028
0.338601
0.354906
0.367885
0.37771
0.383451
0.385508
-0.295075
-0.283926
-0.249857
-0.20314
-0.151314
-0.0959917
-0.0376632
0.0233071
0.0864433
0.151146
0.21356
0.264413
0.301527
0.32945
0.350955
0.367811
0.38111
0.39116
0.396967
0.39907
-0.333341
-0.32223
-0.286152
-0.235802
-0.179741
-0.119747
-0.0563359
0.0100049
0.0786328
0.148722
0.215932
0.27024
0.309444
0.338574
0.360722
0.377841
0.391163
0.401155
0.406971
0.409009
-0.36639
-0.355386
-0.317838
-0.264706
-0.205165
-0.141214
-0.0734381
-0.00243097
0.0710715
0.146091
0.217798
0.275291
0.316338
0.346455
0.369046
0.386289
0.399557
0.409486
0.415309
0.417239
-0.395763
-0.384873
-0.346295
-0.290892
-0.228445
-0.161126
-0.0895463
-0.0143686
0.063584
0.14316
0.21904
0.279545
0.32238
0.353478
0.376545
0.393967
0.407259
0.417109
0.422939
0.424764
-0.422658
-0.411828
-0.372416
-0.315115
-0.250241
-0.180031
-0.105113
-0.026203
0.0557793
0.139608
0.2196
0.283212
0.327951
0.360136
0.383765
0.401428
0.414791
0.424621
0.430446
0.432164
-0.447884
-0.437086
-0.396934
-0.337951
-0.270969
-0.198239
-0.120402
-0.038171
0.0475487
0.135475
0.219565
0.286403
0.333218
0.366655
0.390979
0.408981
0.42247
0.432291
0.438126
0.439734
-0.471846
-0.461033
-0.420211
-0.35981
-0.290995
-0.216037
-0.135593
-0.0503303
0.0388475
0.130663
0.218823
0.289082
0.338229
0.373158
0.398361
0.416832
0.430534
0.440409
0.446203
0.447742
-0.494861
-0.483996
-0.442536
-0.380942
-0.310499
-0.233561
-0.150798
-0.0628236
0.02952
0.125036
0.217283
0.291185
0.34297
0.379675
0.405988
0.425095
0.439112
0.449085
0.454826
0.456336
-0.517172
-0.506162
-0.464055
-0.401514
-0.329579
-0.250933
-0.166131
-0.07573
0.0195157
0.118537
0.214842
0.29258
0.347348
0.386173
0.413879
0.433831
0.448311
0.458468
0.464145
0.465628
-0.538788
-0.527625
-0.485018
-0.421562
-0.348309
-0.26818
-0.18159
-0.0890331
0.00883047
0.111106
0.211373
0.293113
0.35121
0.392561
0.422001
0.443042
0.458145
0.468577
0.474223
0.475633
-0.559834
-0.54846
-0.505448
-0.441051
-0.366703
-0.285285
-0.19714
-0.102709
-0.00252142
0.102732
0.206787
0.292611
0.35434
0.398664
0.430246
0.452673
0.468583
0.479385
0.485019
0.486306
-0.580248
-0.568685
-0.525241
-0.460025
-0.384741
-0.302215
-0.212744
-0.116705
-0.0144955
0.0934195
0.201013
0.290894
0.356472
0.404182
0.438407
0.462624
0.47958
0.49083
0.496459
0.497555
-0.600069
-0.588287
-0.544374
-0.478472
-0.402383
-0.318921
-0.228335
-0.13094
-0.0270158
0.0832101
0.19401
0.28779
0.357325
0.408787
0.446251
0.472793
0.491073
0.502788
0.508301
0.509172
-0.619132
-0.607209
-0.562837
-0.496341
-0.419567
-0.335317
-0.243834
-0.145328
-0.0399875
0.0721881
0.185787
0.283173
0.356636
0.412137
0.453455
0.483082
0.50314
0.515256
0.520367
0.520894
-0.637551
-0.625417
-0.580612
-0.513607
-0.436255
-0.351361
-0.259145
-0.159776
-0.0533036
0.0604611
0.176387
0.276975
0.354143
0.41374
0.459451
0.49322
0.516039
0.528523
0.532446
0.532273
-0.655201
-0.642847
-0.597687
-0.530223
-0.452373
-0.366975
-0.27419
-0.17416
-0.0668424
0.0481282
0.165908
0.269165
0.349651
0.413067
0.463394
0.502513
0.53004
0.543954
0.545288
0.542789
-0.67212
-0.6596
-0.614017
-0.546143
-0.467887
-0.382097
-0.288891
-0.188399
-0.0804821
0.0353524
0.154492
0.259762
0.343072
0.409707
0.464195
0.509422
0.544301
0.563669
0.563877
0.552091
-0.688252
-0.675611
-0.629694
-0.561503
-0.482986
-0.396992
-0.303566
-0.202885
-0.0946771
0.0216072
0.141545
0.248106
0.33368
0.402906
0.460188
0.51108
0.555134
0.584231
0.588088
0.581784
-0.703581
-0.690808
-0.644749
-0.576252
-0.497655
-0.411656
-0.318183
-0.217621
-0.109437
0.00683491
0.126966
0.233996
0.320936
0.392149
0.449313
0.501612
0.548736
0.580687
0.56633
0.505814
-0.717914
-0.70462
-0.659161
-0.590371
-0.511985
-0.426182
-0.33276
-0.232481
-0.124676
-0.00885524
0.110785
0.217438
0.304309
0.377347
0.431589
0.473391
0.514055
0.522849
0.471877
0.400767
-0.732847
-0.71807
-0.672606
-0.603529
-0.5258
-0.440198
-0.347526
-0.247397
-0.140242
-0.0252698
0.0931052
0.198395
0.283234
0.358998
0.409774
0.449622
0.438924
0.410832
0.338686
0.260466
-0.716986
-0.697663
-0.651444
-0.580436
-0.498847
-0.410067
-0.312903
-0.210195
-0.100385
0.0172899
0.12862
0.219814
0.294597
0.368992
0.430278
0.350759
0.302802
0.238327
0.155965
0.100839
-0.735363
-0.720586
-0.687244
-0.623999
-0.547072
-0.462152
-0.369855
-0.270798
-0.165059
-0.0521664
0.0629825
0.164137
0.243133
0.31192
0.374257
0.366886
0.25407
0.160746
0.0911366
-0.00566045
-0.753188
-0.738797
-0.699338
-0.635067
-0.558073
-0.473961
-0.383062
-0.285253
-0.180926
-0.0700218
0.0425134
0.140024
0.214832
0.269979
0.288948
0.211079
0.043907
-0.068282
-0.1574
-0.262801
-0.770932
-0.759079
-0.714964
-0.649813
-0.572836
-0.488972
-0.398472
-0.301398
-0.1984
-0.0894797
0.0196019
0.111532
0.178719
0.218563
0.185762
0.0289301
-0.163318
-0.307547
-0.429212
-0.593492
-0.790004
-0.777887
-0.732127
-0.666141
-0.589151
-0.50555
-0.415521
-0.319448
-0.217974
-0.111401
-0.00629811
0.0795794
0.137718
0.158122
0.0749714
-0.155212
-0.390985
-0.585068
-0.76601
-1.00064
-0.807949
-0.796057
-0.749606
-0.682697
-0.605581
-0.522293
-0.432968
-0.33812
-0.238382
-0.134512
-0.033767
0.0458472
0.0943576
0.0894743
-0.0580699
-0.337578
-0.622094
-0.894778
-1.13103
-1.64171
-0.82514
-0.813784
-0.767372
-0.699807
-0.622698
-0.539702
-0.451123
-0.357509
-0.259602
-0.158606
-0.0623869
0.0105828
0.0492197
0.00511694
-0.205632
-0.504445
-0.819603
-1.11667
-1.37845
-1.899
-0.842443
-0.831515
-0.785389
-0.717653
-0.640661
-0.557989
-0.470165
-0.377786
-0.28178
-0.183737
-0.0921535
-0.0261362
0.00116008
-0.0835169
-0.343511
-0.64567
-0.955637
-1.22702
-1.35014
-1.39872
-0.860344
-0.84976
-0.803912
-0.736377
-0.659657
-0.577489
-0.490585
-0.399689
-0.305903
-0.211252
-0.124879
-0.0663738
-0.0525347
-0.170781
-0.473902
-0.770751
-1.03728
-1.23588
-1.29923
-1.31662
-0.878851
-0.868619
-0.823043
-0.755782
-0.679515
-0.598021
-0.512248
-0.423096
-0.331869
-0.2411
-0.160388
-0.109829
-0.110231
-0.27182
-0.590076
-0.89014
-1.12107
-1.23692
-1.26729
-1.27493
-0.898003
-0.887981
-0.842714
-0.775835
-0.700055
-0.619416
-0.534984
-0.447862
-0.359573
-0.273014
-0.198445
-0.155875
-0.175644
-0.384064
-0.692721
-1.00771
-1.22389
-1.24887
-1.26036
-1.26713
-0.917443
-0.907697
-0.862742
-0.796212
-0.721055
-0.641412
-0.55855
-0.473757
-0.388765
-0.306731
-0.239044
-0.203659
-0.252935
-0.491789
-0.777609
-1.1077
-1.37466
-1.35457
-1.29987
-1.27647
-0.936763
-0.927263
-0.882824
-0.816644
-0.742186
-0.663662
-0.582603
-0.500461
-0.419112
-0.341946
-0.281497
-0.252459
-0.331171
-0.595641
-0.834175
-1.10039
-1.39564
-1.33274
-1.26298
-1.23568
-0.955484
-0.946199
-0.902229
-0.836614
-0.762894
-0.685713
-0.606618
-0.527412
-0.450018
-0.378046
-0.324706
-0.302892
-0.411574
-0.705905
-0.85744
-0.850697
-0.970215
-1.11722
-1.19258
-1.20804
-0.972769
-0.963804
-0.920324
-0.855293
-0.782466
-0.706712
-0.629968
-0.553951
-0.48073
-0.414311
-0.367667
-0.356789
-0.496229
-0.866634
-1.01953
-0.716448
-0.719931
-1.06919
-1.34352
-1.41633
-0.987745
-0.979165
-0.936297
-0.871757
-0.799854
-0.725749
-0.651578
-0.579236
-0.510579
-0.449815
-0.408951
-0.41519
-0.58887
-1.14437
-1.68362
-1.78445
-1.82694
-1.8549
-1.90642
-1.91179
-0.999058
-0.990923
-0.948859
-0.884806
-0.813925
-0.741664
-0.67039
-0.602069
-0.538674
-0.483247
-0.448531
-0.473881
-0.688094
-1.51625
-2.63044
-3.67811
-3.95223
-3.76567
-3.26496
-2.89625
-1.00533
-0.997708
-0.956578
-0.893102
-0.823312
-0.753108
-0.685068
-0.621507
-0.564677
-0.514009
-0.48024
-0.515212
-0.758598
-1.62709
-2.95438
-4.39558
-4.72228
-4.47539
-4.01906
-3.62803
-1.00448
-0.997404
-0.95746
-0.89486
-0.826352
-0.758506
-0.694337
-0.636724
-0.586795
-0.542286
-0.505731
-0.519049
-0.672341
-1.22106
-1.88613
-2.49306
-2.72378
-2.5772
-2.30586
-2.04541
-0.994648
-0.988175
-0.949639
-0.888216
-0.821319
-0.756305
-0.696736
-0.646032
-0.606251
-0.571103
-0.529496
-0.486066
-0.454444
-0.522554
-0.430176
-0.215053
0.0627499
0.319617
0.465288
0.554331
-0.97386
-0.967889
-0.930988
-0.871359
-0.806762
-0.74518
-0.69125
-0.650447
-0.627694
-0.61484
-0.587428
-0.48561
-0.350033
-0.0220011
0.502321
1.07817
1.59319
1.95043
2.12096
2.17475
-0.940359
-0.93477
-0.899882
-0.842994
-0.781548
-0.724198
-0.67716
-0.649746
-0.656353
-0.704221
-0.762398
-0.642286
-0.295093
0.139839
0.798451
1.44197
1.95154
2.30116
2.46398
2.51418
-0.892789
-0.888279
-0.855539
-0.802263
-0.745042
-0.69265
-0.653247
-0.642293
-0.694303
-0.877116
-1.15058
-1.06188
-0.510695
0.0408079
0.719943
1.3113
1.75715
2.04597
2.17858
2.22369
-0.831099
-0.826992
-0.797153
-0.748608
-0.696708
-0.649439
-0.61688
-0.621165
-0.723641
-1.08845
-1.7591
-1.69899
-0.862715
-0.212182
0.47838
1.01459
1.38068
1.5959
1.69515
1.73629
-0.754552
-0.751018
-0.725065
-0.681688
-0.635526
-0.592685
-0.563172
-0.571446
-0.686803
-1.09848
-1.84262
-1.76655
-0.988045
-0.290827
0.319915
0.745153
1.00844
1.1553
1.23261
1.27395
-0.662747
-0.659188
-0.636689
-0.601146
-0.560769
-0.520889
-0.489548
-0.485051
-0.556498
-0.810894
-1.18955
-1.04121
-0.54112
-0.0264418
0.351654
0.59069
0.736261
0.827742
0.888682
0.922458
-0.555857
-0.552942
-0.537676
-0.508499
-0.47334
-0.436204
-0.401193
-0.377601
-0.386655
-0.461671
-0.543757
-0.360979
-0.0645725
0.201454
0.383938
0.497946
0.571087
0.619385
0.650891
0.667096
-0.436011
-0.435022
-0.425655
-0.404394
-0.377127
-0.345946
-0.312078
-0.279281
-0.254858
-0.2445
-0.20553
-0.0767028
0.113147
0.256126
0.357981
0.423583
0.466665
0.495562
0.512514
0.518283
-0.328153
-0.327945
-0.321966
-0.306723
-0.286099
-0.261004
-0.23129
-0.197412
-0.160225
-0.116652
-0.0497128
0.0576354
0.174477
0.25684
0.315284
0.353501
0.378055
0.393299
0.401541
0.404266
-0.231798
-0.232169
-0.228611
-0.218562
-0.203864
-0.185058
-0.161082
-0.131047
-0.0933238
-0.0436508
0.0241823
0.106087
0.18243
0.236131
0.272992
0.296585
0.310787
0.318628
0.322173
0.322877
-0.147352
-0.148073
-0.146668
-0.141337
-0.13246
-0.119846
-0.102201
-0.0781275
-0.0454101
-0.000689026
0.057952
0.120173
0.172902
0.210166
0.234895
0.250053
0.258342
0.262145
0.263428
0.263408
-0.077806
-0.078565
-0.0788558
-0.0778145
-0.0741772
-0.067017
-0.0551421
-0.0371795
-0.0110972
0.0256407
0.0729939
0.119999
0.157623
0.183999
0.200986
0.210831
0.21573
0.217563
0.217891
0.21765
-0.0265415
-0.0272062
-0.0283592
-0.0297829
-0.0296133
-0.0265894
-0.0194356
-0.00675705
0.0130485
0.0416502
0.0783437
0.113604
0.14088
0.159711
0.171483
0.178105
0.181138
0.181962
0.181868
0.181581
0.00769726
0.00718504
0.00585793
0.00363078
0.00232374
0.0029979
0.00685108
0.0152414
0.0296035
0.0511654
0.0790091
0.105318
0.125135
0.138668
0.146985
0.151391
0.153152
0.153381
0.153067
0.152778
0.0288097
0.0284439
0.0273088
0.02518
0.0235221
0.0233322
0.0254776
0.030983
0.0410975
0.0569067
0.0776099
0.0971497
0.111611
0.12122
0.126855
0.129672
0.130614
0.130456
0.130004
0.129731
0.0409944
0.040738
0.0398945
0.038216
0.0366976
0.0361465
0.0373345
0.0411008
0.0483041
0.0597613
0.0749157
0.0892032
0.0995436
0.106292
0.110189
0.112005
0.112414
0.112051
0.111559
0.11132
0.0475813
0.0473957
0.0468079
0.045599
0.0444274
0.0438687
0.0444529
0.0468785
0.0519325
0.06023
0.0712379
0.0816293
0.0890893
0.0938764
0.096499
0.0975835
0.097676
0.0972351
0.0967676
0.0965678
0.0507665
0.0506277
0.0502154
0.0493535
0.048479
0.0480207
0.0483675
0.0499924
0.0534614
0.05932
0.0672671
0.0747775
0.0800807
0.0833666
0.0850933
0.0857247
0.0856432
0.0851978
0.0847869
0.0846246
0.0517421
0.0516378
0.0513301
0.0506747
0.0499833
0.0495668
0.049713
0.0507915
0.0532266
0.0573801
0.0630192
0.0683467
0.0720754
0.0743447
0.0754782
0.0758144
0.0756484
0.0752411
0.0748965
0.0747662
0.0511207
0.0510429
0.0508062
0.0502895
0.0497286
0.049356
0.0493733
0.0500414
0.051678
0.0545811
0.0585718
0.0623515
0.0649566
0.0664937
0.0672074
0.0673598
0.0671626
0.0668082
0.0665258
0.0664216
0.0493007
0.0492425
0.0490597
0.0486483
0.0481879
0.0478557
0.0477988
0.048207
0.0493049
0.0512998
0.0540835
0.0567099
0.0584972
0.0595181
0.0599542
0.0599925
0.0597888
0.0594849
0.0592543
0.0591712
0.0465909
0.0465469
0.0464061
0.0460802
0.045704
0.0454117
0.0453086
0.0455308
0.0462454
0.0476022
0.0495203
0.0513273
0.0525389
0.0532025
0.0534508
0.0534206
0.0532253
0.0529688
0.0527825
0.0527167
0.0432414
0.0432077
0.0431005
0.0428473
0.0425466
0.0422983
0.0421782
0.0422836
0.0427327
0.0436335
0.0449348
0.0461586
0.0469622
0.0473775
0.0475025
0.0474349
0.0472555
0.0470409
0.0468908
0.0468388
0.0394481
0.0394219
0.0393401
0.0391453
0.0389082
0.0387018
0.0385802
0.0386125
0.0388829
0.0394695
0.040336
0.0411476
0.0416656
0.0419123
0.0419585
0.0418736
0.0417152
0.041539
0.0414192
0.041378
0.0353534
0.0353329
0.0352699
0.0351209
0.0349358
0.0347676
0.0346536
0.0346428
0.034795
0.035165
0.0357277
0.0362539
0.0365761
0.0367118
0.0367104
0.0366211
0.0364847
0.0363412
0.0362455
0.0362126
0.0310571
0.031041
0.0309921
0.030878
0.0307345
0.0305991
0.0304974
0.0304628
0.0305378
0.0307608
0.0311154
0.0314457
0.0316375
0.0317013
0.0316718
0.0315851
0.0314697
0.0313541
0.0312783
0.0312522
0.0266272
0.0266147
0.0265766
0.0264885
0.0263767
0.0262676
0.0261788
0.0261337
0.0261615
0.0262889
0.0265046
0.0267033
0.026808
0.0268269
0.0267843
0.0267047
0.0266081
0.0265146
0.0264542
0.0264337
0.0221074
0.0220977
0.0220679
0.0219999
0.0219128
0.0218256
0.0217504
0.0217031
0.0217033
0.0217688
0.0218923
0.0220042
0.0220545
0.022048
0.0220018
0.0219326
0.0218532
0.0217783
0.0217304
0.0217144
0.0175254
0.017518
0.017495
0.0174427
0.0173756
0.0173072
0.0172456
0.0172015
0.0171878
0.017216
0.0172819
0.0173408
0.0173595
0.0173409
0.0172965
0.0172375
0.0171734
0.0171144
0.0170769
0.0170644
0.0128991
0.0128936
0.0128765
0.0128375
0.0127871
0.0127353
0.0126875
0.0126504
0.0126324
0.0126409
0.0126732
0.0127006
0.0127029
0.0126816
0.0126432
0.012596
0.0125464
0.0125015
0.0124731
0.0124636
0.00823848
0.00823452
0.00822283
0.0081956
0.00816074
0.00812547
0.00809307
0.00806697
0.00805204
0.00805184
0.00806493
0.00807492
0.00807019
0.00805206
0.00802482
0.00799234
0.00795775
0.00792621
0.00790677
0.00790042
0.00119649
0.00119803
0.0011956
0.00118765
0.00117944
0.00117219
0.00116569
0.00116007
0.00115575
0.00115285
0.00115
0.00114639
0.00114188
0.00113642
0.00112984
0.00112233
0.00111407
0.00110825
0.00110863
0.00336885
-1.99488
-1.13303
-0.618322
-0.297684
-0.0552505
0.132761
0.28396
0.414135
0.544133
0.630398
-0.758856
-0.480376
-0.245033
-0.0489854
0.113241
0.248459
0.361292
0.45394
0.51256
0.525237
-0.294696
-0.139309
0.00324027
0.133022
0.244908
0.340158
0.418736
0.478587
0.518486
0.541088
-0.0173428
0.0830458
0.178778
0.268576
0.34745
0.414815
0.47015
0.513465
0.54635
0.567966
0.173557
0.243077
0.312032
0.376253
0.433631
0.483216
0.524935
0.559219
0.586825
0.60537
0.31912
0.367045
0.421416
0.469187
0.513195
0.552217
0.586003
0.614607
0.63802
0.653305
0.436265
0.474852
0.517057
0.556327
0.592763
0.625987
0.655295
0.680301
0.700499
0.713014
0.537927
0.572214
0.608749
0.644566
0.677966
0.708572
0.735601
0.758411
0.776145
0.786511
0.634502
0.6692
0.705678
0.741679
0.774675
0.804343
0.83006
0.85126
0.867045
0.876329
0.739766
0.778722
0.817581
0.854923
0.88798
0.916642
0.940752
0.960194
0.97449
0.984197
0.86857
0.911911
0.951574
0.987733
1.0186
1.0447
1.06665
1.08454
1.09826
1.1097
1.03109
1.07304
1.10706
1.13644
1.16121
1.18303
1.20287
1.22048
1.23564
1.24949
1.2223
1.25195
1.27382
1.2932
1.31168
1.32922
1.34551
1.36134
1.37815
1.39547
1.41934
1.43006
1.44247
1.45714
1.47179
1.48479
1.49619
1.50713
1.51994
1.53555
1.60662
1.61625
1.62591
1.62793
1.62846
1.63276
1.64373
1.66017
1.67757
1.6823
1.9114
1.85257
1.80086
1.76082
1.73855
1.73456
1.74808
1.78182
1.83784
1.91719
0.459473
0.402381
0.360029
0.326552
0.302301
0.284989
0.272615
0.26377
0.257698
0.254188
0.253625
0.256193
0.261328
0.268978
0.279634
0.294396
0.315012
0.343638
0.381998
0.430037
0.263734
0.272808
0.279031
0.279741
0.275885
0.269633
0.263178
0.25774
0.253901
0.252153
0.253062
0.256345
0.261325
0.267585
0.274306
0.279797
0.281673
0.278212
0.269743
0.262524
0.239081
0.2412
0.245905
0.2498
0.252966
0.254883
0.254836
0.253237
0.251116
0.249481
0.249284
0.250822
0.253182
0.255442
0.256567
0.255739
0.253172
0.249724
0.245445
0.240919
0.232604
0.233521
0.236214
0.23914
0.241361
0.243053
0.244408
0.245112
0.245071
0.244785
0.24492
0.245636
0.24631
0.246319
0.245467
0.244086
0.242289
0.239767
0.236839
0.234703
0.227029
0.2275
0.229122
0.231542
0.233846
0.235659
0.236984
0.23806
0.238942
0.239589
0.240006
0.240122
0.239873
0.239259
0.238349
0.236991
0.235035
0.232688
0.230627
0.229499
0.221971
0.222237
0.223481
0.225634
0.227946
0.230196
0.232146
0.233578
0.234582
0.235305
0.235805
0.236006
0.235762
0.235012
0.233622
0.231702
0.22956
0.227391
0.225659
0.224937
0.218264
0.218385
0.219293
0.221065
0.222967
0.224732
0.226422
0.228064
0.229493
0.230581
0.231247
0.231322
0.230817
0.229821
0.228553
0.227108
0.225447
0.223673
0.222307
0.221889
0.216346
0.216408
0.216962
0.218129
0.219505
0.220915
0.222338
0.223693
0.224977
0.226132
0.22693
0.227144
0.226851
0.226202
0.225284
0.224209
0.22305
0.221892
0.221067
0.220835
0.214627
0.214666
0.21497
0.215612
0.216449
0.217591
0.218786
0.220125
0.221474
0.222718
0.223671
0.224065
0.223927
0.223453
0.22278
0.221924
0.221309
0.220743
0.22035
0.220225
0.212168
0.212192
0.212385
0.212808
0.213397
0.21404
0.214981
0.216082
0.217328
0.218626
0.219753
0.220405
0.220592
0.22049
0.220252
0.220047
0.219741
0.219453
0.219252
0.219181
0.20904
0.209053
0.209197
0.209577
0.210139
0.2108
0.211639
0.212752
0.214044
0.215478
0.216849
0.217812
0.218289
0.218439
0.218429
0.218342
0.218179
0.217974
0.217849
0.217817
0.205552
0.205555
0.205662
0.205986
0.206488
0.207148
0.208027
0.209096
0.210452
0.212069
0.21375
0.215081
0.215917
0.216419
0.216629
0.216703
0.216707
0.216615
0.216566
0.21656
0.201782
0.201791
0.201876
0.20217
0.202662
0.203334
0.204228
0.205411
0.20694
0.208831
0.210927
0.212703
0.213928
0.214718
0.215208
0.215461
0.215558
0.215577
0.215594
0.215602
0.197605
0.197611
0.197709
0.197981
0.198462
0.199165
0.200151
0.201501
0.203295
0.205588
0.208203
0.210503
0.212165
0.213289
0.214025
0.21448
0.214738
0.214877
0.214953
0.21497
0.192886
0.192891
0.193002
0.19329
0.193808
0.194592
0.195729
0.197325
0.199493
0.202313
0.205592
0.208552
0.210677
0.212211
0.213234
0.213897
0.214311
0.214556
0.214682
0.214708
0.187503
0.18751
0.18764
0.187987
0.188574
0.189496
0.19086
0.192802
0.195471
0.19898
0.203099
0.206831
0.209625
0.211571
0.21291
0.213797
0.214367
0.214714
0.214886
0.214921
0.181275
0.181282
0.18144
0.181858
0.182592
0.18373
0.185412
0.187821
0.191152
0.195547
0.200726
0.205446
0.208954
0.211442
0.213153
0.214295
0.215034
0.215485
0.215708
0.215753
0.173995
0.174004
0.174203
0.174731
0.175663
0.177102
0.179215
0.182251
0.18645
0.191982
0.198489
0.204414
0.208813
0.21194
0.214095
0.215537
0.216471
0.21704
0.217319
0.217377
0.165377
0.165388
0.165648
0.166332
0.167527
0.169367
0.172068
0.175942
0.181265
0.188247
0.196418
0.203826
0.209311
0.213211
0.215901
0.217703
0.21887
0.219579
0.219924
0.219994
0.155031
0.155047
0.155388
0.156277
0.157831
0.160221
0.163727
0.168694
0.175478
0.184311
0.194558
0.203783
0.210589
0.215424
0.218761
0.221002
0.222456
0.223339
0.223772
0.223851
0.142415
0.142439
0.142891
0.144067
0.146129
0.149273
0.153838
0.16027
0.16898
0.180166
0.19298
0.204415
0.212816
0.218779
0.2229
0.225676
0.22748
0.228568
0.229094
0.229196
0.126739
0.126774
0.127385
0.12898
0.131777
0.135979
0.142033
0.150471
0.161692
0.175845
0.191796
0.205877
0.216181
0.223499
0.228571
0.232005
0.234254
0.235612
0.236257
0.236378
0.106807
0.106857
0.107715
0.109975
0.113892
0.119674
0.12788
0.139055
0.153562
0.171428
0.191149
0.208345
0.220886
0.229819
0.236047
0.240296
0.243104
0.244817
0.24562
0.245763
0.0807655
0.0808436
0.0821351
0.085524
0.0912532
0.0994891
0.11085
0.125823
0.144619
0.167053
0.19121
0.211983
0.227099
0.237932
0.24557
0.250853
0.254398
0.256583
0.257616
0.25779
0.0454612
0.0456106
0.0478063
0.0533945
0.0623332
0.0745669
0.0906462
0.110836
0.135083
0.162969
0.192179
0.216934
0.234928
0.247946
0.25729
0.263908
0.268472
0.271343
0.272694
0.272908
-0.00532944
-0.0048129
0.000141908
0.0107677
0.0257685
0.044589
0.0675308
0.0945721
0.125433
0.159548
0.194277
0.223287
0.24437
0.259808
0.271147
0.279457
0.285441
0.289414
0.29136
0.291668
-0.079887
-0.0766641
-0.0628211
-0.0418035
-0.0170104
0.0110483
0.0426749
0.0777966
0.116115
0.157078
0.197817
0.231529
0.256163
0.274526
0.288437
0.299135
0.307419
0.313423
0.316765
0.317636
-0.158641
-0.151023
-0.126458
-0.0948425
-0.0600328
-0.0226095
0.0177384
0.0610249
0.107055
0.155395
0.203041
0.242537
0.271751
0.293989
0.311346
0.325206
0.336415
0.345508
0.351957
0.35333
-0.222677
-0.214858
-0.183437
-0.143421
-0.100246
-0.0543447
-0.00581798
0.0452486
0.0986623
0.154013
0.208055
0.25267
0.285701
0.310961
0.330795
0.34671
0.359593
0.369866
0.376478
0.377962
-0.273669
-0.265199
-0.230095
-0.184894
-0.135496
-0.0829427
-0.0275611
0.0303807
0.090493
0.152247
0.212042
0.261012
0.296959
0.324179
0.345289
0.361995
0.375404
0.385881
0.392612
0.394319
-0.315091
-0.306457
-0.269261
-0.22002
-0.165897
-0.108135
-0.0471657
0.016575
0.0825374
0.150009
0.214869
0.267477
0.305665
0.33422
0.356086
0.373166
0.386695
0.397117
0.403806
0.405684
-0.350145
-0.341458
-0.302932
-0.250639
-0.192706
-0.130674
-0.0650078
0.00373701
0.0748557
0.147449
0.216947
0.272885
0.313035
0.342676
0.365059
0.38228
0.395722
0.405988
0.41258
0.414519
-0.380895
-0.372218
-0.332779
-0.278079
-0.216967
-0.151276
-0.0815424
-0.00839972
0.0673699
0.144712
0.218536
0.277533
0.319463
0.350058
0.372879
0.390231
0.40362
0.413765
0.420227
0.422216
-0.408716
-0.400036
-0.359914
-0.303189
-0.239452
-0.170646
-0.0973476
-0.0202491
0.0597668
0.14148
0.219408
0.281459
0.325229
0.356856
0.380192
0.397742
0.411149
0.421191
0.427526
0.429536
-0.434503
-0.425816
-0.385099
-0.32665
-0.260672
-0.18917
-0.112748
-0.0321415
0.0517389
0.137638
0.219676
0.28489
0.330641
0.363425
0.387382
0.405213
0.418697
0.42871
0.434866
0.436899
-0.458921
-0.450184
-0.408922
-0.348942
-0.28102
-0.20715
-0.127982
-0.0441975
0.0432883
0.133189
0.21931
0.28783
0.335778
0.369924
0.39466
0.412889
0.426525
0.436536
0.442555
0.444577
-0.482231
-0.473428
-0.431662
-0.370429
-0.300776
-0.2248
-0.143164
-0.0565067
0.0342861
0.127972
0.218184
0.290228
0.340661
0.376438
0.40216
0.420933
0.43482
0.444878
0.450781
0.452735
-0.504751
-0.495836
-0.453561
-0.391269
-0.320061
-0.242241
-0.158427
-0.0692075
0.0246175
0.121914
0.216201
0.291994
0.345236
0.382969
0.409934
0.429432
0.443689
0.453864
0.45969
0.4615
-0.526546
-0.51754
-0.474689
-0.411581
-0.338964
-0.259555
-0.173832
-0.0823175
0.0142746
0.114955
0.213254
0.292982
0.349376
0.38943
0.417958
0.43841
0.453187
0.463558
0.46936
0.470985
-0.54774
-0.538574
-0.495428
-0.431346
-0.357529
-0.276738
-0.189343
-0.0958129
0.00325213
0.10705
0.209238
0.293021
0.352887
0.395661
0.426129
0.447828
0.463323
0.473992
0.479779
0.481219
-0.568355
-0.558994
-0.515508
-0.450583
-0.375752
-0.29376
-0.204926
-0.109657
-0.00842761
0.098197
0.20406
0.291925
0.355544
0.401472
0.434329
0.457618
0.474043
0.485103
0.490858
0.492141
-0.588335
-0.578889
-0.534953
-0.469304
-0.393603
-0.310586
-0.220539
-0.123789
-0.0206883
0.0884314
0.197675
0.289526
0.357083
0.406616
0.442388
0.467703
0.485287
0.496801
0.502455
0.503513
-0.607682
-0.598081
-0.553738
-0.487471
-0.411025
-0.327154
-0.236091
-0.138117
-0.033445
0.0778036
0.190059
0.285684
0.357206
0.410688
0.449982
0.477957
0.497048
0.509004
0.514424
0.515188
-0.626322
-0.616616
-0.571843
-0.505046
-0.427966
-0.343385
-0.251508
-0.152546
-0.0466043
0.0664131
0.181231
0.280283
0.355637
0.413216
0.45666
0.488215
0.509485
0.521779
0.526482
0.526763
-0.644266
-0.634437
-0.589264
-0.521995
-0.444379
-0.359215
-0.2667
-0.166974
-0.0600502
0.054363
0.171281
0.273274
0.352159
0.413722
0.461741
0.498058
0.522933
0.53587
0.538679
0.537733
-0.661455
-0.651479
-0.605971
-0.538271
-0.460204
-0.374592
-0.28159
-0.181305
-0.0736592
0.0417874
0.160309
0.264662
0.346634
0.41174
0.464256
0.506426
0.53732
0.553299
0.553477
0.548392
-0.677899
-0.66783
-0.621954
-0.553881
-0.475466
-0.38954
-0.296202
-0.195573
-0.087462
0.0286577
0.148268
0.25428
0.338812
0.406817
0.46294
0.511238
0.550785
0.57527
0.578795
0.562516
-0.693643
-0.683446
-0.637328
-0.568967
-0.490373
-0.404349
-0.310887
-0.21022
-0.101989
0.0143446
0.134462
0.241367
0.327765
0.398048
0.455658
0.508102
0.555702
0.584469
0.591999
0.549814
-0.708948
-0.698028
-0.652085
-0.583399
-0.504822
-0.418914
-0.325457
-0.225021
-0.116985
-0.000883214
0.119088
0.226037
0.313162
0.385275
0.441198
0.490069
0.535157
0.561864
0.524055
0.455384
-0.724893
-0.710823
-0.66611
-0.597216
-0.519093
-0.433394
-0.340137
-0.239957
-0.132444
-0.0170037
0.102102
0.208216
0.294344
0.368493
0.421131
0.450034
0.48232
0.47367
0.409726
0.335112
-0.741134
-0.743109
-0.680843
-0.608242
-0.530812
-0.445376
-0.354458
-0.254416
-0.147666
-0.0332498
0.0841934
0.188331
0.271483
0.349736
0.38912
0.368725
0.388274
0.338938
0.261343
0.178866
-0.715213
-0.712937
-0.657761
-0.586652
-0.505082
-0.416611
-0.321545
-0.219262
-0.110091
0.00662334
0.11651
0.206036
0.27745
0.348126
0.385898
0.283324
0.197242
0.127819
0.0461697
-0.129344
-0.751007
-0.726223
-0.668675
-0.596925
-0.515794
-0.42801
-0.333808
-0.232541
-0.124749
-0.0101773
0.0961464
0.18103
0.245465
0.288764
0.262013
0.119681
-0.0178285
-0.112485
-0.211937
-0.411535
-0.772055
-0.742311
-0.684533
-0.612557
-0.532002
-0.444759
-0.350885
-0.250808
-0.144771
-0.0329806
0.0691956
0.148103
0.203388
0.217191
0.130644
-0.0718041
-0.242013
-0.36619
-0.507062
-0.788262
-0.791679
-0.759894
-0.701163
-0.628733
-0.548383
-0.461532
-0.368405
-0.269646
-0.165597
-0.0569896
0.0403219
0.112096
0.155395
0.135202
-0.0305119
-0.275532
-0.494075
-0.671606
-0.87964
-1.3344
-0.809763
-0.777464
-0.718107
-0.645112
-0.564898
-0.478511
-0.386358
-0.289031
-0.187138
-0.081957
0.0100181
0.0744308
0.101969
0.037436
-0.196672
-0.479306
-0.759865
-1.01199
-1.32434
-2.1829
-0.827011
-0.79504
-0.73544
-0.662174
-0.582105
-0.496234
-0.405057
-0.309247
-0.209612
-0.108024
-0.0216719
0.0351662
0.0448524
-0.0678169
-0.353603
-0.660186
-0.973233
-1.24841
-1.5388
-2.55721
-0.844395
-0.812798
-0.753272
-0.680069
-0.60019
-0.51485
-0.424659
-0.330394
-0.233092
-0.13525
-0.0547007
-0.00605069
-0.0153277
-0.188334
-0.493602
-0.801395
-1.10158
-1.31224
-1.36584
-1.43596
-0.862268
-0.831009
-0.77191
-0.698899
-0.61939
-0.534748
-0.445735
-0.353284
-0.258723
-0.165193
-0.090965
-0.0510957
-0.0869223
-0.316021
-0.622348
-0.910798
-1.14997
-1.28632
-1.31163
-1.31971
-0.880822
-0.849909
-0.791191
-0.718517
-0.639541
-0.555779
-0.468192
-0.37787
-0.286407
-0.197686
-0.129969
-0.0997603
-0.166751
-0.432369
-0.74147
-1.01687
-1.19778
-1.25251
-1.27284
-1.27529
-0.899986
-0.869393
-0.810931
-0.738766
-0.660446
-0.577768
-0.491862
-0.403978
-0.315946
-0.232489
-0.171426
-0.152962
-0.251354
-0.542185
-0.849548
-1.13989
-1.25369
-1.25332
-1.26512
-1.26702
-0.919503
-0.889273
-0.831106
-0.759444
-0.681885
-0.600475
-0.516498
-0.431335
-0.347132
-0.269376
-0.21548
-0.209464
-0.340492
-0.640385
-0.93184
-1.27254
-1.38104
-1.31488
-1.28374
-1.2733
-0.938803
-0.908999
-0.85141
-0.780181
-0.703485
-0.62355
-0.541745
-0.459643
-0.379671
-0.307806
-0.262055
-0.264493
-0.438193
-0.728132
-0.949618
-1.26699
-1.41603
-1.29172
-1.24487
-1.23063
-0.957461
-0.928076
-0.871067
-0.800476
-0.724789
-0.646479
-0.567143
-0.488436
-0.413136
-0.347144
-0.310205
-0.317603
-0.547547
-0.819506
-0.851573
-0.909899
-1.05356
-1.16307
-1.2058
-1.20523
-0.974691
-0.945966
-0.889401
-0.819549
-0.74499
-0.668529
-0.59193
-0.516991
-0.446701
-0.386591
-0.359029
-0.371719
-0.682401
-0.989213
-0.9093
-0.594077
-0.881057
-1.2278
-1.40157
-1.4163
-0.989593
-0.961691
-0.905584
-0.836403
-0.763092
-0.688723
-0.615176
-0.544598
-0.479254
-0.42534
-0.406115
-0.432006
-0.855825
-1.43173
-1.83176
-1.7838
-1.84319
-1.89134
-1.90602
-1.92087
-1.00085
-0.973944
-0.918356
-0.849888
-0.777964
-0.705922
-0.635923
-0.569924
-0.509644
-0.461445
-0.445096
-0.491641
-1.07333
-2.01253
-3.26113
-3.87023
-3.92527
-3.53253
-3.04341
-2.86391
-1.00704
-0.981325
-0.926307
-0.858619
-0.788249
-0.718846
-0.652873
-0.592379
-0.537717
-0.492375
-0.478865
-0.553869
-1.12819
-2.2251
-3.75146
-4.67448
-4.64453
-4.25953
-3.789
-3.54889
-1.00618
-0.981678
-0.927695
-0.860886
-0.79233
-0.725971
-0.664683
-0.610635
-0.56344
-0.519226
-0.494381
-0.552638
-0.906267
-1.55733
-2.20472
-2.67783
-2.67779
-2.4464
-2.16831
-1.98123
-0.996322
-0.973206
-0.920446
-0.854982
-0.788551
-0.725786
-0.670323
-0.625375
-0.590493
-0.550591
-0.505635
-0.490618
-0.505641
-0.49198
-0.338067
-0.081795
0.202806
0.404184
0.514744
0.582935
-0.975275
-0.95369
-0.902652
-0.839176
-0.775507
-0.717131
-0.66907
-0.637072
-0.624882
-0.608787
-0.542342
-0.41033
-0.211668
0.21846
0.786881
1.35022
1.79578
2.05821
2.15586
2.18481
-0.941524
-0.921435
-0.872854
-0.812287
-0.752205
-0.699069
-0.660345
-0.647904
-0.67769
-0.746065
-0.740214
-0.483265
-0.107596
0.447688
1.13561
1.71371
2.15062
2.40338
2.49826
2.52123
-0.893719
-0.8758
-0.830237
-0.773593
-0.71799
-0.670778
-0.642917
-0.657249
-0.763011
-1.02742
-1.19313
-0.809161
-0.238904
0.37006
1.03252
1.55382
1.92357
2.12841
2.20846
2.22997
-0.831927
-0.815564
-0.774105
-0.722533
-0.672153
-0.63057
-0.612389
-0.653897
-0.859667
-1.4103
-1.89437
-1.28384
-0.536829
0.149077
0.76597
1.21693
1.50712
1.65606
1.72173
1.74084
-0.755368
-0.741569
-0.704197
-0.658634
-0.613355
-0.575476
-0.560203
-0.608957
-0.833601
-1.46654
-1.95892
-1.37169
-0.651135
0.0388145
0.556193
0.893721
1.09352
1.20048
1.25601
1.2809
-0.663806
-0.650458
-0.619949
-0.581271
-0.540482
-0.503532
-0.482158
-0.506624
-0.653695
-1.02026
-1.20088
-0.803522
-0.273767
0.182899
0.486459
0.672534
0.786603
0.86151
0.909361
0.927398
-0.555031
-0.547435
-0.52416
-0.491446
-0.454901
-0.418144
-0.387178
-0.376292
-0.41508
-0.514465
-0.491437
-0.217276
0.077556
0.303344
0.447798
0.538402
0.597706
0.636933
0.661132
0.669146
-0.435912
-0.431967
-0.415951
-0.391239
-0.362041
-0.329242
-0.295285
-0.265575
-0.248338
-0.23486
-0.160983
0.0248494
0.190472
0.311999
0.394384
0.447302
0.48258
0.505632
0.516599
0.518618
-0.328242
-0.326138
-0.315151
-0.296991
-0.274159
-0.246754
-0.214863
-0.179292
-0.139833
-0.0872901
-0.00225345
0.120207
0.219293
0.288744
0.336436
0.36717
0.386674
0.398215
0.40351
0.404078
-0.2322
-0.231138
-0.22427
-0.211708
-0.195053
-0.173797
-0.146913
-0.113333
-0.0704482
-0.0116251
0.0639599
0.146898
0.21179
0.256381
0.286172
0.304662
0.315366
0.32085
0.322807
0.322513
-0.14783
-0.147799
-0.144466
-0.137301
-0.126707
-0.111737
-0.0910892
-0.0630328
-0.0248563
0.0277246
0.0896179
0.14836
0.193337
0.223893
0.243493
0.254917
0.260679
0.263013
0.263542
0.26306
-0.0782363
-0.0788008
-0.0785674
-0.0763649
-0.0711102
-0.0617315
-0.0470292
-0.025309
0.00577424
0.0488017
0.0974873
0.140147
0.172146
0.193532
0.206666
0.213788
0.216933
0.217839
0.217824
0.217361
-0.0268855
-0.0276791
-0.0291499
-0.0299649
-0.028532
-0.0235933
-0.0138692
0.00215529
0.0261575
0.0596765
0.096945
0.128257
0.151315
0.166362
0.175342
0.179993
0.181748
0.181963
0.181746
0.181346
0.0074482
0.00668992
0.00474524
0.00279221
0.00235619
0.00446315
0.0104056
0.0216045
0.0394234
0.0648634
0.0929997
0.116009
0.132649
0.143405
0.149604
0.152537
0.153399
0.153237
0.152923
0.152591
0.0286376
0.0280374
0.0262831
0.0242258
0.0231997
0.0240682
0.0277495
0.035398
0.0482488
0.0670814
0.0880199
0.104997
0.11699
0.12447
0.128556
0.130335
0.130628
0.130218
0.129853
0.129586
0.0408745
0.0404422
0.0391035
0.0373856
0.0362661
0.0364793
0.0388529
0.0442294
0.0534633
0.0671983
0.0825482
0.0948529
0.10333
0.108552
0.11132
0.11235
0.112293
0.11178
0.111418
0.111209
0.0474931
0.047191
0.0462467
0.0449699
0.0440507
0.0439846
0.0453942
0.0490393
0.0556547
0.06564
0.0767907
0.0857156
0.0917953
0.095424
0.0972006
0.0977292
0.0974949
0.0969708
0.0966453
0.0964843
0.0506992
0.050484
0.0498199
0.0488888
0.0481819
0.0480715
0.0489918
0.0514652
0.0560681
0.0632144
0.0712873
0.0777009
0.0819541
0.0843976
0.0855239
0.085755
0.0854442
0.0849618
0.0846853
0.0845611
0.0516912
0.051531
0.0510318
0.0503121
0.0497291
0.0495524
0.0501144
0.0518174
0.0550743
0.0601427
0.0658737
0.0704106
0.0733753
0.0750354
0.0757288
0.0757807
0.0754581
0.0750412
0.074814
0.0747174
0.0510826
0.0509615
0.0505727
0.0499982
0.0495106
0.0493043
0.0496108
0.0507209
0.0529602
0.0565325
0.0606006
0.0638003
0.0658467
0.0669386
0.0673416
0.0672952
0.0669923
0.0666433
0.0664594
0.066384
0.0492723
0.0491804
0.0488753
0.0484115
0.0479999
0.0477843
0.0479337
0.0486586
0.0501815
0.0526605
0.0554957
0.0577085
0.0590948
0.0597987
0.0600143
0.0599138
0.0596397
0.0593494
0.059201
0.0591424
0.0465695
0.0464994
0.0462613
0.0458885
0.0455432
0.0453305
0.0453713
0.045818
0.046837
0.0485385
0.050494
0.0520084
0.0529333
0.0533709
0.053464
0.0533385
0.0530974
0.0528587
0.0527401
0.0526946
0.0432252
0.0431714
0.0429888
0.0426954
0.0424129
0.042218
0.0421972
0.0424584
0.0431225
0.0442678
0.0455968
0.0466142
0.0472138
0.0474709
0.0474882
0.0473555
0.047147
0.0469518
0.0468571
0.0468219
0.0394357
0.039394
0.0392547
0.0390266
0.038799
0.0386274
0.0385731
0.0387131
0.0391341
0.0398908
0.0407768
0.0414446
0.0418195
0.0419567
0.0419292
0.041801
0.0416252
0.0414676
0.0413924
0.0413649
0.0353438
0.0353112
0.0352048
0.0350289
0.0348481
0.0347018
0.0346324
0.0346952
0.0349506
0.035438
0.0360157
0.0364412
0.0366649
0.0367257
0.0366744
0.036557
0.0364107
0.0362841
0.0362241
0.0362026
0.0310497
0.0310239
0.0309423
0.0308072
0.0306647
0.0305426
0.0304697
0.0304842
0.0306293
0.0309327
0.0312974
0.0315598
0.0316838
0.0316963
0.0316341
0.0315297
0.0314097
0.0313088
0.0312612
0.0312444
0.0266215
0.0266013
0.0265381
0.0264336
0.0263211
0.0262197
0.0261494
0.0261368
0.026212
0.0263928
0.0266155
0.0267679
0.0268271
0.026812
0.0267481
0.0266577
0.0265593
0.0264784
0.0264407
0.0264278
0.022103
0.0220872
0.0220381
0.0219574
0.0218687
0.0217857
0.0217224
0.0216961
0.0217272
0.0218282
0.0219556
0.0220375
0.0220576
0.022029
0.0219694
0.0218936
0.0218139
0.0217496
0.0217198
0.0217099
0.0175221
0.0175098
0.017472
0.01741
0.0173412
0.0172751
0.0172208
0.0171901
0.0171963
0.0172474
0.0173162
0.0173555
0.0173544
0.0173214
0.0172683
0.0172056
0.0171423
0.0170919
0.0170686
0.0170611
0.0128967
0.0128875
0.0128594
0.012813
0.0127611
0.0127107
0.0126672
0.0126386
0.0126331
0.0126561
0.01269
0.0127051
0.012695
0.0126641
0.0126204
0.0125712
0.0125227
0.0124845
0.0124668
0.0124611
0.00823664
0.00823043
0.00821092
0.00817856
0.00814301
0.00810879
0.00807903
0.00805784
0.00804997
0.00805799
0.00807173
0.00807451
0.00806264
0.00803937
0.00800914
0.00797515
0.00794108
0.00791446
0.00790258
0.00789859
0.00354805
0.00354611
0.00354138
0.00352726
0.0035097
0.00349293
0.00347767
0.00346517
0.00345718
0.00345502
0.00345748
0.0034588
0.0034536
0.00344366
0.0034306
0.00341504
0.00339771
0.00338082
0.00337101
0.00336763
-1.46639
-0.833383
-0.445879
-0.170631
0.0433163
0.210937
0.351733
0.476601
0.60489
0.586649
-0.57532
-0.357978
-0.141757
0.0359445
0.18405
0.30732
0.410517
0.48893
0.524
0.529646
-0.201435
-0.0672789
0.0704541
0.191139
0.29457
0.381606
0.451191
0.500794
0.532203
0.548174
0.042023
0.131313
0.224958
0.309456
0.382605
0.444011
0.493251
0.531072
0.559169
0.576933
0.215944
0.278603
0.344829
0.405918
0.459412
0.50504
0.542959
0.573831
0.597877
0.615736
0.350987
0.396193
0.445651
0.491795
0.533362
0.569759
0.60095
0.626984
0.647204
0.664845
0.461058
0.496145
0.537072
0.57491
0.60983
0.641158
0.668365
0.691051
0.708063
0.725602
0.558613
0.590131
0.626948
0.661581
0.693667
0.722572
0.747579
0.767983
0.7824
0.799917
0.653985
0.687034
0.724012
0.758564
0.789964
0.817726
0.841267
0.859892
0.872453
0.890172
0.76058
0.79796
0.836727
0.871998
0.90287
0.929278
0.951079
0.967989
0.979659
0.997907
0.891348
0.931972
0.970293
1.00381
1.03219
1.05617
1.07612
1.09185
1.10394
1.12244
1.05328
1.09059
1.12242
1.14929
1.17241
1.19319
1.21199
1.22831
1.24256
1.26061
1.23798
1.26353
1.28366
1.30255
1.32059
1.33753
1.3534
1.36956
1.38688
1.40602
1.42417
1.43601
1.44962
1.46464
1.47851
1.49067
1.5016
1.51315
1.52754
1.54615
1.60775
1.62232
1.6275
1.62802
1.62988
1.63736
1.65139
1.66943
1.68209
1.69562
1.88034
1.82602
1.77881
1.74735
1.73439
1.739
1.76225
1.80701
1.8744
1.96991
0.323219
0.318569
0.31123
0.299418
0.286535
0.275177
0.26618
0.259492
0.255041
0.253058
0.254035
0.257706
0.26356
0.271584
0.281919
0.294331
0.30725
0.317033
0.322942
0.326309
0.245034
0.252187
0.258286
0.262629
0.264062
0.262489
0.259066
0.255312
0.252306
0.250852
0.251699
0.254448
0.258242
0.262225
0.265084
0.265352
0.262439
0.25713
0.250153
0.244257
0.235676
0.238759
0.242184
0.244881
0.247097
0.248745
0.24926
0.248659
0.247634
0.247046
0.247648
0.249028
0.250298
0.250649
0.249687
0.247809
0.245477
0.242434
0.238989
0.236635
0.229715
0.231253
0.23379
0.236374
0.238316
0.23973
0.240876
0.241683
0.242076
0.242341
0.242684
0.24294
0.24276
0.242052
0.240991
0.239495
0.237312
0.23466
0.232622
0.231559
0.224439
0.225348
0.227237
0.229572
0.231824
0.233682
0.235062
0.236109
0.236937
0.237545
0.237854
0.23778
0.237328
0.236479
0.235108
0.233198
0.230985
0.228834
0.227496
0.226892
0.219848
0.220426
0.222087
0.224225
0.22635
0.228423
0.230288
0.231747
0.232795
0.233529
0.233914
0.233823
0.233155
0.231902
0.230195
0.228303
0.226283
0.224353
0.223298
0.222998
0.217174
0.217499
0.218663
0.220265
0.221854
0.223322
0.224738
0.226154
0.227444
0.228442
0.228872
0.228677
0.228039
0.227148
0.226088
0.224789
0.22333
0.221965
0.221288
0.221157
0.215549
0.215739
0.216418
0.21745
0.21863
0.219993
0.221424
0.222798
0.224051
0.225119
0.225729
0.225772
0.22535
0.224558
0.223569
0.222624
0.221727
0.220967
0.220603
0.220528
0.213503
0.213614
0.213982
0.214567
0.215316
0.216236
0.217334
0.218588
0.2199
0.221112
0.221895
0.222114
0.221944
0.221577
0.22118
0.22075
0.220325
0.219982
0.219803
0.219751
0.210665
0.210738
0.21102
0.211512
0.212137
0.212869
0.213884
0.215059
0.21637
0.217719
0.218769
0.219326
0.219492
0.219419
0.219266
0.21906
0.21883
0.21862
0.218522
0.21849
0.20733
0.207374
0.207605
0.208058
0.20864
0.209391
0.210363
0.211563
0.212993
0.214571
0.215932
0.216798
0.217251
0.217416
0.217528
0.217489
0.217339
0.217208
0.217164
0.217149
0.203708
0.203739
0.203934
0.204349
0.204926
0.205703
0.206674
0.207942
0.209529
0.211394
0.213154
0.214428
0.215252
0.215763
0.215985
0.216094
0.216075
0.21604
0.216041
0.216032
0.19975
0.199786
0.199964
0.200349
0.20093
0.20173
0.202817
0.204264
0.206124
0.208405
0.210652
0.212362
0.213537
0.214308
0.214774
0.215034
0.215152
0.215211
0.215244
0.215234
0.195321
0.195358
0.195544
0.195933
0.19654
0.197423
0.198666
0.200367
0.202613
0.205432
0.208289
0.210531
0.212107
0.213186
0.21389
0.214326
0.214583
0.214728
0.214787
0.214776
0.190289
0.190332
0.190542
0.190969
0.19166
0.192686
0.194165
0.196229
0.198992
0.202506
0.206109
0.208967
0.21105
0.21248
0.213437
0.214058
0.214444
0.214664
0.214749
0.214735
0.18451
0.184564
0.184817
0.185337
0.186155
0.187389
0.189199
0.19175
0.195192
0.199594
0.204142
0.207797
0.210431
0.212269
0.213512
0.214331
0.214852
0.215148
0.215257
0.21524
0.177789
0.177858
0.178178
0.178816
0.17983
0.18137
0.183635
0.186834
0.191155
0.196689
0.20241
0.207002
0.210329
0.212655
0.214236
0.215284
0.215955
0.216336
0.216475
0.216453
0.169886
0.169976
0.170383
0.17119
0.172481
0.174446
0.177321
0.181362
0.186818
0.193784
0.200961
0.206708
0.210871
0.213783
0.215764
0.217083
0.217932
0.218416
0.21859
0.218561
0.160471
0.160591
0.161127
0.162174
0.163839
0.166368
0.170042
0.1752
0.18212
0.19089
0.199868
0.207026
0.212202
0.21582
0.218284
0.219926
0.220988
0.221594
0.221812
0.221777
0.149059
0.149222
0.149942
0.151325
0.153506
0.156792
0.161567
0.168202
0.177001
0.188036
0.199225
0.208095
0.214496
0.218969
0.222015
0.224046
0.225361
0.226111
0.226378
0.226338
0.134981
0.135215
0.136207
0.13807
0.140981
0.145347
0.151605
0.160179
0.1714
0.185264
0.199145
0.210074
0.217946
0.223455
0.227213
0.229722
0.231352
0.232295
0.232629
0.232575
0.117281
0.117636
0.119041
0.121599
0.125575
0.131462
0.139762
0.150949
0.165293
0.182655
0.199766
0.213135
0.22276
0.229518
0.234154
0.237263
0.23929
0.240466
0.240886
0.240818
0.0945043
0.0950787
0.0971386
0.100775
0.106377
0.114515
0.125731
0.140434
0.158749
0.180353
0.201255
0.217459
0.229139
0.237398
0.24312
0.246998
0.249547
0.251029
0.25156
0.251473
0.0641938
0.0651931
0.068437
0.0739704
0.0822699
0.0939153
0.109319
0.128698
0.151961
0.178578
0.203804
0.223207
0.237243
0.247281
0.25435
0.259231
0.262493
0.264405
0.26508
0.264971
0.022
0.0240037
0.0298434
0.0390818
0.052123
0.0692625
0.090579
0.116022
0.145261
0.177595
0.207576
0.230468
0.24712
0.25922
0.267956
0.27417
0.278466
0.281038
0.281925
0.281774
-0.0400186
-0.0342339
-0.0221245
-0.00546408
0.0157114
0.0409861
0.0701613
0.103017
0.139099
0.177661
0.212645
0.239177
0.258606
0.272985
0.283689
0.29164
0.297369
0.300968
0.302285
0.301985
-0.114277
-0.10398
-0.0816479
-0.0539646
-0.0228194
0.0115307
0.0491344
0.0898712
0.13338
0.179033
0.220124
0.251475
0.274864
0.292689
0.306491
0.317316
0.325794
0.330518
0.332181
0.332626
-0.188337
-0.170177
-0.138299
-0.10076
-0.0602655
-0.0170212
0.028919
0.0774805
0.12839
0.181133
0.228354
0.264469
0.291675
0.312757
0.329469
0.342894
0.353609
0.360435
0.363977
0.364532
-0.246021
-0.224544
-0.186891
-0.142336
-0.0943274
-0.0435162
0.00989676
0.0656979
0.12352
0.182812
0.235488
0.275586
0.305683
0.328914
0.347205
0.361765
0.373281
0.381057
0.384982
0.385596
-0.292552
-0.269154
-0.227431
-0.177816
-0.124149
-0.0672986
-0.00760476
0.0545041
0.118502
0.183684
0.241096
0.284341
0.316423
0.340865
0.359871
0.374853
0.386591
0.394626
0.398442
0.399137
-0.330912
-0.306778
-0.261999
-0.208427
-0.150304
-0.0885654
-0.0236298
0.0439331
0.1134
0.183818
0.245407
0.291352
0.325033
0.350368
0.36981
0.384917
0.3966
0.404649
0.408393
0.409071
-0.364073
-0.339469
-0.292394
-0.235659
-0.173816
-0.107901
-0.038442
0.0339077
0.108298
0.183583
0.249075
0.297458
0.332507
0.358525
0.378225
0.393354
0.404942
0.413001
0.416672
0.417294
-0.393531
-0.368608
-0.319848
-0.260449
-0.195476
-0.125967
-0.0525132
0.0241585
0.10308
0.182872
0.252012
0.302732
0.339121
0.365835
0.385842
0.401059
0.412615
0.420617
0.424256
0.424799
-0.420436
-0.395312
-0.345126
-0.283518
-0.215886
-0.143261
-0.066264
0.0142995
0.0973709
0.181478
0.254306
0.307478
0.345318
0.372827
0.393212
0.408569
0.420151
0.428114
0.431732
0.432129
-0.445721
-0.420346
-0.368893
-0.305349
-0.235413
-0.160063
-0.0799482
0.00414246
0.0911425
0.179475
0.256053
0.31183
0.351296
0.379751
0.400631
0.416206
0.427839
0.435785
0.439374
0.439656
-0.469717
-0.44406
-0.391508
-0.326343
-0.254372
-0.176613
-0.0936823
-0.00634672
0.0843307
0.176748
0.257169
0.315799
0.357145
0.386756
0.408289
0.424188
0.435946
0.443882
0.447429
0.447628
-0.492734
-0.466792
-0.413243
-0.346715
-0.272927
-0.193028
-0.107584
-0.0173222
0.0767724
0.173195
0.257577
0.319339
0.362871
0.393901
0.416285
0.432641
0.444597
0.452531
0.456046
0.456197
-0.514999
-0.488727
-0.434395
-0.366571
-0.291186
-0.209425
-0.121761
-0.0288476
0.0684306
0.168717
0.257161
0.322337
0.368411
0.401174
0.424656
0.441648
0.453919
0.461915
0.465324
0.465471
-0.53661
-0.509964
-0.455024
-0.385966
-0.309211
-0.225826
-0.136198
-0.0409094
0.0592794
0.163232
0.255764
0.324624
0.373642
0.408521
0.433392
0.451221
0.463932
0.472044
0.475348
0.475458
-0.557618
-0.530636
-0.475023
-0.404922
-0.326993
-0.242186
-0.150857
-0.0534906
0.0493121
0.156692
0.253255
0.325999
0.378356
0.415802
0.442415
0.461318
0.474606
0.482889
0.486069
0.486102
-0.577977
-0.550712
-0.494422
-0.423446
-0.344505
-0.258486
-0.165702
-0.0665401
0.0385643
0.149068
0.249508
0.326242
0.382251
0.422746
0.451576
0.471876
0.485896
0.494376
0.497414
0.497284
-0.59773
-0.570121
-0.513227
-0.441501
-0.361697
-0.274661
-0.180655
-0.0799811
0.0271054
0.140373
0.244424
0.325122
0.385014
0.429059
0.460715
0.482828
0.497719
0.50632
0.509132
0.508844
-0.616743
-0.588861
-0.531402
-0.459042
-0.378511
-0.290629
-0.195626
-0.0937138
0.0150219
0.130653
0.237945
0.322435
0.386336
0.434385
0.469597
0.494191
0.510148
0.518629
0.52098
0.520514
-0.635103
-0.606862
-0.548937
-0.476019
-0.39488
-0.306321
-0.210524
-0.107626
0.00241665
0.119993
0.230063
0.318027
0.385834
0.438154
0.477749
0.505971
0.523559
0.531359
0.532561
0.531882
-0.652657
-0.624138
-0.565789
-0.492385
-0.410754
-0.321662
-0.225268
-0.121631
-0.0105786
0.108514
0.220813
0.3118
0.383168
0.439659
0.484312
0.517836
0.538888
0.545842
0.543833
0.542364
-0.669541
-0.640696
-0.581916
-0.508092
-0.426067
-0.336575
-0.239741
-0.135592
-0.0238236
0.0963551
0.210304
0.303719
0.378143
0.43815
0.4879
0.528375
0.556426
0.566079
0.559083
0.539997
-0.685644
-0.656514
-0.597451
-0.523319
-0.44109
-0.351372
-0.254339
-0.149962
-0.0378407
0.0829495
0.19792
0.293049
0.3701
0.432573
0.486223
0.534173
0.572819
0.58993
0.578894
0.591768
-0.701114
-0.671591
-0.612366
-0.538008
-0.455786
-0.365998
-0.269044
-0.164699
-0.0526084
0.0682543
0.18356
0.27939
0.358476
0.422063
0.47531
0.526759
0.566005
0.586586
0.532591
0.503928
-0.716526
-0.686348
-0.626402
-0.551784
-0.469768
-0.380065
-0.283674
-0.179545
-0.0678272
0.0525361
0.167379
0.262662
0.342829
0.407102
0.452451
0.496027
0.525195
0.504645
0.434476
0.38563
-0.733006
-0.701493
-0.638987
-0.564287
-0.482571
-0.393361
-0.297875
-0.194298
-0.0833527
0.0359351
0.149435
0.243036
0.32224
0.389205
0.42721
0.438608
0.432599
0.377446
0.296978
0.24839
-0.360461
-0.260721
-0.15438
-0.0405943
0.0755981
0.17793
0.258448
0.0791848
-0.745254
-0.728446
-0.692896
-0.629367
-0.552439
-0.468026
-0.376551
-0.278223
-0.173207
-0.0613081
0.0526467
0.152309
0.229754
0.292145
0.334785
0.295972
0.144828
0.0455353
-0.0333435
-0.761476
-0.749047
-0.706753
-0.642004
-0.565
-0.481023
-0.390379
-0.292946
-0.189268
-0.0793339
0.0315544
0.126417
0.197753
0.245707
0.239747
0.119823
-0.0568826
-0.184724
-0.292517
-0.780446
-0.768433
-0.723459
-0.657936
-0.580971
-0.497239
-0.40693
-0.310304
-0.208038
-0.100235
0.00690949
0.0958308
0.158639
0.189316
0.13078
-0.0627625
-0.274576
-0.44108
-0.590332
-0.798978
-0.786892
-0.740816
-0.674369
-0.597314
-0.513869
-0.424175
-0.328697
-0.22808
-0.122823
-0.0198515
0.0629374
0.116274
0.125162
0.0126898
-0.247774
-0.507639
-0.738493
-0.966021
-0.816462
-0.804794
-0.758416
-0.691156
-0.614039
-0.530891
-0.441949
-0.347727
-0.248897
-0.146465
-0.0479887
0.0283336
0.0722816
0.0492786
-0.132985
-0.4244
-0.72869
-1.01275
-1.27966
-0.833476
-0.822399
-0.776251
-0.708601
-0.63154
-0.548679
-0.460466
-0.367448
-0.270451
-0.170879
-0.0768954
-0.00730311
0.0261037
-0.0391075
-0.274594
-0.577294
-0.89547
-1.1924
-1.38371
-1.52317
-0.851068
-0.840341
-0.794466
-0.726906
-0.650039
-0.567591
-0.480207
-0.388533
-0.293598
-0.197184
-0.108125
-0.045783
-0.0247469
-0.127294
-0.41008
-0.709929
-1.0008
-1.236
-1.32242
-1.35733
-0.869153
-0.858836
-0.813269
-0.745994
-0.669483
-0.587636
-0.50126
-0.411204
-0.318656
-0.225889
-0.14229
-0.0876943
-0.0805971
-0.218601
-0.533719
-0.830508
-1.07771
-1.23614
-1.28988
-1.29269
-0.887968
-0.877854
-0.832678
-0.765732
-0.689705
-0.608621
-0.523486
-0.435317
-0.345507
-0.256801
-0.179071
-0.132471
-0.141476
-0.3278
-0.642934
-0.949199
-1.17332
-1.2334
-1.25614
-1.26609
-0.907263
-0.897308
-0.852554
-0.785958
-0.710514
-0.630347
-0.546678
-0.460676
-0.373993
-0.289646
-0.218417
-0.179432
-0.213108
-0.438895
-0.737568
-1.06214
-1.29288
-1.30108
-1.28162
-1.27447
-0.926556
-0.916896
-0.872599
-0.806427
-0.731623
-0.652519
-0.570537
-0.487018
-0.403808
-0.324164
-0.260082
-0.227803
-0.292509
-0.54335
-0.811698
-1.12755
-1.43084
-1.37346
-1.29344
-1.26353
-0.94541
-0.936002
-0.892511
-0.826652
-0.752629
-0.67475
-0.594634
-0.513937
-0.434536
-0.359926
-0.303065
-0.277305
-0.370793
-0.648405
-0.84675
-1.01079
-1.1941
-1.23648
-1.21898
-1.20454
-0.963241
-0.954154
-0.911275
-0.846138
-0.772861
-0.696381
-0.618449
-0.540758
-0.465394
-0.396183
-0.346246
-0.329204
-0.452982
-0.776119
-0.904924
-0.720258
-0.810219
-1.0483
-1.22715
-1.27434
-0.979362
-0.970557
-0.92842
-0.863834
-0.791492
-0.71653
-0.641022
-0.566798
-0.495792
-0.432219
-0.38858
-0.385179
-0.540515
-0.989631
-1.25546
-1.0408
-1.05032
-1.31278
-1.55579
-1.63428
-0.992521
-0.984054
-0.942783
-0.878796
-0.807369
-0.73415
-0.661399
-0.590999
-0.524917
-0.466819
-0.428962
-0.44438
-0.638138
-1.33124
-2.18247
-2.76406
-2.92363
-2.79631
-2.48352
-2.29697
-1.00143
-0.993345
-0.953025
-0.889709
-0.819294
-0.748019
-0.678299
-0.61224
-0.551785
-0.498979
-0.465162
-0.500263
-0.729516
-1.6257
-2.927
-4.34729
-4.62064
-4.41502
-3.88488
-3.41774
-1.0044
-0.996734
-0.957568
-0.894993
-0.825721
-0.756637
-0.690443
-0.629691
-0.576126
-0.528478
-0.493925
-0.520712
-0.739424
-1.49227
-2.56185
-3.68545
-4.05169
-3.85422
-3.475
-3.12948
-0.999481
-0.992266
-0.954313
-0.892728
-0.824956
-0.758414
-0.696454
-0.642082
-0.596813
-0.555998
-0.516591
-0.507358
-0.566292
-0.874679
-1.12316
-1.25429
-1.23656
-1.04876
-0.869781
-0.729858
-0.984582
-0.977819
-0.941229
-0.881064
-0.815332
-0.751899
-0.694983
-0.648862
-0.616405
-0.589683
-0.550146
-0.477938
-0.383226
-0.225979
0.118519
0.556271
1.00096
1.31898
1.48125
1.5466
-0.957517
-0.951289
-0.916445
-0.858543
-0.795541
-0.735934
-0.685314
-0.650733
-0.640735
-0.651248
-0.655077
-0.536653
-0.306159
0.0941726
0.714929
1.35008
1.87056
2.23391
2.40681
2.4648
-0.917213
-0.911626
-0.878667
-0.824037
-0.764744
-0.70977
-0.666524
-0.647083
-0.674532
-0.779056
-0.92302
-0.812785
-0.367592
0.123309
0.78882
1.41161
1.8917
2.2113
2.36218
2.41446
-0.861818
-0.856441
-0.826821
-0.776858
-0.722404
-0.672583
-0.636886
-0.634264
-0.712786
-0.991264
-1.4452
-1.38389
-0.682856
-0.0804097
0.607061
1.16882
1.5764
1.82618
1.93989
1.98437
-0.791919
-0.787172
-0.761246
-0.716726
-0.667765
-0.622867
-0.592476
-0.600793
-0.717349
-1.13168
-1.90471
-1.90655
-0.973857
-0.296683
0.374696
0.868249
1.18499
1.36117
1.44915
1.47488
-0.706999
-0.702904
-0.680662
-0.642983
-0.59978
-0.558638
-0.528853
-0.532516
-0.632421
-0.983152
-1.56657
-1.44973
-0.819734
-0.183131
0.322233
0.656207
0.856524
0.96936
1.03293
1.05774
-0.610779
-0.60838
-0.589855
-0.556818
-0.51865
-0.479794
-0.446151
-0.431328
-0.468667
-0.620383
-0.813806
-0.637482
-0.252182
0.121246
0.378864
0.53905
0.639892
0.70532
0.744582
0.761552
-0.494648
-0.492926
-0.481008
-0.456152
-0.42507
-0.390786
-0.355915
-0.326568
-0.315777
-0.339947
-0.348558
-0.192896
0.0441981
0.239068
0.375316
0.46167
0.518
0.556103
0.580924
0.590989
-0.380575
-0.38009
-0.372617
-0.35433
-0.330644
-0.302492
-0.270437
-0.23628
-0.203424
-0.171661
-0.113657
0.00654936
0.153965
0.260663
0.337156
0.386991
0.419535
0.440599
0.45226
0.456343
-0.278523
-0.27856
-0.273909
-0.261387
-0.243745
-0.22179
-0.194796
-0.162418
-0.123939
-0.0751489
-0.0056396
0.088252
0.182112
0.247816
0.293665
0.323477
0.342111
0.353114
0.358679
0.360183
-0.187979
-0.188579
-0.186119
-0.178438
-0.166694
-0.151027
-0.130209
-0.103019
-0.0673873
-0.0194706
0.0443506
0.115735
0.178776
0.223344
0.25342
0.272275
0.28313
0.288623
0.290788
0.291028
-0.110426
-0.111194
-0.110724
-0.107691
-0.101562
-0.0917954
-0.0771674
-0.0562394
-0.0268186
0.0140389
0.0670572
0.121223
0.165666
0.196946
0.217408
0.229609
0.235942
0.238578
0.239294
0.23913
-0.0498649
-0.0505863
-0.0514166
-0.0518596
-0.0502285
-0.0453407
-0.0359736
-0.020754
0.00211148
0.0347003
0.0765452
0.117258
0.149249
0.171546
0.185651
0.193678
0.197531
0.198785
0.198854
0.198579
-0.00750715
-0.00809817
-0.00940264
-0.0113892
-0.012167
-0.010559
-0.00525855
0.00512155
0.0220701
0.0469834
0.0790181
0.109517
0.132759
0.14869
0.158598
0.164048
0.166389
0.166882
0.166671
0.166382
0.0196169
0.019181
0.0179229
0.0156739
0.0141103
0.0142449
0.0170764
0.0238361
0.0359136
0.0544401
0.0785059
0.101182
0.118125
0.129588
0.136462
0.139975
0.141277
0.141289
0.140892
0.140608
0.0357851
0.0354797
0.0344897
0.0325676
0.0309337
0.0305197
0.03215
0.0367057
0.0452103
0.0586592
0.0764046
0.0931678
0.105419
0.113441
0.118105
0.120382
0.12103
0.120749
0.120268
0.12001
0.0448232
0.0446063
0.0438992
0.0424651
0.0411136
0.0405221
0.0413484
0.0443948
0.0504743
0.0602466
0.0731607
0.0853244
0.0940916
0.0997979
0.103023
0.104436
0.104662
0.104248
0.103762
0.103542
0.0495062
0.0493462
0.048857
0.0478411
0.0468329
0.0463304
0.0467756
0.0487358
0.0529043
0.0598909
0.0692657
0.0781333
0.0844484
0.0884195
0.0905406
0.0913723
0.0913657
0.0909165
0.0904751
0.0902946
0.0514845
0.0513641
0.0510104
0.0502647
0.0494924
0.0490588
0.0493046
0.0506481
0.0535637
0.0584903
0.0651913
0.0715138
0.0759574
0.0786875
0.0800938
0.0805616
0.0804285
0.0799988
0.0796208
0.0794751
0.0516033
0.051513
0.0512432
0.0506622
0.0500403
0.0496445
0.0497141
0.0505624
0.0525655
0.0560516
0.0607985
0.0652947
0.0684194
0.0702938
0.071196
0.0714289
0.0712431
0.0708625
0.0705506
0.0704343
0.0503392
0.0502718
0.0500638
0.0496035
0.0490965
0.0487457
0.0487233
0.0492504
0.0505907
0.0529975
0.0563383
0.0594956
0.0616566
0.0629116
0.0634728
0.0635612
0.0633576
0.0630282
0.0627729
0.0626801
0.0480401
0.0479896
0.047829
0.0474621
0.0470448
0.0467313
0.0466466
0.0469521
0.0478431
0.0494934
0.0518069
0.0539883
0.0554626
0.0562889
0.056622
0.0566216
0.0564205
0.0561403
0.0559327
0.055859
0.0449827
0.0449443
0.0448215
0.0445337
0.0441963
0.0439259
0.0438117
0.0439685
0.044537
0.0456453
0.0472295
0.0487202
0.0497103
0.050238
0.050418
0.0503662
0.0501781
0.0499427
0.0497749
0.0497164
0.0413903
0.0413607
0.0412671
0.0410446
0.0407771
0.0405504
0.0404281
0.0404928
0.0408441
0.0415733
0.042637
0.043636
0.0442839
0.0446066
0.0446873
0.0446089
0.0444402
0.0442459
0.0441118
0.0440653
0.037431
0.0374078
0.037336
0.0371656
0.0369561
0.0367697
0.0366509
0.0366586
0.0368635
0.0373312
0.0380327
0.0386891
0.0390992
0.0392843
0.0393036
0.0392151
0.0390678
0.0389088
0.0388018
0.0387649
0.0332253
0.0332071
0.0331517
0.0330215
0.0328586
0.0327075
0.0325994
0.0325748
0.0326839
0.0329733
0.0334215
0.0338401
0.0340906
0.0341864
0.0341687
0.0340801
0.0339542
0.0338253
0.0337402
0.033711
0.0288554
0.0288411
0.028798
0.0286982
0.0285717
0.02845
0.0283546
0.0283136
0.028362
0.0285317
0.0288098
0.0290677
0.0292112
0.02925
0.0292127
0.0291293
0.0290236
0.0289195
0.0288517
0.0288284
0.0243758
0.0243646
0.024331
0.0242542
0.0241558
0.0240584
0.0239766
0.0239294
0.0239413
0.0240343
0.0241986
0.024349
0.0244229
0.0244268
0.0243813
0.0243068
0.0242196
0.0241366
0.0240831
0.0240648
0.0198226
0.0198141
0.0197881
0.0197287
0.0196522
0.0195749
0.0195064
0.0194601
0.0194518
0.0194958
0.0195865
0.0196684
0.0197003
0.0196864
0.0196403
0.019576
0.0195046
0.0194388
0.0193971
0.019383
0.0152171
0.0152108
0.0151911
0.0151456
0.0150869
0.015027
0.0149722
0.0149312
0.0149141
0.0149308
0.0149775
0.0150184
0.0150274
0.0150066
0.0149648
0.0149113
0.0148538
0.0148016
0.0147691
0.0147586
0.0105729
0.0105685
0.010554
0.0105204
0.0104774
0.0104339
0.0103938
0.0103619
0.0103448
0.0103477
0.0103687
0.0103857
0.0103836
0.0103632
0.0103303
0.0102906
0.0102483
0.0102091
0.0101846
0.0101771
0.00589804
0.00589502
0.00588571
0.00586429
0.00583763
0.00581114
0.00578699
0.00576765
0.00575626
0.00575477
0.00576181
0.00576684
0.00576108
0.00574659
0.00572604
0.00570157
0.00567522
0.00565055
0.00563477
0.00562982
0.0035468
0.00354477
0.00353531
0.00351851
0.00350118
0.00348507
0.00347098
0.0034604
0.0034555
0.00345626
0.00345915
0.00345695
0.00344906
0.00343749
0.00342312
0.00340656
0.00338886
0.0033746
0.00336955
0.0011092
-1.15465
-0.720812
-0.409987
-0.163963
0.0331163
0.193448
0.325763
0.440179
0.521652
0.524013
-0.500213
-0.28806
-0.108132
0.0495477
0.183661
0.297183
0.391961
0.465647
0.512189
0.531527
-0.144002
-0.017944
0.0985462
0.205592
0.299134
0.378963
0.444529
0.494626
0.530657
0.553034
0.0849601
0.168268
0.249368
0.325183
0.391983
0.44932
0.496997
0.535187
0.565356
0.58533
0.250602
0.307122
0.368926
0.424059
0.473876
0.517413
0.554682
0.585781
0.611205
0.627932
0.380872
0.422481
0.470131
0.513148
0.552713
0.588326
0.61957
0.64613
0.667809
0.681517
0.488229
0.524192
0.562632
0.599879
0.634392
0.665965
0.693969
0.717722
0.736605
0.747828
0.586077
0.619837
0.655743
0.691545
0.724595
0.754608
0.780975
0.802945
0.819628
0.829171
0.685059
0.721484
0.759004
0.795934
0.82913
0.8584
0.883432
0.903779
0.918749
0.927888
0.800285
0.841772
0.881445
0.918925
0.951413
0.979049
1.00213
1.02066
1.03447
1.04481
0.945443
0.988964
1.0269
1.06059
1.08889
1.11299
1.13393
1.15154
1.1657
1.17807
1.12416
1.16142
1.18982
1.21412
1.23546
1.25504
1.27345
1.29069
1.30699
1.32243
1.32208
1.3416
1.35749
1.37386
1.39064
1.40621
1.41994
1.43316
1.44875
1.4667
1.51144
1.51924
1.53119
1.54294
1.55285
1.56209
1.57249
1.58393
1.59532
1.60265
1.73054
1.72881
1.72074
1.70372
1.69241
1.69193
1.70412
1.729
1.76273
1.79035
2.13903
1.9522
1.8507
1.79347
1.76449
1.75783
1.77314
1.81379
1.88955
2.03586
-0.717817
-0.719435
-0.681167
-0.615722
-0.53855
-0.453194
0.332299
0.400244
0.396814
0.326018
0.253169
0.174633
-0.113571
-0.404954
-0.755957
-1.22935
-1.82629
)
;

boundaryField
{
    wall-4
    {
        type            zeroGradient;
    }
    pressure-outlet-7
    {
        type            fixedValue;
        value           uniform 0;
    }
    velocity-inlet-6
    {
        type            zeroGradient;
    }
    velocity-inlet-5
    {
        type            zeroGradient;
    }
    frontAndBackPlanes
    {
        type            empty;
    }
}


// ************************************************************************* //
