/*--------------------------------*- C++ -*----------------------------------*\
  =========                 |
  \\      /  F ield         | OpenFOAM: The Open Source CFD Toolbox
   \\    /   O peration     | Website:  https://openfoam.org
    \\  /    A nd           | Version:  9
     \\/     M anipulation  |
\*---------------------------------------------------------------------------*/
FoamFile
{
    format      ascii;
    class       volScalarField;
    location    "12";
    object      p;
}
// * * * * * * * * * * * * * * * * * * * * * * * * * * * * * * * * * * * * * //

dimensions      [0 2 -2 0 0 0 0];

internalField   nonuniform List<scalar> 
8800
(
0.43757
0.389558
0.35124
0.32268
0.302168
0.287552
0.277101
0.269733
0.264965
0.262842
0.263869
0.267726
0.274037
0.283038
0.295517
0.31289
0.33718
0.370684
0.413049
0.470144
0.269933
0.277174
0.285706
0.289244
0.287475
0.282132
0.275615
0.269599
0.264933
0.262061
0.261617
0.263827
0.267993
0.273645
0.280221
0.286532
0.290423
0.289731
0.283511
0.274434
0.246441
0.252699
0.25705
0.260609
0.263313
0.264318
0.263421
0.261473
0.259518
0.258484
0.259212
0.261241
0.263636
0.265428
0.2656
0.263749
0.260619
0.256734
0.252046
0.24823
0.240954
0.243736
0.246791
0.249461
0.251421
0.252995
0.254121
0.254481
0.254283
0.254163
0.254611
0.255343
0.255693
0.255194
0.253981
0.25237
0.250173
0.247233
0.244515
0.242995
0.2357
0.237183
0.239412
0.241987
0.244181
0.245793
0.246986
0.247962
0.248709
0.24924
0.24951
0.249454
0.249019
0.248249
0.247098
0.245353
0.243029
0.240544
0.238883
0.238102
0.231005
0.231873
0.233817
0.236228
0.23861
0.240836
0.24262
0.243858
0.244714
0.245312
0.24568
0.245665
0.245147
0.244011
0.242221
0.240075
0.237787
0.235554
0.234267
0.233888
0.228436
0.228881
0.2302
0.231923
0.233608
0.235162
0.236693
0.238179
0.239426
0.240334
0.2407
0.240464
0.239727
0.23868
0.237477
0.236065
0.234466
0.232939
0.232135
0.231976
0.226979
0.227226
0.227983
0.22907
0.230294
0.231662
0.23304
0.234337
0.235529
0.236511
0.237027
0.236989
0.236533
0.235745
0.234717
0.233681
0.232725
0.231875
0.231445
0.23136
0.225066
0.225206
0.225622
0.226281
0.227065
0.228015
0.229187
0.230454
0.231711
0.23283
0.233503
0.233614
0.23332
0.232794
0.232253
0.231741
0.231223
0.230807
0.230594
0.23054
0.222341
0.222422
0.222717
0.223227
0.223869
0.224542
0.225514
0.226622
0.227835
0.229055
0.229962
0.230397
0.230466
0.230321
0.23016
0.229879
0.229586
0.229332
0.229217
0.229186
0.219152
0.219195
0.219423
0.219864
0.220394
0.221231
0.222103
0.223207
0.224508
0.225921
0.227108
0.227831
0.22818
0.228289
0.228192
0.228122
0.227947
0.227792
0.22774
0.227725
0.215678
0.215706
0.215889
0.21627
0.216796
0.21749
0.218386
0.219538
0.220963
0.222625
0.224163
0.225249
0.225928
0.226322
0.226505
0.226556
0.226511
0.226459
0.226452
0.226443
0.211858
0.211883
0.212042
0.212382
0.212894
0.213606
0.214577
0.215868
0.217522
0.21954
0.221512
0.222998
0.224002
0.224649
0.225033
0.225241
0.225334
0.225377
0.225402
0.225394
0.207582
0.207609
0.20777
0.208107
0.208635
0.209409
0.210505
0.212009
0.213996
0.216484
0.218997
0.220961
0.222325
0.223256
0.223858
0.22423
0.224448
0.224571
0.224622
0.224612
0.202755
0.202781
0.202968
0.203336
0.203933
0.204828
0.206125
0.207938
0.210373
0.213471
0.216644
0.219151
0.220985
0.222232
0.223063
0.223599
0.223931
0.224121
0.224195
0.224184
0.197266
0.197296
0.197515
0.197956
0.198669
0.199751
0.201335
0.203571
0.206598
0.210479
0.214493
0.217717
0.220035
0.221648
0.222734
0.223445
0.223893
0.224149
0.224247
0.224234
0.190952
0.19099
0.191266
0.19181
0.192695
0.194043
0.196018
0.198816
0.202614
0.207494
0.21255
0.216611
0.219551
0.221601
0.222988
0.223898
0.224473
0.224801
0.224927
0.224911
0.183599
0.183647
0.183996
0.18469
0.185827
0.187542
0.190037
0.193569
0.198363
0.204509
0.210863
0.215958
0.219647
0.222222
0.223966
0.225111
0.225835
0.226247
0.226404
0.226385
0.174918
0.174979
0.175431
0.176334
0.1778
0.179994
0.18319
0.1877
0.193778
0.201526
0.209492
0.215856
0.220457
0.223668
0.225844
0.227273
0.228173
0.228683
0.228878
0.228854
0.164507
0.16459
0.165184
0.166367
0.16828
0.171133
0.175275
0.181058
0.188788
0.198556
0.208516
0.21643
0.222139
0.226123
0.228825
0.230602
0.23172
0.232351
0.232589
0.232557
0.151824
0.15194
0.152727
0.154304
0.156837
0.160599
0.165991
0.173454
0.183324
0.19563
0.208035
0.217829
0.224879
0.229801
0.233148
0.235356
0.236749
0.237532
0.237825
0.237778
0.136083
0.136248
0.137314
0.139461
0.142881
0.14789
0.15501
0.164735
0.17736
0.192819
0.208184
0.220227
0.228885
0.234943
0.239078
0.241823
0.243557
0.244518
0.244877
0.24482
0.116099
0.116335
0.117842
0.120876
0.125619
0.132471
0.142037
0.154786
0.170929
0.19025
0.209129
0.223815
0.234379
0.241807
0.246916
0.250339
0.25253
0.253751
0.254189
0.254112
0.0899813
0.0903427
0.0926235
0.0971541
0.104015
0.113679
0.126736
0.143546
0.164141
0.188096
0.211047
0.228766
0.241548
0.250621
0.256943
0.261243
0.264037
0.265613
0.266177
0.266074
0.0545618
0.0552297
0.0590744
0.0663952
0.0768542
0.0909048
0.108963
0.131144
0.157225
0.186577
0.214101
0.235196
0.250491
0.261509
0.269355
0.274839
0.278502
0.280597
0.281338
0.281196
0.00361457
0.00560326
0.0134988
0.0265458
0.0433352
0.0641482
0.0891078
0.118063
0.150599
0.185974
0.218426
0.243129
0.261162
0.274394
0.284107
0.291188
0.296168
0.299196
0.300293
0.300093
-0.0728114
-0.0624986
-0.0444953
-0.0212589
0.00505298
0.0348486
0.0682008
0.104929
0.144618
0.186574
0.224419
0.253172
0.274423
0.290412
0.302624
0.312092
0.319338
0.324273
0.326435
0.326637
-0.153838
-0.131629
-0.103003
-0.0694073
-0.0333888
0.00545422
0.0472376
0.0918887
0.13911
0.188355
0.232608
0.266469
0.291922
0.311572
0.327122
0.33969
0.349881
0.358459
0.362674
0.363049
-0.217621
-0.192846
-0.155776
-0.114006
-0.0694968
-0.0223291
0.0274319
0.0796685
0.134089
0.190184
0.240241
0.27849
0.307311
0.329672
0.347444
0.361832
0.373437
0.382672
0.386663
0.387275
-0.268687
-0.241717
-0.200211
-0.152547
-0.101562
-0.0476326
0.00900106
0.0680184
0.128991
0.19132
0.246484
0.28826
0.319435
0.343334
0.362049
0.376984
0.388959
0.398115
0.402418
0.403035
-0.310002
-0.282355
-0.237415
-0.185419
-0.129508
-0.0702118
-0.00788889
0.0569724
0.123759
0.191632
0.251204
0.295862
0.328782
0.353688
0.372938
0.388085
0.400064
0.409038
0.413513
0.414142
-0.344925
-0.316988
-0.269698
-0.214239
-0.15431
-0.090536
-0.0233819
0.0465583
0.118516
0.191465
0.255129
0.302373
0.336768
0.362442
0.381997
0.397154
0.409012
0.417766
0.422247
0.422886
-0.375503
-0.347495
-0.29841
-0.240166
-0.176878
-0.10927
-0.0378948
0.036591
0.113297
0.190955
0.258397
0.308026
0.343778
0.370141
0.389981
0.405185
0.416962
0.425536
0.429981
0.430634
-0.403238
-0.375167
-0.324596
-0.264061
-0.197946
-0.127036
-0.0519128
0.0266707
0.107711
0.189802
0.26098
0.313064
0.350247
0.37738
0.397575
0.412885
0.424617
0.433092
0.437449
0.438103
-0.428952
-0.400767
-0.349008
-0.286491
-0.217947
-0.144171
-0.0657699
0.0165006
0.101626
0.188068
0.263044
0.317717
0.356476
0.384501
0.405146
0.420635
0.43238
0.440751
0.444996
0.445709
-0.453291
-0.424911
-0.372123
-0.30789
-0.237251
-0.160965
-0.0796182
0.00604847
0.0950131
0.185686
0.264543
0.322024
0.362588
0.391692
0.412927
0.428687
0.440506
0.448812
0.452925
0.453659
-0.476532
-0.447932
-0.394189
-0.328589
-0.256072
-0.177554
-0.0935811
-0.00483977
0.0877051
0.182525
0.265408
0.325969
0.368632
0.399055
0.421057
0.437209
0.449167
0.457451
0.461432
0.462129
-0.499028
-0.470092
-0.415537
-0.348726
-0.274566
-0.194103
-0.107799
-0.0162677
0.0796324
0.178488
0.265525
0.329463
0.374573
0.406621
0.429611
0.446309
0.458514
0.466823
0.470656
0.471272
-0.520802
-0.491556
-0.436433
-0.368393
-0.292809
-0.210655
-0.122287
-0.0282397
0.070753
0.173489
0.264748
0.332366
0.380308
0.414344
0.4386
0.456033
0.468599
0.476982
0.480702
0.481162
-0.541925
-0.512332
-0.456707
-0.387605
-0.310807
-0.227182
-0.137024
-0.0407571
0.0610489
0.167459
0.26294
0.33449
0.385648
0.42209
0.447957
0.466366
0.479438
0.487959
0.491586
0.491855
-0.562468
-0.532553
-0.47637
-0.406379
-0.328557
-0.243671
-0.151975
-0.0537774
0.0505408
0.160353
0.259966
0.33561
0.390342
0.429643
0.457554
0.477245
0.491009
0.499721
0.503244
0.503312
-0.582484
-0.55219
-0.495454
-0.424701
-0.346005
-0.260067
-0.167072
-0.0672345
0.0392709
0.152154
0.2557
0.335479
0.394108
0.436775
0.467255
0.488587
0.503203
0.512119
0.515442
0.515335
-0.601803
-0.571155
-0.513906
-0.442527
-0.363095
-0.276288
-0.182236
-0.0810343
0.0273209
0.142907
0.250064
0.333887
0.396613
0.443145
0.476836
0.500349
0.516007
0.525045
0.528044
0.527719
-0.620393
-0.589423
-0.531721
-0.4598
-0.379765
-0.292264
-0.197371
-0.095082
0.0147942
0.132664
0.243032
0.330648
0.397448
0.448199
0.485891
0.51249
0.529553
0.538348
0.540645
0.540078
-0.638309
-0.606937
-0.548876
-0.476482
-0.395953
-0.307914
-0.212382
-0.109265
0.00180478
0.121526
0.234602
0.325643
0.396252
0.451286
0.493743
0.524843
0.544472
0.552551
0.552858
0.551899
-0.655402
-0.623742
-0.565307
-0.492514
-0.411604
-0.323162
-0.227173
-0.123466
-0.0115156
0.109631
0.224856
0.3188
0.392784
0.451675
0.499261
0.536568
0.561501
0.570218
0.565958
0.562902
-0.671772
-0.639803
-0.581038
-0.507916
-0.42675
-0.338054
-0.241801
-0.137744
-0.0252308
0.0969167
0.213707
0.309903
0.386783
0.448629
0.500716
0.545383
0.579407
0.595936
0.589798
0.571456
-0.687365
-0.655109
-0.596187
-0.522856
-0.441655
-0.3529
-0.256653
-0.152569
-0.0398815
0.082722
0.200448
0.298105
0.377401
0.440915
0.494894
0.545439
0.587177
0.60601
0.593315
0.571878
-0.702055
-0.669781
-0.610598
-0.53711
-0.456083
-0.367389
-0.271512
-0.16761
-0.055132
0.0673862
0.185329
0.283331
0.364293
0.428487
0.478021
0.526784
0.562534
0.566802
0.501099
0.458605
-0.71546
-0.68466
-0.623828
-0.550099
-0.469411
-0.381072
-0.286114
-0.182638
-0.0707387
0.0511209
0.168433
0.265627
0.346908
0.412373
0.451433
0.479587
0.499322
0.459101
0.383131
0.334176
-0.761938
-0.697135
-0.635702
-0.563059
-0.482738
-0.395073
-0.300469
-0.197852
-0.0869576
0.0336204
0.14942
0.244846
0.323501
0.393536
0.408923
0.408633
0.381712
0.315473
0.227464
0.179579
-0.724361
-0.70935
-0.652374
-0.582073
-0.501949
-0.415194
-0.322011
-0.22086
-0.111898
0.00601723
0.118012
0.209065
0.279457
0.336959
0.342654
0.218328
0.0993075
0.0163091
-0.069828
-0.0191604
-0.751681
-0.723784
-0.666799
-0.596182
-0.516795
-0.430766
-0.337981
-0.238049
-0.130753
-0.0152452
0.0932003
0.179571
0.24274
0.271081
0.213457
0.0394128
-0.118156
-0.229547
-0.353358
-0.272399
-0.771449
-0.740598
-0.683017
-0.612014
-0.533069
-0.447578
-0.355487
-0.256982
-0.151707
-0.0391765
0.0650239
0.14527
0.198623
0.197543
0.0694287
-0.161713
-0.358529
-0.509363
-0.681384
-0.611226
-0.78997
-0.757819
-0.69949
-0.627975
-0.549259
-0.464319
-0.37326
-0.276325
-0.173238
-0.0640164
0.0353261
0.109051
0.149913
0.109643
-0.0988281
-0.371119
-0.625353
-0.853476
-1.10724
-1.07123
-0.807078
-0.774997
-0.716161
-0.644341
-0.565858
-0.481559
-0.391669
-0.296418
-0.195678
-0.0900697
0.00394915
0.0710792
0.0957319
0.0083284
-0.262749
-0.571777
-0.881604
-1.15528
-1.51484
-1.83292
-0.82381
-0.792161
-0.733239
-0.661382
-0.583159
-0.499511
-0.410793
-0.317257
-0.218972
-0.117131
-0.0286913
0.031362
0.0381666
-0.100263
-0.410787
-0.737803
-1.06607
-1.32832
-1.47337
-1.72917
-0.840739
-0.809485
-0.750945
-0.679246
-0.601429
-0.51857
-0.431168
-0.339574
-0.244135
-0.146603
-0.0643506
-0.0124041
-0.0258216
-0.229178
-0.543422
-0.866718
-1.1554
-1.32593
-1.36383
-1.39797
-0.85812
-0.827282
-0.769138
-0.697861
-0.620613
-0.538738
-0.45293
-0.363643
-0.271464
-0.178835
-0.103402
-0.0604926
-0.104687
-0.35535
-0.660791
-0.969794
-1.21597
-1.29677
-1.32044
-1.32612
-0.87605
-0.845569
-0.787732
-0.717012
-0.640474
-0.559824
-0.475915
-0.389317
-0.300884
-0.213784
-0.145766
-0.113707
-0.190109
-0.474981
-0.763442
-1.06021
-1.3001
-1.33597
-1.31271
-1.30548
-0.894291
-0.864146
-0.806644
-0.736469
-0.660778
-0.58158
-0.49987
-0.416359
-0.332202
-0.251199
-0.191736
-0.173316
-0.284391
-0.591633
-0.848463
-1.10587
-1.33379
-1.31841
-1.28791
-1.27567
-0.912518
-0.882689
-0.825539
-0.755911
-0.681228
-0.603628
-0.524597
-0.444609
-0.365257
-0.290835
-0.241171
-0.235405
-0.390303
-0.711752
-0.908584
-1.02902
-1.15463
-1.21822
-1.23326
-1.23311
-0.929972
-0.900479
-0.843931
-0.774824
-0.701284
-0.6256
-0.549438
-0.47354
-0.399692
-0.331966
-0.293023
-0.297553
-0.523223
-0.863939
-1.01367
-0.901284
-1.00686
-1.19067
-1.27673
-1.29309
-0.946095
-0.91694
-0.860981
-0.792568
-0.720199
-0.646676
-0.573664
-0.502602
-0.434608
-0.373815
-0.345787
-0.364315
-0.681704
-1.13115
-1.40735
-1.24753
-1.30085
-1.44773
-1.54853
-1.57485
-0.960067
-0.931327
-0.875844
-0.808038
-0.737027
-0.665892
-0.596638
-0.530949
-0.46925
-0.415741
-0.396521
-0.436141
-0.848595
-1.51621
-2.2097
-2.39272
-2.2469
-2.12363
-2.07901
-2.08488
-0.970517
-0.942315
-0.887359
-0.820171
-0.75066
-0.682203
-0.617282
-0.557727
-0.503473
-0.456048
-0.441502
-0.502792
-0.97606
-1.81311
-2.83878
-3.51018
-3.43506
-3.12419
-2.8198
-2.7291
-0.975972
-0.948449
-0.894082
-0.827623
-0.759767
-0.694274
-0.63428
-0.582399
-0.538388
-0.496926
-0.477298
-0.564111
-0.995672
-1.77798
-2.73033
-3.49182
-3.63186
-3.46819
-3.15599
-2.9719
-0.974821
-0.948049
-0.894412
-0.828863
-0.762832
-0.70061
-0.646344
-0.604373
-0.575627
-0.546931
-0.52189
-0.587876
-0.875237
-1.37749
-1.88293
-2.31683
-2.48619
-2.44814
-2.27435
-2.13472
-0.965472
-0.939421
-0.886713
-0.822349
-0.75835
-0.699734
-0.652287
-0.623382
-0.619979
-0.627201
-0.608173
-0.596945
-0.65785
-0.725155
-0.734463
-0.712027
-0.627772
-0.51447
-0.381888
-0.29665
-0.946106
-0.92088
-0.869439
-0.806672
-0.74491
-0.690129
-0.650481
-0.639417
-0.678386
-0.778617
-0.838261
-0.699889
-0.459199
-0.11695
0.348579
0.789207
1.12288
1.33378
1.44535
1.49292
-0.915294
-0.891028
-0.841365
-0.780658
-0.721319
-0.670261
-0.638821
-0.650358
-0.757842
-1.044
-1.27293
-0.938815
-0.406108
0.250608
0.969888
1.55367
1.99386
2.22235
2.31415
2.34207
-0.872536
-0.84931
-0.800799
-0.743323
-0.686486
-0.638378
-0.61333
-0.646445
-0.837397
-1.38257
-1.89147
-1.29097
-0.50687
0.328868
1.07634
1.6266
1.99455
2.16914
2.23702
2.25425
-0.816244
-0.794244
-0.749281
-0.694219
-0.63962
-0.592713
-0.568554
-0.607139
-0.823594
-1.47997
-2.06073
-1.3667
-0.516597
0.323444
0.959948
1.37505
1.62235
1.74378
1.80395
1.8127
-0.745867
-0.725745
-0.684606
-0.633374
-0.580694
-0.53278
-0.502093
-0.520977
-0.679689
-1.13196
-1.3929
-0.848193
-0.170035
0.439465
0.853052
1.11026
1.2621
1.35058
1.3926
1.39836
-0.662569
-0.644246
-0.608421
-0.561671
-0.511302
-0.461685
-0.420207
-0.404157
-0.452316
-0.594241
-0.569364
-0.200768
0.214756
0.542569
0.762758
0.906578
1.0013
1.0628
1.0975
1.10831
-0.570418
-0.557305
-0.524436
-0.482226
-0.435226
-0.385339
-0.335382
-0.29072
-0.258031
-0.21978
-0.103144
0.132477
0.35964
0.521967
0.638532
0.721587
0.782473
0.82493
0.848011
0.854442
-0.458166
-0.451329
-0.428118
-0.394393
-0.354807
-0.310043
-0.260503
-0.207119
-0.148495
-0.0700438
0.0515632
0.20839
0.351437
0.455746
0.531896
0.586169
0.62478
0.652127
0.66844
0.671362
-0.35171
-0.348445
-0.332361
-0.307331
-0.276618
-0.239924
-0.196576
-0.145577
-0.0837508
-0.00124003
0.10446
0.216797
0.31406
0.386292
0.438066
0.47389
0.497974
0.512928
0.520077
0.521605
-0.254683
-0.252974
-0.243215
-0.225913
-0.203541
-0.175517
-0.140461
-0.0966229
-0.0405629
0.0340037
0.121553
0.204947
0.273496
0.324146
0.35961
0.383178
0.397928
0.406386
0.410141
0.410404
-0.16721
-0.166869
-0.161653
-0.151398
-0.136984
-0.117404
-0.0910886
-0.0559873
-0.00926674
0.0530614
0.123584
0.186782
0.236782
0.272919
0.297492
0.313141
0.322234
0.326858
0.328563
0.328403
-0.0926229
-0.0931291
-0.091999
-0.0880547
-0.0803902
-0.0680124
-0.0494666
-0.0228772
0.0141192
0.0640457
0.119697
0.167713
0.204567
0.23057
0.247661
0.257958
0.263505
0.266
0.266744
0.266482
-0.0366503
-0.0375121
-0.0387687
-0.0388784
-0.0361372
-0.0292018
-0.0167505
0.00278724
0.0311545
0.0699846
0.112984
0.149288
0.176526
0.195215
0.207145
0.214131
0.217643
0.218973
0.219259
0.218988
0.000955572
0.000107026
-0.001873
-0.00360195
-0.00341695
-0.000117186
0.00773314
0.021568
0.0427811
0.072474
0.105325
0.132609
0.152656
0.166266
0.174766
0.179467
0.181601
0.182233
0.182264
0.182016
0.0242001
0.0235295
0.0217059
0.0198011
0.0192093
0.0208641
0.0258078
0.0353629
0.050877
0.0731852
0.0979986
0.118522
0.133343
0.143108
0.148937
0.15202
0.15326
0.153426
0.153295
0.153083
0.0378306
0.03736
0.0359958
0.0344198
0.033664
0.0345408
0.0379253
0.0447502
0.0560334
0.0725673
0.0910998
0.106312
0.117059
0.12403
0.128139
0.130175
0.130827
0.130734
0.130537
0.130365
0.0455858
0.0452673
0.0443334
0.0431979
0.0425699
0.0430085
0.0452278
0.0500796
0.0583767
0.0706233
0.0843304
0.0955567
0.103452
0.108493
0.111328
0.112626
0.112933
0.112728
0.112523
0.112388
0.0497894
0.0495704
0.0489316
0.0481328
0.0476805
0.0479837
0.0495318
0.0529461
0.0589096
0.0679067
0.0780583
0.0863272
0.0920462
0.0956012
0.0975493
0.0983806
0.0984912
0.0982558
0.0980699
0.0979633
0.0516175
0.0514597
0.0509904
0.0503874
0.0500211
0.0501951
0.0512875
0.0537619
0.0581084
0.0646709
0.0720846
0.0781008
0.082224
0.0847604
0.0861012
0.08662
0.0866223
0.0863929
0.0862323
0.0861479
0.0516726
0.0515567
0.0512005
0.0507302
0.0504281
0.0505119
0.0512533
0.0529995
0.056137
0.0609215
0.0663391
0.0707185
0.0736878
0.0754733
0.0763823
0.0766979
0.0766442
0.0764367
0.0763022
0.0762355
0.0503807
0.0502951
0.0500242
0.0496569
0.0494084
0.0494397
0.0499505
0.0511945
0.0534451
0.0569085
0.0608346
0.0639915
0.06611
0.0673598
0.0679715
0.0681515
0.0680678
0.0678839
0.0677722
0.0677199
0.0480861
0.048022
0.0478169
0.0475315
0.0473279
0.0473243
0.0476667
0.0485418
0.0501558
0.0526535
0.0554849
0.057751
0.0592561
0.0601247
0.0605282
0.0606207
0.0605262
0.0603684
0.0602772
0.0602361
0.0450648
0.0450161
0.0448627
0.044645
0.0444829
0.0444631
0.0446915
0.0453035
0.0464518
0.0482406
0.0502725
0.0518895
0.0529496
0.0535465
0.0538072
0.0538447
0.0537502
0.0536167
0.0535422
0.0535099
0.0415274
0.0414897
0.0413743
0.0412091
0.0410815
0.0410543
0.0412041
0.0416298
0.042442
0.0437163
0.0451644
0.0463093
0.0470488
0.047453
0.0476158
0.0476204
0.0475334
0.0474235
0.0473631
0.0473374
0.0376249
0.0375953
0.0375075
0.0373818
0.0372813
0.0372511
0.0373465
0.0376396
0.0382094
0.0391112
0.040137
0.0409399
0.04145
0.0417204
0.0418177
0.0418033
0.0417253
0.0416347
0.0415855
0.0415652
0.0334641
0.0334406
0.033373
0.0332766
0.0331968
0.0331662
0.033224
0.0334215
0.0338166
0.0344486
0.0351671
0.0357267
0.0360754
0.0362511
0.0363042
0.0362788
0.0362104
0.0361366
0.0360971
0.0360812
0.0291187
0.0291002
0.0290474
0.028972
0.0289072
0.0288764
0.0289078
0.0290383
0.0293094
0.0297478
0.0302472
0.0306313
0.0308649
0.0309756
0.0309998
0.0309695
0.0309099
0.030849
0.030817
0.0308047
0.0246399
0.0246253
0.0245838
0.0245243
0.0244711
0.0244413
0.0244552
0.0245384
0.0247203
0.0250199
0.0253599
0.0256189
0.0257715
0.0258381
0.0258448
0.025814
0.0257635
0.0257139
0.0256882
0.0256786
0.0200644
0.020053
0.0200203
0.0199731
0.0199297
0.0199022
0.0199045
0.0199552
0.0200737
0.0202731
0.0205007
0.0206717
0.0207685
0.0208054
0.0208008
0.0207706
0.0207282
0.0206885
0.0206681
0.0206606
0.0154184
0.0154097
0.0153844
0.0153472
0.0153121
0.0152875
0.015283
0.015311
0.0153849
0.0155136
0.0156612
0.0157702
0.0158293
0.0158471
0.0158362
0.0158084
0.0157728
0.0157409
0.0157249
0.0157193
0.0107199
0.0107136
0.0106942
0.0106656
0.0106384
0.0106185
0.0106118
0.0106256
0.0106685
0.0107457
0.0108342
0.0108984
0.0109305
0.0109368
0.0109256
0.0109032
0.0108752
0.0108502
0.0108383
0.0108345
0.00598103
0.00597685
0.00596369
0.00594481
0.00592728
0.00591435
0.0059088
0.00591451
0.00593598
0.00597429
0.00601856
0.00604903
0.0060626
0.00606359
0.00605526
0.00604028
0.00602149
0.00600403
0.00599562
0.00599316
0.00121048
0.00121029
0.00120952
0.00120386
0.00119761
0.00119254
0.00118903
0.00118764
0.00118848
0.00119187
0.00119765
0.00120302
0.00120623
0.00120678
0.00120479
0.00120049
0.00119491
0.00118871
0.0011853
0.00118545
-0.82277
-0.554843
-0.272666
-0.0517866
0.127957
0.273703
0.398234
0.503211
0.549554
0.533869
-0.36104
-0.190698
-0.0182749
0.129055
0.254006
0.35936
0.445316
0.506805
0.539836
0.551513
-0.0611714
0.049811
0.163554
0.265109
0.352772
0.426451
0.485034
0.528162
0.558346
0.575128
0.144174
0.219798
0.29939
0.371547
0.43428
0.487344
0.53063
0.564857
0.591188
0.60875
0.297724
0.35155
0.408707
0.461959
0.509088
0.549832
0.584273
0.612639
0.634863
0.652344
0.41974
0.458881
0.504251
0.545876
0.583815
0.617506
0.646629
0.670891
0.689519
0.706882
0.522768
0.555365
0.594047
0.630122
0.663406
0.693424
0.719503
0.740984
0.756669
0.774043
0.618055
0.649784
0.686565
0.721158
0.752867
0.781246
0.805591
0.825084
0.838474
0.855951
0.717514
0.752512
0.790615
0.825827
0.857171
0.884417
0.907226
0.924989
0.936939
0.954796
0.834918
0.874373
0.913562
0.948654
0.978709
1.00407
1.02493
1.04108
1.05275
1.07116
0.981122
1.02111
1.05726
1.0882
1.11426
1.13675
1.15612
1.17193
1.1848
1.20299
1.15679
1.18915
1.21529
1.23796
1.2583
1.27729
1.29512
1.31184
1.32773
1.34598
1.34495
1.36266
1.3784
1.39521
1.41153
1.4262
1.43937
1.45344
1.47061
1.49033
1.52684
1.5379
1.55015
1.56101
1.57033
1.58001
1.59104
1.60271
1.61271
1.62791
1.73812
1.74017
1.72503
1.70982
1.70357
1.70932
1.72794
1.75841
1.79058
1.82134
2.04402
1.90698
1.83081
1.78887
1.77141
1.77546
1.80288
1.85901
1.96248
2.17778
0.333789
0.330436
0.32457
0.314856
0.302036
0.289759
0.2796
0.27181
0.266274
0.263016
0.262502
0.264913
0.269669
0.276567
0.285697
0.29713
0.310051
0.321884
0.329235
0.333897
0.251613
0.257523
0.264558
0.269937
0.272949
0.272818
0.270153
0.266447
0.263006
0.260694
0.260353
0.262264
0.26558
0.269529
0.273079
0.274739
0.273364
0.269053
0.262974
0.255824
0.243643
0.245999
0.249543
0.252729
0.255225
0.257299
0.258502
0.258433
0.257514
0.256593
0.256558
0.257664
0.259077
0.259942
0.259572
0.25799
0.255798
0.253091
0.24963
0.246537
0.238304
0.239364
0.241475
0.244252
0.24658
0.248237
0.249508
0.250536
0.251181
0.25153
0.25184
0.252114
0.252111
0.251594
0.250681
0.249421
0.247559
0.245003
0.242469
0.240931
0.233179
0.233746
0.235242
0.237695
0.240216
0.242458
0.24418
0.245391
0.246274
0.246925
0.247369
0.247541
0.247321
0.24669
0.245511
0.243705
0.241421
0.238971
0.236944
0.236024
0.229438
0.229676
0.230765
0.232773
0.234875
0.236883
0.238809
0.240486
0.241779
0.242696
0.243268
0.24338
0.242949
0.241945
0.240469
0.238736
0.236841
0.23484
0.233236
0.232713
0.227705
0.227818
0.228454
0.229712
0.231136
0.232543
0.233897
0.235238
0.236525
0.237636
0.238356
0.238479
0.238096
0.237374
0.236463
0.235379
0.234144
0.232898
0.231959
0.231679
0.226123
0.226185
0.226533
0.227249
0.22813
0.229337
0.230623
0.231967
0.233256
0.234418
0.235268
0.235573
0.23536
0.234784
0.233975
0.233023
0.232325
0.231659
0.231189
0.231041
0.223788
0.223824
0.224032
0.224484
0.225102
0.225797
0.226687
0.22777
0.22898
0.230191
0.2312
0.231719
0.231782
0.231576
0.231268
0.230959
0.230591
0.230243
0.230005
0.229928
0.220784
0.220798
0.220944
0.221326
0.22187
0.222542
0.223376
0.224405
0.225589
0.226884
0.228099
0.228919
0.229287
0.229334
0.229246
0.229131
0.228896
0.228642
0.228491
0.228455
0.217451
0.217452
0.217559
0.217871
0.21836
0.218979
0.219774
0.220775
0.222014
0.223474
0.224958
0.2261
0.226788
0.227167
0.227317
0.227314
0.227256
0.227135
0.227072
0.227063
0.213818
0.21382
0.213906
0.21417
0.214609
0.215209
0.216015
0.217079
0.218448
0.220131
0.221978
0.223523
0.224569
0.225228
0.225619
0.225816
0.225884
0.225886
0.225892
0.225896
0.209783
0.209779
0.209868
0.210113
0.210534
0.211152
0.212024
0.213221
0.214814
0.216843
0.219148
0.22116
0.222599
0.223564
0.224187
0.224569
0.224784
0.224899
0.224961
0.224975
0.205246
0.205239
0.205339
0.205595
0.206044
0.206725
0.207719
0.209122
0.211034
0.213521
0.21641
0.219006
0.22087
0.222204
0.22309
0.223662
0.224018
0.224229
0.224337
0.224359
0.200106
0.200096
0.20021
0.200511
0.201029
0.201829
0.203016
0.204717
0.207065
0.210155
0.213787
0.217078
0.219535
0.221238
0.222407
0.223179
0.223675
0.223976
0.224126
0.224157
0.194227
0.194214
0.194354
0.194717
0.195351
0.19633
0.197791
0.1999
0.202828
0.2067
0.211272
0.215441
0.218535
0.220726
0.222228
0.223229
0.223876
0.224272
0.224468
0.224508
0.187423
0.187406
0.187587
0.18805
0.188843
0.190064
0.191897
0.194556
0.198244
0.20312
0.208874
0.21412
0.218014
0.220776
0.222675
0.223944
0.224769
0.225275
0.225525
0.225574
0.179448
0.179427
0.179662
0.180256
0.181263
0.182823
0.185171
0.188552
0.193222
0.19938
0.206618
0.213196
0.218067
0.221523
0.223899
0.22549
0.226529
0.227169
0.227483
0.227544
0.169966
0.169941
0.170252
0.171025
0.172331
0.174353
0.177379
0.181705
0.187659
0.195454
0.204547
0.212763
0.218827
0.223126
0.22608
0.228062
0.22936
0.230165
0.230559
0.230634
0.158502
0.158471
0.158893
0.159921
0.161639
0.164288
0.168218
0.173817
0.181452
0.19133
0.202728
0.212945
0.220458
0.225777
0.229434
0.231888
0.233499
0.234504
0.234995
0.235089
0.144377
0.14434
0.14493
0.14633
0.148636
0.152164
0.157367
0.164682
0.174498
0.187013
0.201249
0.213885
0.223139
0.229691
0.234203
0.237235
0.239227
0.240472
0.241081
0.241199
0.126614
0.126577
0.127438
0.129391
0.132563
0.13738
0.144364
0.154
0.16669
0.182536
0.200224
0.215742
0.227065
0.235099
0.240658
0.24441
0.246885
0.248442
0.249221
0.249365
0.103745
0.103737
0.105047
0.107862
0.112373
0.119121
0.128683
0.141549
0.158013
0.177999
0.199803
0.218682
0.232423
0.24222
0.24906
0.253729
0.256837
0.258804
0.259788
0.259973
0.0733339
0.0734185
0.0755478
0.0798941
0.0866841
0.0965363
0.109964
0.127298
0.148614
0.173617
0.200189
0.222877
0.239367
0.251221
0.259625
0.265471
0.269439
0.271989
0.273261
0.273496
0.0309046
0.0312799
0.0352916
0.0428566
0.0539098
0.0689406
0.0881209
0.11148
0.138844
0.169717
0.201612
0.228455
0.247964
0.262152
0.272429
0.279792
0.28496
0.288409
0.290148
0.290445
-0.0316547
-0.0296826
-0.0202495
-0.00576288
0.0132266
0.0364844
0.0636966
0.0947179
0.129231
0.16665
0.204228
0.235413
0.258093
0.274806
0.287222
0.296472
0.303294
0.308056
0.31063
0.31098
-0.106736
-0.103141
-0.0854789
-0.0598292
-0.0302997
0.00241092
0.038366
0.0775506
0.119721
0.164393
0.208638
0.245331
0.27237
0.29279
0.30851
0.320777
0.330492
0.337573
0.340567
0.341841
-0.18336
-0.173495
-0.14737
-0.11155
-0.0724831
-0.0306163
0.0139426
0.0611748
0.110938
0.162844
0.213781
0.255963
0.287235
0.311166
0.329962
0.345013
0.357164
0.366498
0.371759
0.373886
-0.241213
-0.230246
-0.199095
-0.156863
-0.110444
-0.0610286
-0.00893755
0.0456726
0.102519
0.161155
0.218183
0.265117
0.299749
0.32613
0.346712
0.363023
0.376033
0.386013
0.391983
0.394268
-0.287714
-0.276313
-0.241837
-0.194977
-0.14319
-0.0879408
-0.029692
0.0312017
0.0942939
0.158992
0.221424
0.272296
0.30942
0.337339
0.358826
0.375653
0.388933
0.399078
0.405125
0.407384
-0.325948
-0.314623
-0.278105
-0.227652
-0.171684
-0.11181
-0.0484989
0.0177597
0.0863356
0.156425
0.223694
0.278066
0.317296
0.346421
0.368539
0.385619
0.398912
0.408996
0.415008
0.417197
-0.358881
-0.347676
-0.309771
-0.256579
-0.197145
-0.133338
-0.0657032
0.00519856
0.0786595
0.153717
0.225514
0.283085
0.324175
0.354299
0.376874
0.394089
0.407345
0.417346
0.423386
0.425457
-0.388185
-0.377103
-0.338152
-0.282744
-0.220484
-0.153362
-0.081949
-0.0068779
0.0710412
0.150664
0.226682
0.287337
0.330266
0.361407
0.38448
0.40189
0.415174
0.425101
0.431155
0.433134
-0.415059
-0.404051
-0.364292
-0.306985
-0.242327
-0.172354
-0.0976429
-0.0188782
0.0630729
0.147017
0.227233
0.291067
0.33595
0.368211
0.391871
0.409538
0.422904
0.432816
0.438867
0.440745
-0.4402
-0.429231
-0.388728
-0.329811
-0.263108
-0.190673
-0.113085
-0.030997
0.0547169
0.142812
0.227206
0.294347
0.341371
0.374929
0.39931
0.417332
0.430834
0.440738
0.446814
0.448575
-0.464071
-0.45309
-0.411946
-0.351661
-0.283186
-0.208572
-0.128408
-0.043312
0.0458697
0.137905
0.226484
0.297149
0.346581
0.381682
0.406971
0.425479
0.4392
0.449171
0.455186
0.456887
-0.487028
-0.475991
-0.434232
-0.372781
-0.302744
-0.226208
-0.143769
-0.055985
0.0363838
0.132194
0.224969
0.2994
0.351561
0.388501
0.414935
0.434091
0.448133
0.458207
0.464181
0.465846
-0.509272
-0.498092
-0.455707
-0.393353
-0.321894
-0.243708
-0.159271
-0.0690709
0.026224
0.125615
0.222566
0.300971
0.356212
0.395339
0.423209
0.443229
0.45774
0.468008
0.473929
0.475567
-0.530811
-0.519479
-0.476614
-0.413392
-0.340692
-0.261073
-0.174892
-0.0825602
0.0153709
0.118095
0.219151
0.3017
0.360369
0.402082
0.43174
0.45289
0.468047
0.478603
0.484509
0.486082
-0.551777
-0.540235
-0.496983
-0.432875
-0.359149
-0.278298
-0.190616
-0.0964319
0.00384053
0.109627
0.214617
0.301399
0.363818
0.408581
0.440446
0.463026
0.479018
0.489968
0.495895
0.497346
-0.572106
-0.560374
-0.516729
-0.451849
-0.377247
-0.295351
-0.206392
-0.110628
-0.0083156
0.100213
0.208897
0.299892
0.366299
0.414566
0.449133
0.473542
0.490608
0.502049
0.508005
0.509272
-0.59184
-0.579885
-0.535815
-0.470287
-0.394943
-0.31217
-0.222151
-0.125064
-0.0210232
0.0898991
0.201952
0.29702
0.367506
0.419628
0.457483
0.484276
0.50274
0.514726
0.520624
0.521661
-0.610808
-0.598726
-0.554208
-0.488144
-0.41217
-0.328674
-0.237811
-0.139653
-0.0341893
0.0787637
0.193776
0.292638
0.367155
0.423356
0.465131
0.495092
0.515451
0.52796
0.533518
0.534203
-0.629124
-0.616842
-0.571911
-0.505392
-0.42889
-0.344817
-0.253281
-0.1543
-0.0477058
0.0669144
0.184427
0.286665
0.365004
0.425322
0.471515
0.505682
0.528951
0.542047
0.546506
0.546439
-0.646656
-0.634163
-0.58891
-0.521977
-0.44503
-0.360516
-0.268477
-0.168881
-0.0614476
0.054451
0.174
0.279092
0.360861
0.425017
0.475789
0.515294
0.543405
0.558281
0.56029
0.557763
-0.663448
-0.650802
-0.605148
-0.53785
-0.460551
-0.375711
-0.28332
-0.183312
-0.0752931
0.0415373
0.162625
0.269937
0.354639
0.422017
0.476837
0.522298
0.557803
0.578548
0.579913
0.568028
-0.679444
-0.666685
-0.620717
-0.553147
-0.475642
-0.390666
-0.29813
-0.197995
-0.089705
0.0276392
0.149711
0.258552
0.34562
0.415585
0.473031
0.523836
0.56829
0.599114
0.604391
0.598496
-0.69462
-0.681721
-0.635649
-0.567812
-0.490287
-0.405377
-0.312872
-0.212927
-0.104694
0.0126935
0.135148
0.244731
0.333304
0.405247
0.462376
0.514118
0.561041
0.594134
0.581935
0.520972
-0.708794
-0.695379
-0.649918
-0.581833
-0.504571
-0.419937
-0.327564
-0.22798
-0.12017
-0.00319273
0.118965
0.228491
0.317204
0.390929
0.445001
0.485866
0.525805
0.535414
0.485116
0.413949
-0.723547
-0.708822
-0.663193
-0.594894
-0.518315
-0.433972
-0.342425
-0.24308
-0.135976
-0.0198176
0.10127
0.209787
0.296792
0.373054
0.423868
0.462306
0.451421
0.423432
0.350739
0.271857
-0.707282
-0.688095
-0.642173
-0.572168
-0.491932
-0.404442
-0.308391
-0.20625
-0.0959738
0.0237884
0.138557
0.232973
0.309443
0.383335
0.444887
0.364645
0.31552
0.249972
0.16654
0.110682
-0.725537
-0.710748
-0.677606
-0.6151
-0.539471
-0.455906
-0.364875
-0.266752
-0.161183
-0.0470901
0.0710535
0.175985
0.257882
0.326939
0.389341
0.38074
0.267368
0.171955
0.101297
0.00322035
-0.743214
-0.728816
-0.689508
-0.626075
-0.550448
-0.467725
-0.378178
-0.281418
-0.177345
-0.0651884
0.0505976
0.15227
0.23038
0.286801
0.305153
0.225555
0.0555098
-0.0592887
-0.150317
-0.256123
-0.760752
-0.748814
-0.704929
-0.640667
-0.56505
-0.482675
-0.393643
-0.297765
-0.195112
-0.0849552
0.0275309
0.124117
0.195219
0.236767
0.20363
0.0432163
-0.153668
-0.301663
-0.426108
-0.591854
-0.779547
-0.767345
-0.72188
-0.656727
-0.581148
-0.499142
-0.410718
-0.315994
-0.215007
-0.107343
0.00121505
0.0923256
0.155393
0.178815
0.0934499
-0.142894
-0.384417
-0.583951
-0.768971
-1.00768
-0.797135
-0.785191
-0.739015
-0.672929
-0.597338
-0.515738
-0.42818
-0.334834
-0.235776
-0.130984
-0.0267005
0.0586081
0.113279
0.11267
-0.0377515
-0.327984
-0.620289
-0.900368
-1.14352
-1.66241
-0.813882
-0.802494
-0.756267
-0.689647
-0.614138
-0.532955
-0.446319
-0.354399
-0.25741
-0.155604
-0.0557603
0.0232465
0.0687667
0.0295283
-0.184659
-0.497659
-0.824912
-1.1306
-1.40333
-1.94577
-0.830632
-0.819676
-0.773723
-0.707007
-0.631694
-0.550985
-0.465286
-0.374858
-0.280043
-0.181375
-0.0863326
-0.0141309
0.0216003
-0.0595627
-0.322076
-0.640551
-0.970569
-1.24897
-1.37762
-1.42909
-0.847855
-0.837243
-0.791571
-0.725076
-0.650173
-0.570126
-0.48556
-0.396917
-0.304642
-0.209725
-0.120266
-0.0557038
-0.0326726
-0.15028
-0.452013
-0.762397
-1.06171
-1.26683
-1.32349
-1.34456
-0.865541
-0.85528
-0.809881
-0.743795
-0.669364
-0.590161
-0.506988
-0.420465
-0.331198
-0.24052
-0.157167
-0.100837
-0.0921794
-0.253021
-0.568693
-0.867736
-1.15302
-1.30201
-1.31002
-1.31383
-0.88373
-0.87365
-0.82858
-0.762814
-0.689052
-0.610881
-0.529348
-0.445339
-0.359509
-0.273488
-0.197108
-0.149643
-0.160257
-0.370487
-0.675501
-0.947287
-1.23723
-1.34712
-1.31478
-1.29735
-0.901995
-0.892207
-0.847409
-0.782019
-0.708947
-0.632002
-0.552351
-0.471268
-0.389282
-0.308486
-0.239868
-0.202114
-0.245327
-0.491471
-0.777325
-0.979481
-1.19245
-1.29667
-1.26496
-1.25488
-0.919929
-0.910386
-0.865959
-0.800966
-0.728674
-0.653097
-0.575489
-0.497823
-0.420222
-0.345164
-0.284745
-0.257942
-0.335739
-0.626951
-0.889108
-0.947351
-0.960287
-1.13049
-1.21316
-1.23911
-0.936958
-0.92761
-0.883535
-0.819034
-0.747596
-0.673579
-0.598717
-0.524471
-0.451783
-0.382983
-0.330668
-0.317863
-0.429511
-0.806528
-1.0984
-1.07822
-0.986396
-1.18182
-1.34066
-1.39859
-0.952245
-0.943153
-0.899408
-0.835382
-0.764869
-0.692579
-0.620581
-0.550533
-0.483554
-0.421576
-0.376316
-0.380212
-0.524732
-1.04973
-1.56719
-1.82701
-1.69544
-1.70117
-1.7579
-1.79738
-0.964786
-0.956026
-0.912626
-0.848923
-0.779416
-0.709063
-0.64028
-0.575043
-0.514754
-0.460143
-0.420504
-0.441763
-0.618649
-1.30749
-2.13448
-2.92391
-2.97506
-2.76049
-2.51309
-2.40304
-0.973089
-0.96464
-0.921679
-0.85848
-0.790056
-0.721829
-0.656661
-0.597297
-0.545553
-0.498699
-0.462073
-0.495646
-0.685517
-1.40269
-2.34822
-3.40496
-3.71764
-3.6165
-3.26942
-2.99446
-0.975691
-0.967597
-0.925166
-0.862527
-0.795329
-0.729443
-0.668389
-0.615787
-0.573768
-0.538664
-0.505993
-0.522521
-0.704019
-1.27371
-1.99421
-2.74799
-3.14045
-3.15919
-2.99077
-2.79343
-0.970765
-0.963031
-0.921345
-0.859481
-0.793724
-0.73038
-0.673987
-0.629685
-0.602326
-0.587053
-0.569273
-0.558186
-0.623364
-0.923836
-1.19738
-1.4354
-1.60419
-1.60502
-1.48593
-1.32956
-0.956807
-0.949446
-0.908536
-0.847808
-0.783753
-0.723172
-0.671941
-0.638324
-0.63379
-0.661865
-0.704488
-0.672898
-0.609588
-0.478731
-0.28361
-0.0201175
0.234646
0.428383
0.562297
0.652986
-0.932079
-0.925096
-0.885277
-0.826169
-0.764107
-0.706411
-0.660672
-0.639778
-0.669108
-0.788873
-0.978228
-0.952822
-0.608732
-0.185068
0.436681
1.01921
1.50007
1.83212
1.98752
2.04922
-0.895682
-0.888903
-0.850604
-0.793454
-0.733753
-0.67882
-0.637905
-0.629944
-0.701856
-0.975235
-1.45563
-1.43677
-0.768323
-0.0848213
0.717473
1.38694
1.89703
2.20793
2.33574
2.37426
-0.846694
-0.840623
-0.803641
-0.749081
-0.691885
-0.639091
-0.600771
-0.600333
-0.704311
-1.10536
-1.91833
-1.87131
-0.939925
-0.116976
0.697557
1.29637
1.69417
1.91398
2.01019
2.04657
-0.784619
-0.779116
-0.744184
-0.69253
-0.638085
-0.586468
-0.546984
-0.541313
-0.635881
-1.00584
-1.71811
-1.55966
-0.768221
0.0171211
0.659607
1.08658
1.3483
1.49242
1.56825
1.60158
-0.708353
-0.703518
-0.671798
-0.624157
-0.57284
-0.521815
-0.477516
-0.455582
-0.496185
-0.689036
-0.981055
-0.75373
-0.232163
0.2944
0.674492
0.917839
1.07092
1.16791
1.2274
1.26221
-0.619523
-0.614768
-0.586966
-0.545611
-0.498549
-0.448643
-0.399496
-0.358246
-0.339715
-0.362578
-0.365184
-0.149482
0.170662
0.441501
0.632526
0.764203
0.855878
0.923563
0.973548
0.995527
-0.516806
-0.513028
-0.494107
-0.459529
-0.417981
-0.371846
-0.322048
-0.270553
-0.220004
-0.166249
-0.0724258
0.0871069
0.280481
0.430548
0.538332
0.615975
0.672036
0.712232
0.739813
0.754417
-0.40368
-0.402471
-0.391078
-0.365658
-0.333197
-0.295374
-0.251491
-0.201602
-0.144901
-0.0751993
0.0232184
0.149831
0.279138
0.380881
0.45497
0.507729
0.544583
0.570065
0.585387
0.590823
-0.301838
-0.301788
-0.295003
-0.277171
-0.253298
-0.223981
-0.188233
-0.144935
-0.0918866
-0.0236358
0.065692
0.165225
0.255577
0.326175
0.377202
0.412594
0.436114
0.450821
0.458946
0.46183
-0.209225
-0.209747
-0.205966
-0.195078
-0.179032
-0.158184
-0.131187
-0.0964046
-0.0512856
0.00808071
0.0835984
0.161472
0.227391
0.277742
0.313496
0.337463
0.352549
0.361279
0.365546
0.366674
-0.127357
-0.128186
-0.127062
-0.121981
-0.113109
-0.0999945
-0.0812242
-0.055052
-0.0191722
0.0292855
0.0904215
0.15116
0.20034
0.236861
0.262124
0.278439
0.288062
0.293074
0.295198
0.295585
-0.0617522
-0.0625479
-0.0632106
-0.0627876
-0.059712
-0.0526781
-0.0404843
-0.0216108
0.00581702
0.0439456
0.092043
0.138768
0.175475
0.202181
0.220073
0.231155
0.237383
0.240338
0.241364
0.241437
-0.0154307
-0.0160868
-0.0174562
-0.0192193
-0.0194126
-0.0165708
-0.00933257
0.00371856
0.0241005
0.0532844
0.090323
0.125963
0.153347
0.172784
0.185574
0.193334
0.197444
0.199156
0.199605
0.199547
0.0142808
0.013801
0.0124315
0.0102287
0.00896841
0.00979755
0.0138407
0.0224951
0.0372043
0.0591526
0.087333
0.114257
0.134649
0.148944
0.158112
0.163382
0.165978
0.166878
0.166946
0.166814
0.0321027
0.0317726
0.0307062
0.0288178
0.0274413
0.0275945
0.0301246
0.0360204
0.0464881
0.0626599
0.0837876
0.104051
0.119179
0.129469
0.13587
0.139465
0.141093
0.14147
0.141317
0.141161
0.0423697
0.0421392
0.0414008
0.0400292
0.038901
0.0387529
0.040324
0.0444873
0.0521345
0.0640619
0.0797192
0.094708
0.10577
0.113256
0.117856
0.120298
0.121267
0.121344
0.1211
0.120951
0.0481167
0.047951
0.0474556
0.0465126
0.0457073
0.0455587
0.0465664
0.0494004
0.0548566
0.0636218
0.0752208
0.0863423
0.094505
0.099917
0.103124
0.104751
0.105318
0.105249
0.104992
0.104864
0.0510137
0.0508927
0.0505451
0.0498709
0.0492778
0.0491493
0.0498669
0.0519099
0.0558405
0.0621959
0.0707175
0.0788625
0.0847882
0.088654
0.090909
0.0920003
0.0923133
0.0921769
0.0919382
0.0918301
0.0518808
0.0517924
0.0515349
0.0510195
0.0505513
0.0504094
0.0508714
0.0523044
0.0551464
0.059793
0.0660042
0.0719575
0.0762552
0.0790317
0.0806049
0.0813241
0.0814829
0.081326
0.0811178
0.0810286
0.0512038
0.0511389
0.0509464
0.0505492
0.0501783
0.0500442
0.0503473
0.0513514
0.053376
0.0567298
0.0612572
0.0655843
0.0686823
0.0706518
0.0717394
0.0722065
0.072269
0.0721101
0.071932
0.0718589
0.0493646
0.0493162
0.0491718
0.0488656
0.0485701
0.0484437
0.0486338
0.0493357
0.0507863
0.0532032
0.0564759
0.0595941
0.0618138
0.0632043
0.063951
0.064246
0.0642506
0.0641008
0.0639514
0.0638921
0.0466705
0.0466335
0.0465254
0.0462926
0.0460617
0.0459506
0.0460661
0.0465504
0.0475772
0.0493087
0.0516658
0.0539054
0.0554885
0.0564627
0.0569678
0.0571465
0.057118
0.0569835
0.0568602
0.056812
0.0433641
0.0433352
0.0432538
0.0430788
0.0429015
0.0428079
0.0428756
0.0432085
0.0439323
0.0451657
0.0468506
0.0484485
0.0495675
0.0502431
0.0505793
0.0506813
0.0506366
0.0505201
0.0504196
0.0503807
0.0396248
0.0396021
0.0395399
0.039408
0.0392719
0.0391938
0.0392298
0.0394551
0.0399612
0.0408348
0.0420333
0.0431667
0.0439496
0.0444123
0.0446319
0.0446843
0.044633
0.0445334
0.0444514
0.0444201
0.0355804
0.0355626
0.0355145
0.0354139
0.0353085
0.0352433
0.0352586
0.0354084
0.0357588
0.0363723
0.0372163
0.0380122
0.0385558
0.0388695
0.0390082
0.0390289
0.038977
0.038893
0.0388262
0.038801
0.0313178
0.0313038
0.0312661
0.0311883
0.0311057
0.0310509
0.0310524
0.0311486
0.0313874
0.031813
0.0324027
0.032957
0.0333301
0.0335382
0.0336218
0.0336219
0.0335724
0.0335023
0.0334482
0.0334278
0.0268987
0.0268878
0.026858
0.026797
0.0267313
0.0266845
0.0266769
0.0267357
0.0268954
0.0271876
0.0275945
0.0279748
0.0282257
0.0283596
0.0284059
0.0283946
0.0283494
0.0282913
0.0282476
0.0282313
0.0223668
0.0223584
0.0223349
0.0222866
0.0222337
0.0221933
0.02218
0.0222136
0.0223174
0.0225129
0.0227881
0.0230439
0.0232093
0.0232927
0.0233153
0.0232982
0.0232577
0.0232094
0.0231742
0.0231615
0.0177524
0.0177461
0.0177276
0.0176894
0.017647
0.0176129
0.0175973
0.0176136
0.017678
0.0178055
0.0179874
0.0181558
0.018262
0.0183116
0.0183189
0.0182984
0.0182626
0.0182224
0.0181937
0.0181837
0.013077
0.0130722
0.013058
0.0130286
0.0129954
0.0129678
0.0129525
0.012958
0.0129955
0.0130741
0.0131887
0.0132939
0.0133582
0.0133849
0.0133835
0.0133643
0.013335
0.0133032
0.0132806
0.0132727
0.00835628
0.00835286
0.0083428
0.00832167
0.00829769
0.0082772
0.00826463
0.00826522
0.00828506
0.00832906
0.00839356
0.00845243
0.008486
0.00849757
0.00849282
0.00847725
0.0084554
0.00843263
0.00841676
0.00841122
0.00121002
0.00121054
0.0012071
0.0012006
0.00119493
0.00119054
0.00118802
0.00118773
0.0011898
0.00119505
0.00120086
0.00120491
0.00120677
0.00120611
0.00120286
0.00119784
0.00119175
0.00118636
0.00118551
0.00358821
-2.01598
-1.13798
-0.618149
-0.292709
-0.0473837
0.142785
0.295738
0.427617
0.559226
0.646101
-0.761693
-0.478844
-0.240088
-0.0411946
0.122977
0.25978
0.373997
0.467876
0.527389
0.540334
-0.290528
-0.132971
0.0114683
0.142812
0.25598
0.352334
0.431851
0.492446
0.532851
0.555643
-0.00945744
0.0921184
0.18888
0.279634
0.359322
0.427409
0.483351
0.52713
0.560333
0.58208
0.183495
0.25375
0.323162
0.388021
0.445943
0.496001
0.538109
0.572694
0.600505
0.619142
0.330293
0.378316
0.43319
0.481374
0.525755
0.565085
0.599118
0.627915
0.651463
0.666815
0.448024
0.486701
0.529259
0.568789
0.605459
0.638885
0.668351
0.693483
0.713767
0.72633
0.550013
0.584436
0.621195
0.657189
0.690736
0.721475
0.748607
0.771499
0.789293
0.79969
0.646908
0.681693
0.718292
0.754411
0.787511
0.817254
0.843041
0.864292
0.880111
0.889411
0.752393
0.791391
0.830326
0.867737
0.900861
0.929566
0.953701
0.973173
0.987492
0.997212
0.881263
0.924673
0.964396
1.00057
1.03145
1.05759
1.07957
1.09749
1.11123
1.12268
1.0439
1.08585
1.11986
1.14929
1.17409
1.19593
1.21579
1.23341
1.24858
1.26244
1.23518
1.26484
1.2867
1.30608
1.32458
1.34211
1.3584
1.37425
1.39108
1.40841
1.43222
1.44294
1.45536
1.47003
1.48468
1.4977
1.50911
1.52006
1.53286
1.54847
1.61951
1.62915
1.6388
1.64084
1.64138
1.64567
1.65665
1.6731
1.6905
1.69523
1.9243
1.86548
1.81377
1.77371
1.75145
1.74748
1.761
1.79473
1.85076
1.93011
0.468593
0.411507
0.369165
0.3357
0.311471
0.294189
0.281847
0.273044
0.26701
0.263527
0.262969
0.265506
0.270599
0.278202
0.288817
0.303545
0.324132
0.352741
0.39109
0.439119
0.272811
0.28191
0.288167
0.288912
0.285099
0.278905
0.272498
0.267086
0.26326
0.261511
0.262416
0.265683
0.270637
0.276854
0.283512
0.288951
0.290785
0.28729
0.278787
0.271558
0.248135
0.250261
0.254983
0.258923
0.262129
0.26409
0.264077
0.262512
0.260429
0.258818
0.258621
0.260137
0.262453
0.26467
0.265756
0.264884
0.262271
0.258776
0.254469
0.249925
0.241557
0.242476
0.245228
0.24823
0.250514
0.25225
0.253646
0.254406
0.254416
0.25417
0.254312
0.254982
0.255603
0.255549
0.254643
0.25322
0.251364
0.248768
0.245761
0.2436
0.236007
0.236482
0.238178
0.240732
0.243162
0.245061
0.246427
0.247502
0.248368
0.249001
0.24941
0.249527
0.24928
0.248669
0.247731
0.246303
0.244235
0.241748
0.239571
0.238411
0.231144
0.231384
0.232709
0.235023
0.237435
0.239765
0.241806
0.243303
0.24433
0.24504
0.245527
0.245727
0.245468
0.244662
0.243178
0.241163
0.238937
0.236626
0.234743
0.234031
0.228488
0.228592
0.229433
0.231048
0.232787
0.234402
0.235929
0.23746
0.238845
0.239931
0.240593
0.240646
0.240147
0.239219
0.238094
0.236801
0.235276
0.233669
0.232412
0.232032
0.227005
0.227063
0.227538
0.228504
0.229669
0.230959
0.232361
0.233704
0.23495
0.23606
0.236835
0.237069
0.236802
0.236171
0.235257
0.234174
0.233205
0.232271
0.231593
0.23139
0.225081
0.225115
0.225377
0.225926
0.226658
0.22751
0.228581
0.229814
0.231096
0.232301
0.233232
0.233617
0.233504
0.233078
0.232504
0.232009
0.231475
0.230996
0.23067
0.230561
0.222348
0.222364
0.222538
0.222952
0.223534
0.224194
0.225012
0.226053
0.227222
0.228455
0.229557
0.230232
0.230465
0.230412
0.230238
0.23002
0.229738
0.229445
0.229255
0.229201
0.21915
0.219157
0.219279
0.219623
0.220125
0.220767
0.221647
0.22263
0.223839
0.225214
0.226556
0.227525
0.228041
0.228262
0.228263
0.228156
0.228045
0.227859
0.227754
0.227734
0.215674
0.215678
0.215773
0.216058
0.216518
0.217121
0.217907
0.218929
0.220218
0.221778
0.223428
0.224765
0.225631
0.22615
0.226439
0.226542
0.226539
0.226479
0.226452
0.22645
0.211849
0.211857
0.211939
0.21219
0.212616
0.213221
0.214055
0.215179
0.21665
0.218493
0.220556
0.222322
0.223558
0.224364
0.224867
0.225155
0.225297
0.225357
0.225393
0.225402
0.207571
0.207576
0.207671
0.207917
0.208344
0.208987
0.209911
0.211201
0.21294
0.215183
0.217762
0.220058
0.2217
0.22284
0.223591
0.224067
0.224354
0.224518
0.224605
0.224623
0.202741
0.202747
0.202851
0.203128
0.203603
0.204337
0.205419
0.20696
0.209074
0.211844
0.215083
0.218005
0.220148
0.221667
0.222691
0.223361
0.223785
0.224041
0.22417
0.224197
0.197248
0.197254
0.197379
0.197706
0.198272
0.199156
0.200471
0.202362
0.20498
0.208437
0.212512
0.216223
0.21898
0.220918
0.222246
0.223129
0.223696
0.224042
0.224215
0.224251
0.190929
0.190937
0.191096
0.191503
0.192202
0.193301
0.19494
0.197303
0.200583
0.204925
0.210053
0.214733
0.218208
0.220673
0.222364
0.223492
0.22422
0.224664
0.224885
0.224932
0.183569
0.18358
0.183781
0.184295
0.185195
0.186601
0.188677
0.191657
0.195801
0.201275
0.207727
0.213604
0.217961
0.221056
0.223182
0.224601
0.225517
0.226075
0.226352
0.22641
0.174879
0.174892
0.175152
0.175822
0.176986
0.178791
0.181446
0.185264
0.190534
0.197455
0.205565
0.212917
0.218354
0.222213
0.224865
0.226636
0.227777
0.228471
0.228813
0.228886
0.164457
0.164475
0.164818
0.165694
0.16722
0.169569
0.17302
0.177943
0.18467
0.193436
0.203615
0.212779
0.219531
0.224317
0.22761
0.22981
0.23123
0.232088
0.232511
0.232597
0.151759
0.151785
0.152242
0.153405
0.155439
0.158539
0.163064
0.16944
0.178083
0.189201
0.201946
0.213315
0.221659
0.227569
0.231641
0.234371
0.236138
0.237206
0.237729
0.237831
0.135999
0.136038
0.136656
0.138238
0.141
0.145156
0.151153
0.159526
0.170687
0.184778
0.200663
0.214682
0.22493
0.232193
0.237213
0.240597
0.242797
0.244122
0.244759
0.244887
0.115985
0.116041
0.11691
0.119152
0.123022
0.128742
0.136883
0.148001
0.162448
0.180254
0.199916
0.217058
0.229549
0.23843
0.244607
0.248805
0.251566
0.253249
0.254048
0.254197
0.0898162
0.0899019
0.0912132
0.0945998
0.10028
0.108457
0.119761
0.134674
0.153406
0.175781
0.199886
0.220616
0.235693
0.246483
0.254075
0.259308
0.262804
0.264963
0.265998
0.266184
0.0543067
0.054469
0.0567132
0.0623337
0.071218
0.0834043
0.0994324
0.119566
0.143759
0.171596
0.200766
0.225494
0.243466
0.256459
0.265773
0.272352
0.276876
0.279732
0.281105
0.281343
0.0032191
0.00376627
0.00883098
0.0195146
0.0344688
0.0532442
0.0761414
0.103144
0.13397
0.168053
0.202761
0.231765
0.252851
0.268292
0.27963
0.287937
0.293922
0.297928
0.299948
0.300303
-0.0718466
-0.068522
-0.0543882
-0.0332446
-0.00847686
0.0195479
0.0511417
0.0862282
0.124515
0.165457
0.206192
0.239918
0.264579
0.282975
0.296923
0.307657
0.315995
0.322119
0.325677
0.326706
-0.151143
-0.143391
-0.118226
-0.0864599
-0.0516733
-0.0142617
0.0260541
0.0693017
0.115301
0.163629
0.211285
0.25081
0.280067
0.302362
0.31979
0.333739
0.345076
0.35439
0.361358
0.362943
-0.215293
-0.207273
-0.175383
-0.135166
-0.0920102
-0.0461516
0.00232886
0.0533581
0.106746
0.162089
0.216147
0.2608
0.293872
0.319176
0.339057
0.355021
0.367989
0.378335
0.385408
0.387115
-0.266285
-0.257619
-0.222039
-0.176729
-0.127351
-0.0748479
-0.0195243
0.0383566
0.0984236
0.160169
0.21999
0.268982
0.304937
0.332155
0.353251
0.369933
0.383337
0.393911
0.40097
0.402909
-0.307698
-0.298881
-0.261194
-0.211863
-0.157806
-0.100152
-0.0392763
0.0243932
0.0903154
0.157777
0.222663
0.275313
0.313524
0.342076
0.36392
0.380961
0.394456
0.404936
0.411966
0.414039
-0.342679
-0.333822
-0.294848
-0.242517
-0.184668
-0.122759
-0.0572143
0.0114277
0.0824967
0.155114
0.224693
0.2807
0.320879
0.350516
0.37287
0.390051
0.403465
0.413788
0.420672
0.422798
-0.373322
-0.364495
-0.324657
-0.269929
-0.208976
-0.143457
-0.0738765
-0.000838001
0.074899
0.152287
0.226212
0.285316
0.327312
0.357933
0.380749
0.39808
0.411457
0.421671
0.428383
0.430567
-0.401109
-0.392284
-0.351758
-0.29505
-0.231516
-0.162927
-0.0898118
-0.0128375
0.067135
0.148927
0.227044
0.289279
0.333165
0.36485
0.388205
0.405749
0.419153
0.429273
0.435865
0.438053
-0.426854
-0.418024
-0.376933
-0.318514
-0.252784
-0.181544
-0.105355
-0.0248972
0.0589688
0.145006
0.227311
0.292785
0.33871
0.371591
0.395593
0.413434
0.426924
0.437021
0.443432
0.445635
-0.451163
-0.442288
-0.400668
-0.340792
-0.273188
-0.199639
-0.12073
-0.037098
0.0503873
0.140475
0.226948
0.29583
0.344024
0.378317
0.403126
0.421382
0.435032
0.445134
0.451396
0.45359
-0.474407
-0.465465
-0.423378
-0.362271
-0.292992
-0.217388
-0.136054
-0.0495764
0.041227
0.135173
0.22585
0.298367
0.349128
0.385102
0.410928
0.429744
0.443649
0.453795
0.459963
0.462085
-0.496863
-0.487809
-0.445238
-0.383104
-0.312341
-0.234953
-0.151485
-0.0624611
0.0314046
0.129033
0.223911
0.300296
0.353959
0.391948
0.419054
0.438615
0.452904
0.463175
0.469268
0.471252
-0.518583
-0.50944
-0.466311
-0.403424
-0.331315
-0.25239
-0.167054
-0.0757509
0.0208971
0.121986
0.221008
0.301463
0.358387
0.398775
0.427489
0.448027
0.462847
0.473327
0.479393
0.481199
-0.539695
-0.530391
-0.486976
-0.423182
-0.349943
-0.26969
-0.182731
-0.0894372
0.00970465
0.113992
0.217041
0.301703
0.362216
0.405422
0.436129
0.457938
0.473482
0.484276
0.490344
0.491966
-0.560232
-0.550739
-0.507007
-0.442415
-0.368227
-0.286836
-0.198488
-0.103478
-0.00215219
0.105045
0.211919
0.300827
0.365208
0.411647
0.444807
0.468257
0.484772
0.495997
0.502067
0.503524
-0.580127
-0.570537
-0.526412
-0.461131
-0.386136
-0.30378
-0.214272
-0.117811
-0.0146
0.0951768
0.205586
0.298648
0.367079
0.417181
0.453341
0.47889
0.496625
0.508364
0.51438
0.515619
-0.599376
-0.589648
-0.54514
-0.479282
-0.403608
-0.320458
-0.229989
-0.132341
-0.0275497
0.0844375
0.198025
0.295024
0.367548
0.421676
0.461422
0.489707
0.509036
0.52132
0.527155
0.528087
-0.617918
-0.608092
-0.563174
-0.496842
-0.420586
-0.336794
-0.245565
-0.146971
-0.0409061
0.0729287
0.189252
0.289857
0.366331
0.42463
0.468547
0.500472
0.522107
0.534889
0.540082
0.540506
-0.635764
-0.625816
-0.580525
-0.513765
-0.437027
-0.352715
-0.260913
-0.161596
-0.0545533
0.060752
0.179349
0.283089
0.363195
0.425513
0.473989
0.5107
0.536101
0.549807
0.553214
0.552323
-0.652833
-0.642734
-0.59715
-0.530001
-0.452868
-0.368171
-0.275949
-0.176123
-0.0683677
0.0480415
0.16842
0.274711
0.358014
0.42388
0.476781
0.51928
0.550799
0.56796
0.568929
0.563739
-0.669142
-0.658975
-0.613032
-0.545556
-0.468129
-0.383186
-0.2907
-0.190585
-0.0823803
0.0347671
0.156416
0.264579
0.350555
0.419304
0.475688
0.524084
0.564185
0.590215
0.595274
0.579159
-0.684748
-0.674442
-0.628291
-0.560569
-0.48302
-0.398049
-0.305515
-0.205429
-0.0971305
0.0202909
0.142637
0.251948
0.339919
0.410925
0.468603
0.520735
0.568474
0.598944
0.607928
0.56577
-0.69991
-0.688856
-0.642914
-0.574909
-0.497435
-0.412656
-0.320206
-0.220426
-0.112362
0.00487891
0.127271
0.236937
0.325775
0.398639
0.454404
0.502498
0.547071
0.57471
0.538348
0.46961
-0.715704
-0.701542
-0.656787
-0.58863
-0.511646
-0.427161
-0.334992
-0.235551
-0.128061
-0.0114474
0.110274
0.219442
0.307558
0.382322
0.434834
0.462708
0.494362
0.486273
0.422352
0.347295
-0.731676
-0.733615
-0.670902
-0.599535
-0.523313
-0.439173
-0.349397
-0.250186
-0.143512
-0.0278912
0.0923576
0.199895
0.285431
0.363989
0.403955
0.381724
0.401291
0.35136
0.272839
0.189457
-0.705322
-0.703183
-0.648306
-0.57835
-0.498143
-0.411
-0.317068
-0.215393
-0.105776
0.0130592
0.126549
0.219491
0.292871
0.362428
0.401111
0.29711
0.20923
0.138521
0.0556969
-0.121837
-0.741029
-0.716274
-0.659097
-0.588607
-0.508845
-0.422467
-0.329506
-0.228934
-0.120739
-0.00393872
0.106364
0.195234
0.262222
0.305396
0.277382
0.132788
-0.0076514
-0.104508
-0.205768
-0.406273
-0.761863
-0.732184
-0.67487
-0.604071
-0.524943
-0.43921
-0.346713
-0.247476
-0.141162
-0.0271074
0.0793028
0.162726
0.221015
0.235734
0.146956
-0.0599017
-0.23446
-0.361674
-0.504988
-0.790577
-0.781214
-0.749362
-0.691268
-0.619987
-0.541163
-0.455936
-0.364324
-0.26659
-0.162396
-0.0514857
0.0503577
0.127312
0.174845
0.155783
-0.0143488
-0.266241
-0.49032
-0.672616
-0.884821
-1.34683
-0.798943
-0.766555
-0.707807
-0.636077
-0.557479
-0.472844
-0.382364
-0.286261
-0.184325
-0.0768825
0.0198536
0.0903207
0.124019
0.0600732
-0.181621
-0.473971
-0.761584
-1.02188
-1.3397
-2.223
-0.815746
-0.783747
-0.724671
-0.652783
-0.574425
-0.490452
-0.401152
-0.306763
-0.207231
-0.103505
-0.0122441
0.0514061
0.0668516
-0.0440149
-0.339426
-0.659959
-0.982586
-1.26752
-1.57105
-2.62376
-0.832575
-0.800955
-0.742027
-0.670216
-0.592172
-0.508893
-0.420812
-0.3282
-0.231283
-0.131514
-0.0461125
0.00993741
0.00749029
-0.163582
-0.478887
-0.806889
-1.121
-1.33718
-1.39514
-1.46744
-0.849764
-0.818501
-0.760066
-0.688477
-0.610923
-0.528533
-0.441885
-0.351399
-0.257544
-0.162403
-0.0834947
-0.0360998
-0.0642468
-0.293749
-0.603769
-0.919737
-1.18142
-1.31312
-1.338
-1.34888
-0.867496
-0.836583
-0.778432
-0.707389
-0.630481
-0.549187
-0.464289
-0.376307
-0.285928
-0.195994
-0.124212
-0.0866218
-0.146474
-0.415819
-0.714196
-1.01665
-1.25507
-1.30471
-1.31268
-1.31394
-0.885677
-0.855074
-0.797231
-0.726724
-0.6506
-0.570644
-0.487795
-0.402689
-0.316326
-0.232228
-0.168327
-0.142891
-0.236781
-0.533425
-0.808586
-1.09396
-1.33624
-1.33552
-1.30391
-1.29314
-0.904031
-0.873726
-0.816211
-0.746231
-0.670994
-0.592605
-0.512163
-0.430363
-0.348532
-0.270786
-0.216128
-0.204673
-0.334788
-0.650326
-0.881483
-1.08744
-1.25449
-1.27358
-1.25905
-1.25149
-0.921943
-0.892046
-0.834952
-0.765486
-0.691362
-0.614658
-0.537187
-0.459058
-0.382363
-0.311301
-0.26691
-0.266418
-0.453277
-0.78014
-0.943456
-0.945325
-1.07277
-1.18079
-1.23166
-1.24004
-0.938968
-0.909404
-0.85274
-0.783924
-0.710947
-0.636324
-0.561674
-0.488089
-0.417153
-0.352885
-0.319493
-0.330693
-0.598873
-0.97795
-1.15457
-0.966981
-1.07583
-1.27237
-1.38102
-1.40282
-0.954216
-0.92511
-0.868814
-0.80067
-0.728958
-0.656593
-0.585371
-0.516963
-0.452023
-0.394844
-0.371577
-0.400368
-0.766107
-1.31586
-1.76606
-1.75847
-1.68882
-1.72753
-1.78097
-1.80379
-0.966709
-0.938259
-0.882092
-0.814613
-0.744337
-0.674504
-0.607356
-0.544522
-0.48634
-0.436105
-0.420382
-0.469791
-0.923242
-1.69905
-2.58321
-3.02918
-2.89307
-2.61446
-2.44098
-2.41246
-0.974959
-0.947119
-0.891399
-0.824593
-0.755894
-0.688881
-0.626332
-0.570596
-0.520856
-0.476096
-0.460569
-0.537124
-1.00204
-1.84217
-2.90014
-3.67623
-3.70594
-3.46154
-3.10672
-2.94662
-0.977446
-0.950392
-0.895136
-0.829137
-0.762176
-0.698276
-0.641005
-0.593606
-0.556481
-0.51974
-0.496617
-0.580372
-0.952253
-1.62178
-2.37707
-3.01887
-3.17789
-3.0951
-2.87036
-2.76671
-0.972463
-0.946259
-0.891678
-0.826691
-0.76165
-0.701192
-0.650209
-0.614196
-0.596549
-0.58122
-0.555355
-0.585636
-0.773648
-1.06566
-1.3156
-1.54243
-1.62326
-1.55873
-1.40068
-1.27985
-0.958365
-0.933062
-0.879411
-0.815752
-0.752861
-0.696135
-0.652487
-0.631865
-0.646865
-0.69047
-0.698393
-0.637206
-0.544315
-0.394362
-0.158557
0.110532
0.340828
0.501568
0.614076
0.677104
-0.933366
-0.909192
-0.856908
-0.795029
-0.734478
-0.681601
-0.646071
-0.645895
-0.71553
-0.894708
-1.02335
-0.797017
-0.414365
0.1069
0.738197
1.27445
1.68953
1.92734
2.02714
2.05965
-0.896855
-0.873625
-0.823069
-0.763483
-0.705389
-0.655952
-0.628161
-0.651294
-0.801497
-1.21995
-1.58241
-1.12046
-0.443015
0.316819
1.07323
1.66147
2.08185
2.28841
2.36239
2.37899
-0.847884
-0.825955
-0.77724
-0.720437
-0.664624
-0.617352
-0.593611
-0.632522
-0.849637
-1.49126
-2.08099
-1.41141
-0.547376
0.317824
1.02706
1.51576
1.82549
1.97261
2.0339
2.05127
-0.785751
-0.765122
-0.719124
-0.665419
-0.611651
-0.564475
-0.538231
-0.569624
-0.77053
-1.35964
-1.804
-1.16692
-0.382001
0.364831
0.898569
1.23492
1.43189
1.53656
1.58924
1.60755
-0.70957
-0.691161
-0.648805
-0.598804
-0.547139
-0.498336
-0.462369
-0.4643
-0.567547
-0.855579
-0.947193
-0.502263
0.0454017
0.505885
0.810554
1.0034
1.12471
1.20169
1.24766
1.26611
-0.620974
-0.603831
-0.567163
-0.522741
-0.473892
-0.423761
-0.377379
-0.345081
-0.346019
-0.376149
-0.2938
0.00865972
0.317157
0.54526
0.704703
0.813872
0.892031
0.950817
0.988462
0.997853
-0.515753
-0.50608
-0.477997
-0.439473
-0.395428
-0.347413
-0.296442
-0.245183
-0.194614
-0.127757
-0.000910172
0.186383
0.362152
0.488503
0.580325
0.646253
0.69387
0.727505
0.749016
0.756229
-0.403496
-0.398745
-0.37945
-0.350203
-0.315092
-0.274235
-0.227382
-0.174324
-0.112525
-0.029746
0.0842818
0.216481
0.334026
0.420773
0.483654
0.527812
0.558592
0.579074
0.589162
0.591341
-0.30194
-0.299883
-0.286967
-0.265918
-0.239398
-0.207021
-0.167661
-0.119893
-0.0602283
0.0191687
0.115847
0.212286
0.293535
0.353848
0.396594
0.425643
0.444421
0.455625
0.460977
0.461736
-0.209728
-0.20867
-0.201276
-0.187608
-0.169298
-0.145568
-0.114914
-0.0753685
-0.0237582
0.0449222
0.123705
0.196162
0.254525
0.297269
0.326771
0.345959
0.357587
0.363892
0.366435
0.366418
-0.127873
-0.128035
-0.125003
-0.118026
-0.107153
-0.0914104
-0.0692037
-0.0384979
0.00326119
0.0592653
0.122074
0.177239
0.22015
0.250758
0.271263
0.283967
0.291034
0.294421
0.295562
0.295332
-0.062178
-0.062918
-0.0632276
-0.0616556
-0.0567571
-0.0472939
-0.0319816
-0.00909966
0.0234173
0.0675845
0.116609
0.158345
0.190046
0.212116
0.226346
0.234777
0.239191
0.241021
0.241492
0.241218
-0.0157507
-0.0166358
-0.0184121
-0.0196062
-0.018429
-0.0135734
-0.00360996
0.0129064
0.037499
0.0715114
0.109145
0.140665
0.16401
0.17991
0.189999
0.195776
0.198531
0.199478
0.199626
0.199364
0.0140602
0.013289
0.0113207
0.0094093
0.00907084
0.0113492
0.0175154
0.0290186
0.0472183
0.0730168
0.101597
0.125241
0.142512
0.154104
0.161161
0.164954
0.166592
0.166963
0.166899
0.166668
0.0319536
0.0313872
0.0297817
0.0280046
0.0272874
0.0285137
0.0325921
0.0406152
0.0538111
0.0730331
0.0945248
0.112257
0.124882
0.133091
0.137966
0.140485
0.141399
0.141413
0.141239
0.141048
0.0422638
0.0418762
0.0407413
0.0393903
0.0386733
0.0392783
0.0420344
0.047829
0.0575243
0.0717507
0.0876805
0.100721
0.109924
0.115875
0.119307
0.120933
0.121387
0.121223
0.121017
0.120864
0.048038
0.0477752
0.0470073
0.0460595
0.04553
0.0458872
0.047713
0.0517575
0.058798
0.0693157
0.0811282
0.0907897
0.097529
0.10176
0.104103
0.105143
0.105339
0.105113
0.104917
0.104797
0.0509549
0.0507698
0.0502271
0.0495399
0.0491386
0.0493796
0.0506942
0.0536076
0.0586891
0.0663707
0.0750525
0.0821039
0.0869543
0.089957
0.0915775
0.0922357
0.0922825
0.0920465
0.091873
0.0917783
0.0518373
0.0517019
0.0512934
0.0507614
0.0504275
0.0505479
0.0514444
0.0535249
0.0572277
0.0628362
0.0691748
0.074313
0.0778168
0.079949
0.0810535
0.08146
0.0814296
0.0812102
0.0810632
0.0809884
0.0511715
0.0510721
0.0507617
0.0503465
0.0500731
0.0501288
0.0507457
0.0522182
0.0548737
0.0589466
0.063565
0.0672863
0.0697959
0.0712905
0.0720377
0.0722783
0.0722063
0.0720097
0.0718867
0.0718277
0.0493404
0.0492667
0.0490307
0.0487057
0.0484795
0.0484901
0.048909
0.0499547
0.0518631
0.054806
0.0581412
0.0608169
0.0626037
0.063647
0.0641454
0.0642772
0.0641867
0.0640157
0.0639144
0.0638679
0.0466521
0.0465965
0.0464189
0.0461688
0.0459865
0.0459735
0.0462534
0.0469856
0.0483476
0.0504637
0.0528639
0.0547799
0.0560449
0.0567657
0.0570908
0.0571527
0.0570577
0.0569127
0.0568299
0.0567932
0.0433498
0.043307
0.0431741
0.0429844
0.0428409
0.0428168
0.0430025
0.0435138
0.0444807
0.0459906
0.0477069
0.0490689
0.0499555
0.0504476
0.0506544
0.0506733
0.0505826
0.0504621
0.0503951
0.0503661
0.0396137
0.0395803
0.0394799
0.0393362
0.0392232
0.039194
0.0393141
0.0396676
0.0403482
0.0414215
0.0426425
0.0436023
0.044217
0.0445483
0.0446752
0.0446687
0.0445857
0.0444859
0.0444315
0.0444088
0.0355718
0.0355455
0.0354687
0.0353587
0.0352691
0.0352383
0.0353132
0.0355545
0.03603
0.0367861
0.037645
0.038316
0.0387386
0.0389575
0.0390307
0.0390099
0.0389363
0.0388541
0.0388102
0.0387923
0.0313112
0.0312903
0.0312307
0.0311455
0.0310736
0.0310428
0.0310862
0.0312473
0.031575
0.032102
0.0327017
0.0331664
0.0334528
0.0335932
0.0336303
0.0336019
0.033538
0.0334708
0.0334351
0.0334211
0.0268936
0.0268771
0.0268302
0.0267631
0.0267046
0.0266745
0.0266962
0.0268009
0.0270237
0.0273871
0.0278004
0.0281167
0.0283058
0.028392
0.0284061
0.0283752
0.0283205
0.0282658
0.0282371
0.0282262
0.0223629
0.02235
0.0223129
0.0222596
0.0222113
0.0221824
0.0221898
0.0222553
0.0224028
0.0226479
0.0229271
0.023138
0.0232603
0.0233104
0.0233108
0.0232801
0.0232334
0.0231888
0.0231659
0.0231576
0.0177495
0.0177395
0.0177102
0.0176679
0.0176284
0.0176022
0.0176006
0.0176389
0.0177334
0.0178947
0.0180791
0.0182169
0.0182932
0.0183198
0.0183114
0.0182819
0.0182422
0.0182055
0.0181871
0.0181808
0.0130748
0.0130671
0.0130446
0.0130119
0.0129806
0.0129582
0.0129521
0.0129722
0.0130292
0.0131305
0.0132462
0.0133313
0.0133759
0.0133872
0.0133757
0.0133506
0.0133188
0.0132899
0.0132754
0.0132706
0.00835469
0.00834929
0.00833322
0.00830958
0.00828682
0.00826968
0.00826299
0.00827232
0.00830408
0.00836061
0.00842617
0.00847235
0.00849428
0.00849691
0.0084862
0.00846686
0.00844372
0.00842329
0.0084131
0.00840967
0.003598
0.00359623
0.00359178
0.00358039
0.00356805
0.00355801
0.00355104
0.00354948
0.00355606
0.00357278
0.00359734
0.00361963
0.00363187
0.00363526
0.00363186
0.00362333
0.00361162
0.0035987
0.00359031
0.00358717
-1.4749
-0.835741
-0.443603
-0.164061
0.0523444
0.221847
0.364371
0.490904
0.620767
0.601772
-0.575626
-0.354692
-0.135277
0.0447809
0.194616
0.319347
0.423866
0.503375
0.539037
0.544576
-0.196134
-0.0599718
0.0795053
0.2016
0.306213
0.394275
0.464704
0.514939
0.546706
0.562608
0.0505046
0.140882
0.235561
0.320933
0.394851
0.456925
0.506702
0.544916
0.573242
0.590962
0.226273
0.289423
0.356291
0.417966
0.471971
0.51803
0.556295
0.587422
0.611613
0.629446
0.362167
0.407843
0.457622
0.504178
0.546082
0.582758
0.614168
0.640368
0.660688
0.678312
0.472856
0.508195
0.549407
0.587493
0.622631
0.654139
0.681489
0.704282
0.72136
0.738891
0.570783
0.60247
0.639487
0.674281
0.706504
0.735531
0.760628
0.781105
0.795567
0.81308
0.666441
0.699587
0.736685
0.771352
0.802838
0.830673
0.854276
0.872942
0.88553
0.903244
0.773223
0.810666
0.849508
0.884845
0.915778
0.942214
0.964043
0.980981
0.99267
1.01092
0.904064
0.944778
0.98312
1.01665
1.04507
1.06909
1.08906
1.10482
1.11692
1.13542
1.06611
1.10337
1.13525
1.16216
1.1853
1.2061
1.22492
1.24124
1.2555
1.27356
1.25087
1.27642
1.29654
1.31543
1.33349
1.35042
1.3663
1.38248
1.39981
1.41896
1.43705
1.44889
1.46251
1.47753
1.49141
1.50359
1.51453
1.52607
1.54047
1.55908
1.62064
1.63521
1.6404
1.64094
1.6428
1.65027
1.66431
1.68236
1.69502
1.70854
1.89325
1.83893
1.79171
1.76025
1.7473
1.75192
1.77516
1.81992
1.88731
1.98282
0.332321
0.327678
0.32036
0.308579
0.295735
0.284414
0.275449
0.268789
0.264364
0.262398
0.263358
0.267
0.272819
0.280808
0.291103
0.303474
0.316357
0.326112
0.332005
0.335368
0.254129
0.2613
0.267419
0.271789
0.27325
0.271711
0.268341
0.264645
0.261675
0.260222
0.261068
0.263781
0.267519
0.271438
0.274252
0.274486
0.271544
0.266214
0.259211
0.253308
0.244632
0.247745
0.251252
0.254028
0.256319
0.25804
0.25861
0.258027
0.257005
0.256415
0.257012
0.258383
0.259636
0.259943
0.258906
0.25695
0.254536
0.251408
0.247898
0.245546
0.23872
0.240275
0.242861
0.245497
0.247474
0.248898
0.250054
0.250909
0.25137
0.251685
0.251994
0.252171
0.25192
0.251181
0.250111
0.24859
0.246358
0.243646
0.241571
0.240512
0.233396
0.234332
0.236416
0.238961
0.241385
0.243386
0.244835
0.24586
0.246625
0.247174
0.247502
0.247483
0.247067
0.246182
0.244689
0.242611
0.240208
0.23783
0.23637
0.235804
0.229522
0.230059
0.231725
0.233831
0.23588
0.237858
0.239684
0.241177
0.242273
0.243035
0.243392
0.243243
0.242518
0.241263
0.239627
0.237818
0.23584
0.233916
0.232865
0.232627
0.227742
0.228036
0.229044
0.230418
0.231846
0.233223
0.234564
0.235892
0.237111
0.238065
0.238497
0.238339
0.237772
0.236944
0.235951
0.23477
0.233512
0.23235
0.231754
0.231638
0.226142
0.226305
0.226858
0.227681
0.228674
0.229979
0.231296
0.23262
0.233855
0.234906
0.235497
0.235525
0.235111
0.234401
0.233479
0.232661
0.231979
0.231385
0.231084
0.231017
0.223799
0.223895
0.224231
0.224778
0.225449
0.226207
0.227207
0.228364
0.229589
0.230753
0.231533
0.231799
0.231701
0.231433
0.231128
0.23077
0.230411
0.230105
0.229952
0.229909
0.220786
0.220845
0.221106
0.221587
0.222201
0.222914
0.223869
0.224976
0.226226
0.227534
0.228576
0.229152
0.229347
0.229275
0.22921
0.229016
0.228763
0.228549
0.228465
0.228444
0.217448
0.217485
0.217688
0.2181
0.218637
0.219363
0.220244
0.221363
0.222719
0.224245
0.225596
0.226493
0.227009
0.227288
0.227309
0.227304
0.227194
0.227093
0.227066
0.227056
0.213812
0.213845
0.214013
0.214369
0.214886
0.215584
0.216511
0.217723
0.219249
0.221074
0.222817
0.224098
0.224938
0.225454
0.225735
0.225865
0.225889
0.225887
0.225897
0.225888
0.209773
0.209812
0.209967
0.210301
0.210816
0.211552
0.212577
0.213965
0.215771
0.218009
0.220237
0.221948
0.223126
0.223911
0.224404
0.224694
0.224851
0.224936
0.224975
0.224966
0.205234
0.20527
0.205446
0.205795
0.206351
0.207178
0.208363
0.210009
0.212202
0.214975
0.217799
0.220021
0.221606
0.222693
0.223409
0.223862
0.224138
0.224295
0.224358
0.224347
0.20009
0.200134
0.200334
0.200741
0.201388
0.202366
0.203793
0.205802
0.208513
0.211977
0.215546
0.218401
0.220462
0.221881
0.222835
0.223456
0.223846
0.224069
0.224155
0.224142
0.194206
0.194261
0.194506
0.194997
0.19579
0.19699
0.198754
0.201251
0.204639
0.20899
0.213496
0.217114
0.219729
0.22155
0.222781
0.223589
0.224101
0.224394
0.224505
0.224489
0.187397
0.187467
0.18778
0.188403
0.18939
0.190891
0.193109
0.196258
0.200525
0.206003
0.211673
0.216224
0.219519
0.221818
0.223376
0.224403
0.225057
0.22543
0.22557
0.22555
0.179415
0.179506
0.179912
0.180702
0.181962
0.183883
0.186717
0.190708
0.196106
0.20301
0.210129
0.215828
0.21995
0.222827
0.224777
0.226068
0.226893
0.227365
0.227539
0.227513
0.169923
0.170046
0.170578
0.171605
0.173236
0.175724
0.179358
0.184457
0.191316
0.200022
0.208938
0.216042
0.22117
0.224746
0.227173
0.228783
0.229818
0.230411
0.230629
0.230595
0.158445
0.158615
0.159329
0.160686
0.162826
0.16607
0.170783
0.177359
0.1861
0.19707
0.208196
0.217008
0.223357
0.227783
0.230787
0.232781
0.234069
0.234812
0.235081
0.235041
0.144301
0.144542
0.145529
0.147357
0.15022
0.154528
0.160732
0.169252
0.18041
0.194206
0.208022
0.218892
0.226709
0.232165
0.235874
0.238339
0.239933
0.240852
0.241188
0.241142
0.126513
0.126877
0.128281
0.130806
0.134732
0.14057
0.148817
0.159939
0.174215
0.191508
0.208556
0.221869
0.231439
0.238143
0.242724
0.245781
0.247766
0.248929
0.249356
0.249293
0.103615
0.104206
0.106272
0.109876
0.115428
0.123515
0.134671
0.149312
0.167567
0.18911
0.209958
0.226113
0.237746
0.245956
0.251625
0.255448
0.257949
0.259417
0.25996
0.259882
0.0731729
0.0742035
0.077455
0.082945
0.0911878
0.102772
0.118117
0.137444
0.160658
0.187227
0.212414
0.231786
0.245789
0.255792
0.262821
0.267656
0.270877
0.272785
0.273481
0.273382
0.0307293
0.0327925
0.0386826
0.0479093
0.0609015
0.0779911
0.0992569
0.124648
0.153841
0.186141
0.216099
0.238979
0.25562
0.267707
0.276424
0.282613
0.286889
0.289502
0.290435
0.290295
-0.0316849
-0.0257467
-0.0135415
0.00314947
0.0243254
0.0495692
0.0787011
0.111515
0.147562
0.186103
0.221083
0.247625
0.267069
0.281466
0.292184
0.300154
0.305931
0.309645
0.311047
0.31074
-0.106367
-0.0958377
-0.073269
-0.0455113
-0.0143994
0.0199177
0.057494
0.0982054
0.141693
0.187337
0.228444
0.259827
0.28326
0.30114
0.315006
0.325903
0.334509
0.339521
0.34135
0.341879
-0.180852
-0.162262
-0.130045
-0.0924426
-0.051965
-0.00875757
0.0371372
0.0856597
0.136548
0.189293
0.236535
0.272688
0.299945
0.321092
0.337882
0.351404
0.362304
0.369527
0.373399
0.374009
-0.2386
-0.216677
-0.178732
-0.134152
-0.0861732
-0.0354111
0.0179574
0.0737216
0.131522
0.19082
0.243531
0.28366
0.313778
0.337022
0.355319
0.36989
0.381463
0.389507
0.393655
0.394339
-0.285134
-0.261309
-0.219297
-0.169668
-0.11606
-0.0592868
0.000326506
0.0623714
0.126346
0.191538
0.248969
0.292231
0.324316
0.348746
0.367728
0.382681
0.394425
0.402676
0.406689
0.407462
-0.323479
-0.298952
-0.253835
-0.200316
-0.142309
-0.0806801
-0.0158368
0.0516585
0.121096
0.191546
0.253204
0.299196
0.332886
0.358203
0.377608
0.392676
0.404361
0.412597
0.416524
0.41727
-0.356524
-0.331508
-0.284284
-0.227571
-0.165868
-0.100096
-0.0307661
0.0415077
0.115896
0.191252
0.256835
0.305278
0.340351
0.366363
0.386039
0.401143
0.412747
0.420962
0.42484
0.425523
-0.385911
-0.360609
-0.311672
-0.252388
-0.187616
-0.118291
-0.0449769
0.0316231
0.110551
0.190437
0.259734
0.310579
0.347033
0.37377
0.393773
0.408974
0.420549
0.428712
0.432569
0.433179
-0.412807
-0.387326
-0.336947
-0.275484
-0.208094
-0.135692
-0.058876
0.0215914
0.104705
0.188992
0.262059
0.315415
0.353362
0.380922
0.401323
0.416677
0.428286
0.43641
0.440254
0.440722
-0.438004
-0.412266
-0.36068
-0.297336
-0.227702
-0.15263
-0.0727169
0.0112946
0.0983729
0.186959
0.263855
0.319891
0.35952
0.388059
0.408976
0.424561
0.436227
0.444341
0.448158
0.448502
-0.461907
-0.435928
-0.383256
-0.318356
-0.246739
-0.169298
-0.0865967
0.000649392
0.0914337
0.184188
0.265048
0.324023
0.365597
0.395332
0.416922
0.432843
0.44464
0.452742
0.456519
0.456776
-0.484866
-0.458599
-0.404958
-0.338748
-0.265377
-0.18585
-0.10067
-0.0105012
0.0837492
0.180601
0.265547
0.327761
0.371597
0.402799
0.425263
0.441649
0.453648
0.461758
0.465508
0.465708
-0.507064
-0.48047
-0.426076
-0.358643
-0.283738
-0.202397
-0.115027
-0.0221966
0.0752819
0.176101
0.265238
0.33099
0.377444
0.410439
0.43403
0.451061
0.463381
0.471569
0.475216
0.475409
-0.528597
-0.501651
-0.446657
-0.378078
-0.301856
-0.218938
-0.129642
-0.0344437
0.0659961
0.170595
0.26397
0.33353
0.383002
0.418168
0.443199
0.461096
0.473874
0.482193
0.485744
0.485904
-0.549525
-0.522236
-0.466618
-0.397066
-0.31973
-0.235447
-0.144489
-0.0472197
0.0558832
0.164028
0.261594
0.335169
0.388077
0.425875
0.452705
0.471714
0.485094
0.493611
0.497057
0.49714
-0.569803
-0.542227
-0.485993
-0.415618
-0.337334
-0.251897
-0.159522
-0.0604669
0.0449812
0.156379
0.257982
0.335691
0.392392
0.433326
0.462411
0.482851
0.496997
0.505754
0.509078
0.508996
-0.589467
-0.561572
-0.504766
-0.433694
-0.35461
-0.268216
-0.174661
-0.0741065
0.033366
0.147652
0.253051
0.334866
0.395562
0.440122
0.472086
0.494406
0.509498
0.518457
0.521579
0.521317
-0.608384
-0.580235
-0.522898
-0.451249
-0.371497
-0.284321
-0.18982
-0.0880432
0.02112
0.137893
0.246716
0.332478
0.397238
0.445853
0.481451
0.506349
0.522632
0.531576
0.534258
0.533796
-0.626649
-0.598144
-0.54039
-0.468229
-0.387932
-0.300141
-0.204903
-0.102164
0.0083426
0.127191
0.238975
0.32837
0.397098
0.449995
0.490016
0.518639
0.536757
0.545192
0.546728
0.546005
-0.644092
-0.615333
-0.557187
-0.484587
-0.403859
-0.315599
-0.219823
-0.116377
-0.00483257
0.115661
0.22988
0.322444
0.394808
0.451847
0.496894
0.53086
0.552697
0.560592
0.558902
0.557268
-0.66085
-0.631788
-0.573242
-0.500273
-0.419212
-0.330618
-0.234465
-0.130545
-0.018261
0.103439
0.219529
0.314677
0.390153
0.450664
0.500641
0.541475
0.570526
0.581679
0.575135
0.555755
-0.676816
-0.647486
-0.58869
-0.515462
-0.434259
-0.345513
-0.249229
-0.145128
-0.0324777
0.089958
0.207303
0.304354
0.382499
0.445391
0.499018
0.547
0.586654
0.605798
0.595463
0.608411
-0.692142
-0.662429
-0.603497
-0.530099
-0.448963
-0.360226
-0.264096
-0.160083
-0.0474614
0.0751673
0.193099
0.291083
0.371309
0.435236
0.488138
0.539026
0.578695
0.601184
0.548123
0.518824
-0.707414
-0.677027
-0.617398
-0.543808
-0.462936
-0.37437
-0.278878
-0.17515
-0.0629108
0.0593401
0.177075
0.274799
0.356159
0.420743
0.465468
0.507954
0.537241
0.517731
0.447793
0.398679
-0.723707
-0.691837
-0.629809
-0.556219
-0.475736
-0.387737
-0.293232
-0.190136
-0.0786846
0.0426071
0.159273
0.255704
0.336201
0.403459
0.440758
0.451537
0.445197
0.389836
0.308686
0.259717
-0.35546
-0.256591
-0.150351
-0.0353298
0.083772
0.189684
0.272889
0.0888547
-0.735367
-0.718487
-0.683168
-0.620423
-0.544837
-0.46179
-0.371621
-0.27428
-0.169479
-0.0563624
0.0607218
0.164347
0.244871
0.308181
0.349535
0.310339
0.157121
0.0557601
-0.0245683
-0.751415
-0.738911
-0.696831
-0.632949
-0.557308
-0.474765
-0.385529
-0.289215
-0.185832
-0.0746337
0.0395988
0.138845
0.213756
0.263409
0.256922
0.134702
-0.0462292
-0.177168
-0.28713
-0.770145
-0.758015
-0.713333
-0.648672
-0.573078
-0.49089
-0.402115
-0.306763
-0.204904
-0.0959283
0.0146557
0.10853
0.175732
0.208372
0.148844
-0.0490834
-0.266353
-0.43724
-0.589952
-0.788355
-0.776186
-0.730414
-0.664786
-0.589197
-0.507392
-0.419381
-0.325328
-0.225287
-0.11903
-0.0125769
0.0757078
0.13469
0.147448
0.0318949
-0.236454
-0.503332
-0.740286
-0.973558
-0.805444
-0.793725
-0.747563
-0.681199
-0.605648
-0.524247
-0.437159
-0.344527
-0.246491
-0.143196
-0.0411202
0.0410753
0.091189
0.0734647
-0.112361
-0.416007
-0.72985
-1.02294
-1.29886
-0.821962
-0.810847
-0.764864
-0.698219
-0.622788
-0.541814
-0.455634
-0.36443
-0.268482
-0.168171
-0.0706036
0.00514958
0.04603
-0.014326
-0.253708
-0.571596
-0.904623
-1.21044
-1.41105
-1.56059
-0.838941
-0.828175
-0.782473
-0.715957
-0.64083
-0.560423
-0.475264
-0.385688
-0.292091
-0.195221
-0.102877
-0.0344132
-0.00454194
-0.104493
-0.388675
-0.704334
-1.01967
-1.26175
-1.34948
-1.38626
-0.856276
-0.845924
-0.80054
-0.734384
-0.659685
-0.580044
-0.496132
-0.408504
-0.317672
-0.224821
-0.138327
-0.0777143
-0.0615786
-0.198959
-0.511941
-0.816779
-1.10682
-1.27754
-1.31652
-1.32468
-0.874204
-0.864042
-0.819061
-0.753251
-0.67916
-0.600446
-0.518058
-0.43275
-0.345151
-0.25673
-0.176728
-0.124646
-0.124348
-0.31103
-0.622483
-0.91183
-1.20083
-1.32526
-1.31581
-1.30814
-0.892451
-0.882415
-0.837871
-0.772391
-0.698985
-0.6214
-0.540792
-0.45818
-0.374212
-0.290724
-0.218152
-0.17535
-0.20062
-0.430557
-0.726562
-0.972709
-1.23985
-1.35567
-1.30086
-1.28039
-0.910472
-0.900785
-0.856579
-0.791524
-0.718863
-0.642563
-0.56393
-0.484485
-0.404638
-0.326645
-0.262061
-0.229464
-0.29017
-0.556117
-0.828604
-0.966291
-1.1033
-1.19876
-1.22828
-1.23434
-0.927814
-0.918342
-0.874772
-0.810116
-0.738265
-0.663459
-0.587241
-0.51115
-0.435918
-0.363925
-0.307643
-0.287265
-0.382336
-0.708899
-0.970151
-0.966441
-0.895099
-1.11099
-1.24491
-1.29005
-0.943887
-0.934648
-0.891552
-0.827458
-0.756491
-0.68331
-0.609838
-0.5376
-0.467667
-0.402204
-0.353556
-0.349026
-0.477091
-0.91989
-1.30192
-1.36051
-1.24206
-1.37573
-1.50899
-1.56876
-0.957848
-0.948823
-0.906214
-0.842533
-0.772531
-0.701187
-0.630754
-0.563022
-0.499281
-0.440823
-0.398622
-0.411608
-0.571927
-1.18666
-1.86725
-2.40263
-2.31462
-2.17154
-2.09514
-2.07665
-0.968385
-0.959587
-0.917528
-0.854269
-0.785289
-0.715978
-0.648942
-0.586441
-0.530109
-0.479364
-0.441761
-0.471351
-0.656346
-1.38099
-2.30633
-3.30472
-3.50241
-3.30283
-2.95146
-2.741
-0.973993
-0.965458
-0.923991
-0.861257
-0.793434
-0.726351
-0.663181
-0.60715
-0.560104
-0.518248
-0.483291
-0.509771
-0.70512
-1.3673
-2.23926
-3.19224
-3.61173
-3.58384
-3.31267
-3.03748
-0.972973
-0.964702
-0.923981
-0.861954
-0.795449
-0.730814
-0.672018
-0.623328
-0.587749
-0.561003
-0.532814
-0.537333
-0.668652
-1.12536
-1.63243
-2.12267
-2.42956
-2.48979
-2.36818
-2.18725
-0.963846
-0.955791
-0.915799
-0.85477
-0.789832
-0.727864
-0.673993
-0.634694
-0.617554
-0.619642
-0.623551
-0.593927
-0.610424
-0.693808
-0.740736
-0.723567
-0.675764
-0.573316
-0.447126
-0.331285
-0.944644
-0.936843
-0.897829
-0.838257
-0.775168
-0.716042
-0.667563
-0.640119
-0.651022
-0.717426
-0.821882
-0.795753
-0.5965
-0.312191
0.118925
0.577391
0.97226
1.24314
1.39839
1.47617
-0.913772
-0.90624
-0.868759
-0.811216
-0.750291
-0.694038
-0.650879
-0.636681
-0.686865
-0.876904
-1.18979
-1.16514
-0.66743
-0.104727
0.629372
1.277
1.79678
2.13261
2.27857
2.33302
-0.871165
-0.864151
-0.828287
-0.772426
-0.714235
-0.660527
-0.621324
-0.618341
-0.70973
-1.05972
-1.73596
-1.69762
-0.871042
-0.104584
0.72631
1.37595
1.83622
2.10057
2.21124
2.24993
-0.814945
-0.808006
-0.774151
-0.722106
-0.66639
-0.614369
-0.576017
-0.574682
-0.680354
-1.08491
-1.9261
-1.8236
-0.913341
-0.0779264
0.669182
1.19054
1.51891
1.69367
1.77818
1.81357
-0.744492
-0.738086
-0.708248
-0.659459
-0.60677
-0.555445
-0.513772
-0.501211
-0.572423
-0.864201
-1.37027
-1.16835
-0.517739
0.157083
0.669187
0.997181
1.19658
1.31192
1.37808
1.39762
-0.661079
-0.65553
-0.628365
-0.585761
-0.536577
-0.485956
-0.439015
-0.406972
-0.416195
-0.515337
-0.639571
-0.397503
0.0114761
0.393467
0.663852
0.842104
0.958781
1.03575
1.08267
1.10628
-0.569156
-0.565907
-0.542838
-0.504026
-0.4591
-0.410395
-0.359988
-0.311762
-0.272551
-0.244163
-0.169997
0.00415923
0.253844
0.447779
0.585375
0.683398
0.754413
0.806065
0.838764
0.853093
-0.458655
-0.456457
-0.441798
-0.41209
-0.375158
-0.33302
-0.285726
-0.234155
-0.178818
-0.113818
-0.0152871
0.127588
0.284827
0.40779
0.497075
0.561362
0.607096
0.639723
0.661727
0.671211
-0.351688
-0.35124
-0.342272
-0.320612
-0.292621
-0.259013
-0.219073
-0.172083
-0.116387
-0.0460558
0.0488686
0.161182
0.268582
0.353104
0.414513
0.457684
0.487174
0.506487
0.51736
0.52137
-0.254332
-0.254447
-0.249405
-0.235263
-0.215331
-0.190304
-0.158918
-0.119782
-0.0703951
-0.00604814
0.0766239
0.164692
0.241537
0.300946
0.343583
0.372672
0.391465
0.402805
0.408772
0.410615
-0.166681
-0.167444
-0.165027
-0.157067
-0.144737
-0.127928
-0.105185
-0.0747815
-0.0342663
0.0196637
0.0878877
0.156729
0.213618
0.256464
0.28648
0.306267
0.318355
0.324981
0.327991
0.328666
-0.092149
-0.092977
-0.0928787
-0.090441
-0.0847383
-0.0748834
-0.0596263
-0.0373112
-0.00583779
0.0373293
0.0917493
0.145117
0.187596
0.218803
0.240094
0.253512
0.2612
0.265034
0.266523
0.266717
-0.0362745
-0.0370137
-0.0381528
-0.0390952
-0.0379741
-0.0332869
-0.0237743
-0.00798297
0.0157552
0.0491917
0.0914586
0.132305
0.164044
0.186835
0.201895
0.211148
0.216229
0.218496
0.219192
0.219189
0.0012225
0.000656018
-0.000773863
-0.00290568
-0.00383052
-0.00226278
0.00313277
0.0137969
0.0311708
0.056544
0.0889165
0.119915
0.143515
0.160175
0.171065
0.177502
0.180777
0.182039
0.182281
0.18218
0.0243812
0.0239821
0.0227474
0.0206481
0.0192663
0.0196879
0.022835
0.0299056
0.0422977
0.0611714
0.0856096
0.109002
0.126621
0.138789
0.146427
0.150754
0.152817
0.153424
0.153361
0.153212
0.0379553
0.0376806
0.0367855
0.035156
0.033876
0.0338355
0.035855
0.0408346
0.0497651
0.0636334
0.0818398
0.0992888
0.112209
0.120955
0.126384
0.129366
0.130629
0.130831
0.130619
0.130465
0.0456767
0.0454819
0.0448776
0.0437385
0.0427788
0.042608
0.0438362
0.0472624
0.0537504
0.0640035
0.0774759
0.0903839
0.0998952
0.106287
0.110138
0.112127
0.11287
0.112861
0.112603
0.112464
0.0498575
0.049716
0.0493051
0.0485161
0.0478332
0.0477041
0.0485609
0.0509565
0.0555652
0.0630237
0.0729858
0.0825243
0.0894886
0.0940558
0.0967394
0.0980746
0.0985006
0.0983906
0.0981404
0.0980222
0.0516681
0.0515647
0.0512665
0.050679
0.050153
0.0500152
0.0505945
0.0523158
0.055671
0.0611068
0.0683804
0.0753378
0.080384
0.083664
0.0855525
0.08644
0.0866665
0.0865165
0.0862923
0.0861936
0.0517101
0.0516344
0.0514119
0.050959
0.0505423
0.0504036
0.0507771
0.051973
0.0543691
0.0583228
0.0636297
0.0687139
0.0723674
0.0747081
0.0760159
0.0765971
0.0767028
0.0765444
0.076352
0.0762711
0.0504086
0.0503526
0.0501858
0.0498369
0.0495059
0.0493757
0.0496181
0.0504605
0.0521757
0.0550218
0.0588737
0.0625482
0.0651717
0.0668274
0.06773
0.0681026
0.068132
0.0679765
0.0678132
0.0677473
0.0481073
0.0480648
0.0479397
0.0476724
0.0474107
0.0472913
0.0474397
0.0480226
0.0492441
0.0512922
0.0540714
0.0567162
0.0585922
0.0597578
0.060373
0.0606038
0.0605889
0.0604461
0.0603105
0.0602574
0.045081
0.0450483
0.0449548
0.0447531
0.0445506
0.0444481
0.0445372
0.044939
0.0458014
0.0472634
0.0492583
0.0511521
0.0524844
0.0532969
0.0537103
0.0538468
0.0538081
0.0536813
0.0535693
0.0535263
0.0415399
0.0415143
0.0414435
0.0412915
0.041136
0.0410502
0.0411005
0.0413748
0.0419807
0.04302
0.0444423
0.0457886
0.0467261
0.047286
0.0475583
0.0476327
0.0475841
0.0474761
0.0473851
0.0473502
0.0376347
0.0376145
0.0375599
0.0374447
0.037325
0.0372539
0.0372783
0.0374628
0.037885
0.0386181
0.0396248
0.040576
0.0412287
0.0416105
0.0417859
0.0418207
0.041769
0.0416777
0.0416035
0.0415752
0.0334717
0.0334558
0.0334132
0.033325
0.0332322
0.0331728
0.0331807
0.0333012
0.0335909
0.0341023
0.0348086
0.0354739
0.0359252
0.0361814
0.0362895
0.0362985
0.0362476
0.0361714
0.0361116
0.0360889
0.0291246
0.0291122
0.0290787
0.02901
0.0289365
0.0288857
0.0288819
0.0289578
0.0291538
0.0295073
0.0299984
0.0304586
0.0307653
0.0309329
0.0309961
0.0309895
0.0309417
0.0308775
0.0308287
0.0308105
0.0246444
0.0246348
0.0246084
0.0245545
0.0244956
0.0244519
0.0244411
0.024486
0.0246153
0.0248551
0.0251906
0.0255031
0.0257074
0.0258137
0.0258471
0.0258327
0.02579
0.025737
0.0256976
0.0256831
0.0200679
0.0200604
0.0200397
0.0199971
0.0199499
0.019913
0.0198984
0.0199224
0.0200048
0.0201631
0.0203873
0.0205957
0.0207286
0.0207931
0.0208071
0.0207878
0.02075
0.0207068
0.0206756
0.0206641
0.0154209
0.0154154
0.0153995
0.0153662
0.0153287
0.0152979
0.0152819
0.015292
0.0153414
0.0154423
0.0155878
0.0157221
0.0158055
0.0158425
0.0158443
0.0158237
0.0157909
0.0157555
0.0157307
0.0157218
0.0107217
0.0107178
0.0107057
0.0106802
0.0106513
0.0106271
0.010613
0.0106155
0.0106429
0.0107026
0.0107903
0.0108703
0.0109181
0.0109363
0.0109328
0.0109153
0.0108894
0.0108616
0.0108425
0.0108362
0.0059822
0.00597966
0.00597152
0.00595436
0.00593557
0.00592005
0.00591037
0.00590994
0.00592303
0.00595298
0.00599647
0.00603604
0.00605764
0.0060644
0.00606035
0.00604839
0.0060311
0.00601206
0.00599853
0.00599426
0.00359691
0.00359489
0.00358667
0.00357403
0.00356273
0.00355405
0.00354942
0.00355158
0.00356314
0.00358502
0.00360988
0.00362702
0.00363448
0.0036344
0.00362812
0.00361784
0.00360504
0.00359351
0.0035889
0.00118587
-1.16239
-0.722906
-0.407607
-0.157544
0.0419334
0.204147
0.338071
0.454007
0.536704
0.539347
-0.49921
-0.283734
-0.10128
0.0584642
0.194142
0.308997
0.404929
0.479578
0.526775
0.546341
-0.137792
-0.0100328
0.107864
0.216111
0.310668
0.391392
0.457714
0.508393
0.544821
0.567354
0.0940009
0.178265
0.260078
0.336658
0.40411
0.462029
0.510195
0.548756
0.579174
0.599262
0.261145
0.318158
0.380404
0.436058
0.486332
0.530249
0.56783
0.599169
0.624756
0.641563
0.392238
0.434127
0.482157
0.525486
0.565352
0.601213
0.632657
0.65937
0.681157
0.694922
0.500128
0.536259
0.574968
0.612436
0.647132
0.678864
0.707001
0.730854
0.749805
0.76107
0.598321
0.632222
0.668284
0.704224
0.737397
0.767512
0.793968
0.815999
0.832731
0.842299
0.697576
0.73408
0.771692
0.808712
0.841994
0.871322
0.896404
0.916787
0.931778
0.940933
0.812948
0.854518
0.894245
0.931761
0.964285
0.991956
1.01506
1.03362
1.04745
1.05781
0.958185
1.00169
1.03971
1.07342
1.10175
1.12589
1.14685
1.16449
1.17866
1.19103
1.137
1.17429
1.20266
1.22699
1.24834
1.26794
1.28636
1.30361
1.31992
1.33537
1.33496
1.35449
1.37037
1.38674
1.40353
1.4191
1.43284
1.44608
1.46168
1.47962
1.5243
1.53211
1.54408
1.55583
1.56577
1.57502
1.58541
1.59685
1.60824
1.61558
1.74343
1.7417
1.73364
1.71664
1.70533
1.70485
1.71705
1.74192
1.77565
1.80327
2.15193
1.96511
1.86361
1.80638
1.77739
1.77072
1.78605
1.8267
1.90246
2.04877
-0.708096
-0.709821
-0.671596
-0.606895
-0.531001
-0.446979
0.346873
0.415019
0.410837
0.339352
0.265164
0.185532
-0.105785
-0.400754
-0.757898
-1.24171
-1.85806
)
;

boundaryField
{
    wall-4
    {
        type            zeroGradient;
    }
    pressure-outlet-7
    {
        type            fixedValue;
        value           uniform 0;
    }
    velocity-inlet-6
    {
        type            zeroGradient;
    }
    velocity-inlet-5
    {
        type            zeroGradient;
    }
    frontAndBackPlanes
    {
        type            empty;
    }
}


// ************************************************************************* //
