/*--------------------------------*- C++ -*----------------------------------*\
  =========                 |
  \\      /  F ield         | OpenFOAM: The Open Source CFD Toolbox
   \\    /   O peration     | Website:  https://openfoam.org
    \\  /    A nd           | Version:  9
     \\/     M anipulation  |
\*---------------------------------------------------------------------------*/
FoamFile
{
    format      ascii;
    class       surfaceScalarField;
    location    "16";
    object      phi;
}
// * * * * * * * * * * * * * * * * * * * * * * * * * * * * * * * * * * * * * //

dimensions      [0 3 -1 0 0 0 0];

internalField   nonuniform List<scalar> 
4262
(
0.106995
0.470993
0.0954458
0.705135
0.0690544
0.858694
0.0468011
1.02102
0.0303099
1.21501
0.0191392
1.44939
0.0117355
1.73327
0.00664492
2.07613
0.00302523
2.48886
-0.000156517
2.98547
-0.00341847
2.98555
-0.00711146
2.48894
-0.0121722
2.0761
-0.0194677
1.73316
-0.0305437
1.4493
-0.0469803
1.21495
-0.0691849
1.02097
-0.095521
0.858639
-0.10704
0.705105
0.470948
0.112527
0.358466
0.134593
0.683069
0.11971
0.873577
0.0970508
1.04368
0.0734654
1.23859
0.0517856
1.47107
0.0341244
1.75093
0.0206561
2.0896
0.00955006
2.49997
-0.000762662
2.99579
-0.0110005
2.99579
-0.021816
2.49975
-0.0350263
2.08931
-0.0525495
1.75068
-0.0741396
1.47089
-0.0976148
1.23843
-0.120161
1.04351
-0.134941
0.87342
-0.112715
0.682878
0.358234
0.0916684
0.266798
0.124089
0.650649
0.12023
0.877436
0.104528
1.05938
0.0865258
1.2566
0.0673278
1.49027
0.047948
1.77031
0.0298447
2.1077
0.0138452
2.51597
-0.00115595
3.01079
-0.0160904
3.01073
-0.0318089
2.51547
-0.0497535
2.10725
-0.0689467
1.76988
-0.087882
1.48982
-0.105658
1.2562
-0.121158
1.05901
-0.124764
0.877025
-0.0919852
0.6501
0.266248
0.0625033
0.204294
0.102193
0.610959
0.103451
0.876178
0.0920615
1.07077
0.0785796
1.27008
0.0648105
1.50404
0.0491924
1.78593
0.0324355
2.12446
0.015493
2.53291
-0.00178233
3.02806
-0.0189369
3.02788
-0.0356745
2.53221
-0.0520083
2.12359
-0.0671944
1.78506
-0.0805528
1.50318
-0.0936193
1.26927
-0.104622
1.07002
-0.102982
0.875385
-0.0628396
0.609958
0.203409
0.0352616
0.169033
0.0757996
0.570421
0.0847293
0.867249
0.0771129
1.07838
0.0652356
1.28195
0.0541482
1.51512
0.0428496
1.79722
0.0299511
2.13735
0.0150286
2.54783
-0.00236526
3.04546
-0.0194873
3.045
-0.0339492
2.54667
-0.0463137
2.13595
-0.0570506
1.7958
-0.0675905
1.51372
-0.0790786
1.28076
-0.0862828
1.07722
-0.0768358
0.865938
-0.0356335
0.568755
0.167775
0.0175616
0.151471
0.0526123
0.53537
0.0661259
0.853735
0.063214
1.0813
0.0541542
1.29101
0.0439352
1.52534
0.0337884
1.80737
0.0232289
2.14791
0.0114094
2.55965
-0.00309684
3.05996
-0.0172281
3.05913
-0.0283803
2.55782
-0.0381394
2.14571
-0.0477006
1.80536
-0.0574507
1.52347
-0.065989
1.2893
-0.0683196
1.07955
-0.0539977
0.851616
-0.0180168
0.532775
0.149758
0.00792656
0.143545
0.0347348
0.508562
0.0493523
0.839118
0.0499636
1.08068
0.0443107
1.29667
0.03604
1.53361
0.0272641
1.81615
0.0179843
2.15719
0.00785083
2.56979
-0.00406002
3.07187
-0.0156728
3.07075
-0.0252049
2.56735
-0.0337156
2.15422
-0.0414058
1.81305
-0.0487244
1.53079
-0.0534431
1.29402
-0.0519004
1.07801
-0.0362149
0.835931
-0.00846453
0.505024
0.141294
0.00214538
0.141399
0.0184258
0.492282
0.0307702
0.826773
0.0338618
1.07759
0.0322554
1.29827
0.0280091
1.53786
0.0222249
1.82193
0.0147439
2.16467
0.00558153
2.57895
-0.00511373
3.08257
-0.0154165
3.08105
-0.0236607
2.5756
-0.0297968
2.16036
-0.0341271
1.81738
-0.0372669
1.53393
-0.0377453
1.29449
-0.033524
1.07379
-0.0200107
0.822417
-0.00270251
0.487716
0.138591
-0.000976488
0.142376
0.00609611
0.485209
0.0146698
0.818199
0.0188963
1.07337
0.0203285
1.29684
0.0195467
1.53864
0.0167354
1.82474
0.0113009
2.17011
0.00339121
2.58686
-0.00637464
3.09234
-0.0155149
3.09019
-0.0220213
2.5821
-0.0259542
2.16429
-0.0274031
1.81883
-0.0265941
1.53312
-0.023745
1.29164
-0.0181817
1.06822
-0.00826007
0.812496
0.000199916
0.479256
0.138791
-0.00130409
0.14368
0.00128479
0.48262
0.00680187
0.812682
0.0110876
1.06908
0.0136614
1.29427
0.0140384
1.53827
0.0121084
1.82667
0.00787843
2.17434
0.00107755
2.59366
-0.00774445
3.10116
-0.0159557
3.0984
-0.0212467
2.5874
-0.0239431
2.16699
-0.0241959
1.81908
-0.0217768
1.5307
-0.0174345
1.2873
-0.0113982
1.06219
-0.00394408
0.805041
0.000306185
0.475006
0.139098
-0.000592394
0.144272
0.000293691
0.481734
0.00431217
0.808664
0.00848008
1.06491
0.0113003
1.29145
0.011736
1.53783
0.00953086
1.82888
0.00496882
2.1789
-0.00181593
2.60044
-0.0102105
3.10955
-0.0178255
3.10602
-0.0226126
2.59218
-0.0247708
2.16914
-0.0241963
1.81851
-0.0216011
1.5281
-0.0165717
1.28227
-0.0101851
1.0558
-0.00381862
0.798675
-0.000562077
0.471749
0.138535
-0.000623888
0.144896
-0.000678115
0.481788
0.00250115
0.805485
0.00662399
1.06079
0.00972462
1.28835
0.010192
1.53736
0.00776556
1.8313
0.0026666
2.184
-0.00463949
2.60775
-0.0131671
3.11808
-0.020575
3.11342
-0.0251728
2.59678
-0.0262944
2.17027
-0.0253747
1.81759
-0.0219728
1.5247
-0.0160679
1.27637
-0.00927235
1.04901
-0.00361152
0.793014
-0.000880392
0.469018
0.137655
-0.00120825
0.146104
-0.00220332
0.482783
-0.000807755
0.804089
0.00264959
1.05733
0.00552026
1.28548
0.0060742
1.53681
0.00384511
1.83353
-0.000991233
2.18884
-0.0079834
2.61474
-0.0161195
3.12622
-0.0228742
3.12018
-0.0266882
2.60059
-0.0274598
2.17104
-0.0260194
1.81615
-0.0214112
1.52009
-0.0148904
1.26985
-0.00801159
1.04213
-0.00299881
0.788001
-0.000769535
0.466789
0.136886
-0.00151149
0.147616
-0.00356092
0.484833
-0.00354759
0.804076
-0.00126876
1.05505
0.00064117
1.28357
0.000702791
1.53675
-0.00180605
1.83604
-0.00652271
2.19355
-0.0130025
2.62122
-0.0203145
3.13353
-0.0258315
3.1257
-0.0282986
2.60306
-0.0280886
2.17083
-0.0252704
1.81333
-0.020245
1.51507
-0.0138936
1.2635
-0.00756432
1.0358
-0.00310966
0.783547
-0.000896837
0.464576
0.135989
-0.00178653
0.149402
-0.0046041
0.48765
-0.00567909
0.805151
-0.00541386
1.05479
-0.00493479
1.28309
-0.0057668
1.53758
-0.00848918
1.83876
-0.0130656
2.19813
-0.0190142
2.62717
-0.0253622
3.13988
-0.0294947
3.12983
-0.0304746
2.60404
-0.0290754
2.16943
-0.0254579
1.80971
-0.0203882
1.51
-0.0144414
1.25755
-0.0086329
1.02999
-0.00422953
0.779143
-0.00141882
0.461765
0.13457
-0.00196856
0.151371
-0.0053039
0.490986
-0.00736453
0.807211
-0.00826622
1.05569
-0.00945558
1.28428
-0.0118524
1.53998
-0.0157321
1.84264
-0.0208873
2.20328
-0.0267522
2.63304
-0.0321705
3.14529
-0.0347537
3.13241
-0.0339738
2.60326
-0.0311807
2.16663
-0.0264953
1.80503
-0.0208953
1.5044
-0.0149832
1.25164
-0.00950964
1.02452
-0.00511254
0.774746
-0.00178717
0.45844
0.132783
-0.0027037
0.154075
-0.00728781
0.49557
-0.011032
0.810955
-0.0135713
1.05823
-0.0162078
1.28691
-0.0196421
1.54341
-0.0241401
1.84714
-0.0296323
2.20878
-0.0353753
2.63878
-0.0399072
3.14983
-0.0409426
3.13345
-0.0385645
2.60088
-0.0343572
2.16243
-0.0289506
1.79962
-0.023069
1.49852
-0.0171559
1.24572
-0.0115447
1.0189
-0.00648207
0.769684
-0.00226522
0.454223
0.130517
-0.00329839
0.157373
-0.00884819
0.50112
-0.013786
0.815893
-0.0180377
1.06248
-0.0226886
1.29156
-0.0281467
1.54887
-0.0343374
1.85333
-0.0407985
2.21524
-0.0467018
2.64468
-0.050332
3.15346
-0.0495849
3.1327
-0.0454287
2.59673
-0.0393773
2.15638
-0.0325173
1.79276
-0.0255281
1.49153
-0.0189015
1.2391
-0.0128871
1.01289
-0.00743282
0.764229
-0.00263675
0.449427
0.127881
-0.00458356
0.161957
-0.0123229
0.508859
-0.0193021
0.822873
-0.025227
1.06841
-0.031211
1.29755
-0.0380334
1.55569
-0.0455798
1.86088
-0.0532995
2.22296
-0.0598215
2.6512
-0.0629035
3.15654
-0.060472
3.13027
-0.054399
2.59065
-0.0466303
2.14861
-0.0385321
1.78466
-0.0307615
1.48376
-0.0235636
1.2319
-0.0166803
1.00601
-0.00974409
0.757293
-0.00339878
0.443082
0.124482
-0.00558161
0.167538
-0.0147818
0.518059
-0.0234225
0.831513
-0.0316442
1.07663
-0.0405488
1.30645
-0.0501517
1.56529
-0.0600962
1.87082
-0.0694787
2.23234
-0.0766763
2.6584
-0.079111
3.15897
-0.0747689
3.12593
-0.0664848
2.58237
-0.0565627
2.13868
-0.0463839
1.77448
-0.0366847
1.47406
-0.0277271
1.22294
-0.0194286
0.997709
-0.0113976
0.749262
-0.00404359
0.435728
0.120438
-0.00792347
0.175462
-0.0208468
0.530982
-0.0324559
0.843122
-0.042742
1.08691
-0.0534049
1.31712
-0.0651742
1.57706
-0.0774538
1.8831
-0.0887428
2.24363
-0.0968746
2.66653
-0.0986361
3.16073
-0.0922187
3.11951
-0.0813147
2.57147
-0.0687957
2.12617
-0.0563906
1.76208
-0.045014
1.46268
-0.0348397
1.21277
-0.025065
0.987934
-0.0148009
0.738998
-0.00513148
0.426058
0.115307
-0.0096907
0.185152
-0.0251031
0.546395
-0.0398508
0.85787
-0.0539342
1.101
-0.06914
1.33232
-0.0848995
1.59282
-0.100421
1.89863
-0.114056
2.25726
-0.123042
2.67552
-0.123766
3.16146
-0.11475
3.11049
-0.100846
2.55756
-0.0853785
2.1107
-0.0701068
1.74681
-0.0557071
1.44828
-0.0423197
1.19938
-0.0296958
0.97531
-0.0173036
0.726606
-0.00602216
0.414777
0.109285
-0.0148721
0.200024
-0.0370423
0.568565
-0.0561436
0.876971
-0.0733297
1.11818
-0.0916336
1.35062
-0.111007
1.6122
-0.129784
1.9174
-0.145317
2.2728
-0.154419
2.68462
-0.153297
3.16034
-0.140861
3.09806
-0.123117
2.53982
-0.103838
2.09142
-0.0850799
1.72805
-0.068074
1.43128
-0.0529137
1.18422
-0.038228
0.960624
-0.0225176
0.710895
-0.00766318
0.399922
0.101622
-0.0186396
0.218664
-0.0467437
0.596669
-0.07297
0.903198
-0.096919
1.14213
-0.122173
1.37588
-0.146615
1.63664
-0.1686
1.93939
-0.18556
2.28976
-0.194157
2.69322
-0.190221
3.1564
-0.173619
3.08146
-0.151735
2.51793
-0.128689
2.06837
-0.106395
1.70575
-0.0853095
1.41019
-0.0653804
1.16429
-0.0459381
0.941182
-0.0264312
0.691388
-0.00867262
0.382164
0.0929489
-0.0334932
0.252157
-0.072995
0.636171
-0.105976
0.936178
-0.136424
1.17258
-0.166773
1.40623
-0.194965
1.66483
-0.218999
1.96342
-0.235861
2.30662
-0.242045
2.6994
-0.233597
3.14795
-0.211542
3.0594
-0.184454
2.49085
-0.156367
2.04029
-0.129349
1.67874
-0.104553
1.3854
-0.0816802
1.14142
-0.0589765
0.918478
-0.0348247
0.667237
-0.0110995
0.358439
0.0818495
-0.0461963
0.298354
-0.108542
0.698516
-0.155897
0.983534
-0.194767
1.21145
-0.23026
1.44172
-0.260557
1.69513
-0.284272
1.98714
-0.298308
2.32065
-0.299458
2.70055
-0.284392
3.13289
-0.255657
3.03067
-0.223192
2.45838
-0.190781
2.00787
-0.159992
1.64795
-0.131301
1.3567
-0.10413
1.11425
-0.0756128
0.889961
-0.0418719
0.633496
-0.0120887
0.328655
0.0697608
-0.0297195
0.328073
-0.0809517
0.749748
-0.127591
1.03017
-0.171282
1.25514
-0.212271
1.48271
-0.251539
1.73439
-0.286659
2.02226
-0.315033
2.34903
-0.332801
2.71832
-0.333126
3.13321
-0.312582
3.01012
-0.279591
2.42539
-0.23996
1.96824
-0.197503
1.60549
-0.15418
1.31338
-0.110972
1.07104
-0.0683824
0.847371
-0.0307078
0.595821
-0.00645433
0.304402
0.0633065
-0.00477714
0.33285
-0.0306558
0.775627
-0.0655704
1.06509
-0.103159
1.29273
-0.140584
1.52013
-0.176053
1.76986
-0.207746
2.05395
-0.23315
2.37443
-0.247905
2.73307
-0.245341
3.13065
-0.22275
2.98753
-0.188869
2.39151
-0.150028
1.9294
-0.110194
1.56566
-0.0721054
1.27529
-0.0372426
1.03618
-0.00842174
0.81855
0.00813567
0.579264
0.00717291
0.305365
0.0704794
0.00409328
0.328757
-0.0111803
0.7909
-0.0367581
1.09067
-0.0664902
1.32246
-0.0971426
1.55079
-0.127328
1.80005
-0.155194
2.08182
-0.177483
2.39672
-0.189802
2.74539
-0.186075
3.12692
-0.164957
2.96641
-0.135481
2.36203
-0.103061
1.89698
-0.0708481
1.53344
-0.0409896
1.24543
-0.0150098
1.0102
0.00433842
0.799202
0.012144
0.571458
0.00742822
0.31008
0.0779076
0.00553209
0.323225
-0.00383336
0.800266
-0.0235548
1.11039
-0.0476641
1.34657
-0.0720643
1.57519
-0.0974174
1.8254
-0.12139
2.10579
-0.140827
2.41616
-0.151637
2.7562
-0.148829
3.12411
-0.130974
2.94856
-0.105844
2.3369
-0.0793149
1.87046
-0.0537968
1.50792
-0.0300728
1.22171
-0.00959599
0.98972
0.00515874
0.784448
0.00985764
0.566759
0.00505431
0.314884
0.0829619
0.00726197
0.315963
0.0005646
0.806963
-0.0169704
1.12792
-0.0370263
1.36663
-0.0578616
1.59602
-0.0797124
1.84725
-0.100592
2.12667
-0.118003
2.43357
-0.128231
2.76643
-0.126642
3.12252
-0.111809
2.93372
-0.0914145
2.31651
-0.0691729
1.84821
-0.0474218
1.48617
-0.0275351
1.20182
-0.0110698
0.973255
0.000576262
0.772801
0.00415643
0.563179
0.00202572
0.317014
0.0849876
0.00650731
0.309456
0.00199213
0.811478
-0.013188
1.1431
-0.0313996
1.38484
-0.0502782
1.6149
-0.0696833
1.86666
-0.0884275
2.14541
-0.10437
2.44951
-0.114057
2.77612
-0.113149
3.12162
-0.100168
2.92074
-0.0815865
2.29793
-0.0621905
1.82882
-0.0439168
1.4679
-0.0277436
1.18565
-0.0144577
0.959969
-0.00543641
0.76378
-0.00072703
0.55847
-4.8841e-05
0.316336
0.0849388
0.00465287
0.304803
0.00184462
0.814287
-0.0114469
1.15639
-0.0283271
1.40172
-0.0461731
1.63275
-0.0641835
1.88467
-0.0815813
2.16281
-0.0965815
2.46451
-0.106411
2.78595
-0.107109
3.12231
-0.0962065
2.90984
-0.07964
2.28136
-0.0616728
1.81085
-0.0453305
1.45156
-0.0308392
1.17116
-0.0188099
0.94794
-0.010438
0.755408
-0.00515894
0.553191
-0.00140991
0.312587
0.0835289
0.00258926
0.302213
0.000397399
0.816479
-0.0114907
1.16828
-0.0270038
1.41723
-0.0439029
1.64965
-0.061133
1.9019
-0.0778789
2.17956
-0.0926555
2.47929
-0.103113
2.79641
-0.10442
3.12362
-0.0945609
2.89998
-0.0798548
2.26665
-0.0638469
1.79484
-0.0478557
1.43557
-0.0343828
1.15769
-0.0232828
0.93684
-0.0138718
0.745997
-0.00699621
0.546315
-0.00211973
0.307711
0.0814091
0.000303105
0.30191
-0.00238422
0.819166
-0.0128948
1.17879
-0.0268767
1.43122
-0.042741
1.66551
-0.0594416
1.9186
-0.0760084
2.19612
-0.0909804
2.49426
-0.102072
2.8075
-0.105263
3.12681
-0.0973701
2.89209
-0.0824919
2.25178
-0.0663979
1.77875
-0.0518806
1.42105
-0.0384202
1.14423
-0.0262976
0.924717
-0.0169849
0.736685
-0.00906661
0.538397
-0.00274963
0.301394
0.0786595
-0.000792096
0.302702
-0.0054458
0.82382
-0.0148309
1.18818
-0.0275321
1.44392
-0.0423313
1.68031
-0.058467
1.93473
-0.075034
2.21269
-0.0905448
2.50977
-0.102968
2.81992
-0.108014
3.13186
-0.101407
2.88548
-0.0883819
2.23875
-0.0726661
1.76303
-0.0564513
1.40483
-0.0419891
1.12976
-0.0299262
0.912654
-0.0191911
0.72595
-0.0102398
0.529445
-0.00331411
0.294468
0.0753454
-0.00285607
0.305558
-0.00783629
0.8288
-0.0168421
1.19718
-0.0286446
1.45572
-0.0425608
1.69423
-0.0581368
1.95031
-0.0746781
2.22923
-0.0909096
2.526
-0.104857
2.83387
-0.112077
3.13908
-0.108098
2.8815
-0.0952588
2.22591
-0.0786019
1.74638
-0.0624772
1.38871
-0.0482206
1.11551
-0.0354238
0.899857
-0.0236021
0.714128
-0.0125159
0.518359
-0.00399577
0.285948
0.0713496
-0.00400042
0.309559
-0.00921786
0.834017
-0.0180892
1.20605
-0.0295263
1.46716
-0.0429462
1.70765
-0.0580884
1.96545
-0.0745802
2.24572
-0.0914244
2.54285
-0.106557
2.849
-0.115933
3.14845
-0.113976
2.87955
-0.102833
2.21477
-0.0871189
1.73066
-0.0691545
1.37074
-0.0523355
1.09869
-0.03689
0.884412
-0.0242217
0.701459
-0.0136688
0.507806
-0.00454677
0.276826
0.0668028
-0.00429933
0.313858
-0.0101613
0.839879
-0.0188791
1.21477
-0.0300853
1.47836
-0.0432255
1.72079
-0.0580738
1.9803
-0.0744681
2.26212
-0.0918039
2.56018
-0.108388
2.86558
-0.120982
3.16105
-0.122127
2.88069
-0.111803
2.20444
-0.0943513
1.71321
-0.0769427
1.35334
-0.0593569
1.0811
-0.0451689
0.870224
-0.0313346
0.687625
-0.0162635
0.492735
-0.00518514
0.265747
0.0616177
-0.00425491
0.318113
-0.0105236
0.846148
-0.0191872
1.22344
-0.0301372
1.48931
-0.0430457
1.73369
-0.0576885
1.99494
-0.0740991
2.27853
-0.0920028
2.57809
-0.109906
2.88349
-0.124264
3.17541
-0.127494
2.88392
-0.11928
2.19623
-0.104669
1.6986
-0.0836914
1.33236
-0.0641065
1.06152
-0.045397
0.851514
-0.0289126
0.671141
-0.0162697
0.480092
-0.00525395
0.254732
0.0563638
-0.00425297
0.322366
-0.0108131
0.852708
-0.0192865
1.23191
-0.029859
1.49989
-0.0424788
1.74631
-0.0569596
2.00942
-0.0734198
2.29499
-0.0917737
2.59644
-0.110851
2.90256
-0.128087
3.19264
-0.136151
2.89199
-0.130944
2.19102
-0.114391
1.68205
-0.0944529
1.31242
-0.0728182
1.03988
-0.0539055
0.832602
-0.0372691
0.654504
-0.0193301
0.462153
-0.00548483
0.240886
0.0508789
-0.00424214
0.326608
-0.0107991
0.859265
-0.0190648
1.24017
-0.029294
1.51011
-0.04156
1.75858
-0.0558125
2.02368
-0.0722748
2.31145
-0.0910252
2.61519
-0.111201
2.92274
-0.130772
3.21221
-0.14127
2.90248
-0.139112
2.18887
-0.127665
1.6706
-0.106438
1.29119
-0.080099
1.01354
-0.0524319
0.804935
-0.0311948
0.633267
-0.0161102
0.447069
-0.00409422
0.228871
0.0467847
-0.0041927
0.330801
-0.0106937
0.865766
-0.018651
1.24813
-0.0285198
1.51998
-0.0404078
1.77047
-0.0543723
2.03764
-0.0707528
2.32783
-0.0897709
2.63421
-0.110987
2.94396
-0.132955
3.23418
-0.14753
2.91706
-0.147988
2.18932
-0.135194
1.65781
-0.114589
1.27059
-0.0881686
0.987123
-0.0625187
0.779285
-0.0369789
0.607727
-0.0154569
0.425547
-0.00315526
0.216569
0.0436295
-0.0040332
0.334834
-0.0103645
0.872097
-0.0180732
1.25584
-0.0275834
1.52949
-0.0390521
1.78194
-0.0526565
2.05125
-0.0688386
2.34401
-0.0879441
2.65332
-0.109764
2.96578
-0.133064
3.25748
-0.149809
2.9338
-0.15466
2.19418
-0.150078
1.65322
-0.131203
1.25171
-0.10221
0.95813
-0.0615579
0.738632
-0.0206765
0.566846
0.00730074
0.39757
0.0161485
0.207721
0.059778
-0.00378873
0.338623
-0.00995205
0.878261
-0.0173527
1.26324
-0.0264814
1.53862
-0.0375342
1.79299
-0.0507461
2.06446
-0.0666474
2.35991
-0.08576
2.67243
-0.108247
2.98826
-0.133837
3.28307
-0.155298
2.95526
-0.165655
2.20453
-0.159295
1.64686
-0.142993
1.23541
-0.113881
0.929017
-0.0752789
0.70003
-0.0220293
0.513596
0.0189127
0.356628
0.0125019
0.214132
0.0722799
-0.00349055
0.342113
-0.00941931
0.884189
-0.01654
1.27036
-0.0252633
1.54735
-0.035906
1.80363
-0.0486856
2.07724
-0.0642599
2.37549
-0.0832476
2.69142
-0.106102
3.01112
-0.132663
3.30963
-0.155456
2.97806
-0.169011
2.21809
-0.173739
1.65159
-0.163414
1.22509
-0.137293
0.902896
-0.0845337
0.647271
0.00732012
0.421743
0.119296
0.244651
0.154867
0.178561
0.227147
-0.00326142
0.345375
-0.00906182
0.88999
-0.0160485
1.27735
-0.0246936
1.55599
-0.0354245
1.81436
-0.048513
2.09033
-0.0648115
2.39179
-0.08516
2.71176
-0.110576
3.03653
-0.141675
3.34073
-0.171126
3.00751
-0.193089
2.24005
-0.199807
1.65831
-0.192806
1.21809
-0.171653
0.881743
-0.148249
0.623868
-0.168197
0.441691
-0.374532
0.450986
-0.905026
0.709055
0.884937
-1.56282
-0.00306473
0.34844
-0.00856639
0.895491
-0.015328
1.28411
-0.0237474
1.56441
-0.0342869
1.8249
-0.0473417
2.10338
-0.0638794
2.40833
-0.0849703
2.73285
-0.112019
3.06358
-0.146502
3.37521
-0.18171
3.04271
-0.209015
2.26736
-0.235195
1.68449
-0.249195
1.23209
-0.260536
0.893084
-0.336258
0.699589
-0.67903
0.784463
-1.37075
1.1427
-1.98927
1.32757
1.22449
-2.32881
-0.00287219
0.351312
-0.00805595
0.900675
-0.0145276
1.29058
-0.022692
1.57257
-0.0330299
1.83524
-0.0460221
2.11637
-0.062752
2.42506
-0.0844836
2.75459
-0.113075
3.09217
-0.150947
3.41309
-0.190911
3.08268
-0.227868
2.30431
-0.257332
1.71395
-0.277967
1.25272
-0.366404
0.981521
-0.729108
1.06229
-1.47097
1.52632
-2.06717
1.7389
-2.31744
1.57784
1.34426
-2.43721
-0.00259132
0.353903
-0.0074428
0.905527
-0.0136299
1.29677
-0.0215105
1.58045
-0.0315878
1.84532
-0.0444718
2.12926
-0.0613191
2.4419
-0.0835781
2.77685
-0.113595
3.12219
-0.154984
3.45448
-0.203169
3.13086
-0.245497
2.34664
-0.293634
1.76209
-0.386954
1.34604
-0.688888
1.28345
-1.38248
1.75588
-1.99113
2.13498
-2.24108
1.98885
-2.3604
1.69717
1.41296
-2.42911
-0.00231537
0.356218
-0.00680469
0.910016
-0.0126575
1.30262
-0.0202138
1.58801
-0.0300684
1.85517
-0.0427881
2.14198
-0.0596558
2.45877
-0.0823685
2.79956
-0.113764
3.15358
-0.157959
3.49867
-0.21021
3.18312
-0.266008
2.40244
-0.326609
1.82269
-0.491441
1.51087
-1.03683
1.82884
-1.73321
2.45226
-2.08063
2.4824
-2.23988
2.1481
-2.32791
1.7852
1.48149
-2.39643
-0.00212691
0.358345
-0.00642995
0.914319
-0.012237
1.30843
-0.0197629
1.59554
-0.029741
1.86515
-0.0425951
2.15483
-0.0598163
2.47599
-0.0832208
2.82296
-0.115991
3.18635
-0.163364
3.54604
-0.223242
3.24299
-0.278659
2.45786
-0.371214
1.91524
-0.724961
1.86462
-1.43062
2.5345
-1.93473
2.95637
-2.14656
2.69423
-2.25931
2.26085
-2.33923
1.86513
1.54832
-2.40606
-0.00206004
0.360405
-0.00651032
0.918769
-0.0125749
1.31449
-0.0204188
1.60338
-0.0307935
1.87553
-0.0441224
2.16816
-0.0619723
2.49384
-0.0863535
2.84734
-0.12082
3.22082
-0.171401
3.59662
-0.235853
3.30744
-0.312219
2.53422
-0.490059
2.09308
-0.984568
2.35913
-1.6197
3.16963
-1.92728
3.26395
-2.08466
2.85161
-2.20565
2.38184
-2.3027
1.96218
1.61527
-2.36965
-0.00187388
0.362279
-0.00641683
0.923312
-0.0127994
1.32088
-0.0210124
1.61159
-0.0317701
1.88628
-0.0456157
2.182
-0.0641331
2.51236
-0.0894916
2.8727
-0.125501
3.25683
-0.178671
3.64979
-0.245631
3.3744
-0.329793
2.61838
-0.585863
2.34915
-1.19111
2.96437
-1.71169
3.69021
-1.93074
3.483
-2.08315
3.00402
-2.2216
2.52028
-2.34517
2.08575
1.68136
-2.41127
-0.00169551
0.363975
-0.00639864
0.928015
-0.013079
1.32756
-0.021658
1.62017
-0.0328351
1.89746
-0.0471666
2.19634
-0.066311
2.5315
-0.0926088
2.899
-0.130211
3.29443
-0.186452
3.70604
-0.262846
3.4508
-0.38908
2.74462
-0.723976
2.68405
-1.33064
3.57103
-1.72233
4.08191
-1.91381
3.67448
-2.03337
3.12358
-2.14106
2.62798
-2.22147
2.16616
1.67861
-2.21872
-0.0013454
0.36532
-0.00601036
0.93268
-0.0130047
1.33455
-0.0220155
1.62918
-0.0336341
1.90908
-0.0484752
2.21118
-0.0682194
2.55125
-0.0953395
2.92612
-0.13423
3.33332
-0.192209
3.76401
-0.268739
3.52733
-0.415267
2.89115
-0.822348
3.09113
-1.38686
4.13554
-1.67774
4.37279
-1.86049
3.85722
-1.97208
3.23518
-1.98657
2.64247
-1.94321
2.1228
1.68104
-1.94564
-0.00103038
0.366351
-0.00577516
0.937425
-0.0129174
1.34169
-0.0222965
1.63856
-0.0341986
1.92098
-0.0492147
2.22619
-0.0691053
2.57114
-0.0962687
2.95328
-0.135106
3.37216
-0.193499
3.82241
-0.279979
3.61381
-0.464909
3.07608
-0.88908
3.5153
-1.3504
4.59686
-1.55139
4.57378
-1.63962
3.94545
-1.66345
3.25901
-1.53375
2.51276
-1.05129
1.64035
0.629748
-0.000470179
0.366821
-0.00475743
0.941712
-0.0121955
1.34913
-0.0222018
1.64857
-0.0347712
1.93355
-0.0507012
2.24212
-0.0719505
2.59239
-0.101042
2.98238
-0.143032
3.41415
-0.205974
3.88535
-0.298971
3.7068
-0.515129
3.29224
-0.998288
3.99846
-1.39959
4.99817
-1.52158
4.69577
-1.53803
3.96189
-1.45858
3.17956
-1.24044
2.29462
-0.679807
1.07972
-0.0500599
8.48812e-05
0.366736
-0.00387081
0.945668
-0.0114784
1.35674
-0.021957
1.65905
-0.0350009
1.94659
-0.0517105
2.25883
-0.0741101
2.61479
-0.104884
3.01315
-0.14964
3.45891
-0.219398
3.95511
-0.332039
3.81944
-0.58853
3.54873
-1.09558
4.50551
-1.4118
5.31439
-1.49633
4.7803
-1.49084
3.95641
-1.3153
3.00402
-0.84133
1.82065
-0.140098
0.378484
-0.190158
0.00132924
0.365407
-0.00159731
0.948595
-0.0097995
1.36494
-0.0206846
1.66993
-0.0341078
1.96002
-0.0515431
2.27627
-0.0751638
2.63841
-0.107669
3.04565
-0.15529
3.50653
-0.228701
4.02852
-0.352387
3.94313
-0.647814
3.84416
-1.15971
5.0174
-1.38325
5.53793
-1.42772
4.82476
-1.37444
3.90314
-1.10513
2.7347
-0.396381
1.1119
0.0278282
-0.0457255
-0.16233
0.00221729
0.363189
0.000243656
0.950568
-0.0079439
1.37313
-0.0189062
1.6809
-0.0325259
1.97364
-0.0504996
2.29424
-0.0746342
2.66254
-0.107704
3.07872
-0.15607
3.55489
-0.235356
4.10781
-0.375683
4.08346
-0.702525
4.171
-1.1847
5.49958
-1.33896
5.69219
-1.35684
4.84264
-1.21716
3.76345
-0.795389
2.31293
-0.126066
0.442581
0.0319366
-0.203728
-0.130393
0.00366164
0.359528
0.00267903
0.951551
-0.00468557
1.38049
-0.015406
1.69162
-0.0291135
1.98734
-0.0474005
2.31253
-0.0718122
2.68695
-0.105599
3.11251
-0.155677
3.60497
-0.240188
4.19232
-0.396756
4.24003
-0.743321
4.51756
-1.16301
5.91927
-1.26514
5.79432
-1.25348
4.83099
-1.01581
3.52579
-0.455327
1.75245
-0.00825583
-0.00449008
0.0228967
-0.234881
-0.107496
0.00501459
0.354513
0.00541331
0.951152
-0.000913036
1.38682
-0.0109421
1.70164
-0.0244909
2.00089
-0.0426236
2.33066
-0.0666512
2.71098
-0.100485
3.14635
-0.14941
3.6539
-0.230446
4.27335
-0.39197
4.40155
-0.745563
4.87115
-1.0841
6.25781
-1.16416
5.87438
-1.12193
4.78875
-0.834895
3.23875
-0.212887
1.13044
-0.0153349
-0.202042
-0.000961239
-0.249254
-0.108458
0.00739479
0.347118
0.0101766
0.94837
0.00554991
1.39145
-0.00356231
1.71076
-0.0170545
2.01439
-0.0342767
2.34788
-0.0565608
2.73327
-0.0879505
3.17774
-0.132989
3.69894
-0.210842
4.3512
-0.385796
4.5765
-0.727559
5.21292
-0.97935
6.5096
-1.03565
5.93068
-0.936695
4.6898
-0.576701
2.87876
-0.0167728
0.570512
0.0216958
-0.24051
0.0167643
-0.244323
-0.0916933
0.00974051
0.337378
0.0152477
0.942863
0.0123767
1.39432
0.00464654
1.71849
-0.00762434
2.02666
-0.0224511
2.36271
-0.0425863
2.7534
-0.0734801
3.20863
-0.11874
3.7442
-0.191009
4.42347
-0.353463
4.73896
-0.628269
5.48772
-0.81252
6.69385
-0.880108
5.99827
-0.823998
4.63369
-0.440615
2.49538
-0.0721185
0.202016
-0.0527865
-0.259842
-0.0146474
-0.282462
-0.106341
0.0133091
0.324069
0.0228918
0.933281
0.0224345
1.39477
0.0162387
1.72468
0.00684554
2.03605
-0.00534589
2.3749
-0.0232807
2.77134
-0.0500168
3.23537
-0.0916132
3.78579
-0.14604
4.4779
-0.28868
4.8816
-0.502068
5.70111
-0.641295
6.83308
-0.724227
6.0812
-0.761632
4.67109
-0.602462
2.33621
-0.515376
0.11493
-0.371412
-0.403806
-0.188203
-0.465671
-0.294543
0.0163068
0.307762
0.0301741
0.919413
0.0336863
1.39126
0.0313022
1.72707
0.0251872
2.04216
0.0159267
2.38416
0.00347396
2.78379
-0.0127787
3.25162
-0.0387294
3.81174
-0.0716839
4.51085
-0.160325
4.97024
-0.26851
5.8093
-0.353944
6.91851
-0.426532
6.15379
-0.495643
4.7402
-0.586821
2.42738
-0.719191
0.2473
-0.566405
-0.556592
-0.296387
-0.73569
-0.59093
0.0206845
0.287077
0.0409431
0.899155
0.0495943
1.38261
0.0513376
1.72532
0.048925
2.04458
0.0464594
2.38663
0.0412633
2.78898
0.0321931
3.26069
0.0198974
3.82404
-0.00515358
4.53591
-0.0142424
4.97933
0.012746
5.78231
0.0249438
6.90631
0.0529275
6.1258
0.0610474
4.73208
-0.0986453
2.58708
-0.468847
0.617501
-0.549542
-0.475896
-0.281366
-1.00387
-0.872297
0.0241218
0.262955
0.0509507
0.872326
0.0662629
1.3673
0.0739523
1.71763
0.0779504
2.04058
0.0824259
2.38215
0.0852534
2.78616
0.0839071
3.26203
0.078351
3.82959
0.0673164
4.54694
0.136725
4.90992
0.364347
5.55468
0.630553
6.64011
0.982256
5.7741
1.26708
4.44726
1.03937
2.81479
0.552665
1.10421
0.122896
-0.0461272
-0.0168724
-0.864098
-0.889169
0.0280481
0.234907
0.0638432
0.836531
0.0871295
1.34401
0.101924
1.70284
0.113941
2.02856
0.126148
2.36995
0.140569
2.77174
0.150193
3.25241
0.153311
3.82648
0.139718
4.56053
0.281577
4.76806
0.74648
5.08978
1.15482
6.23177
1.47701
5.45191
1.63888
4.28539
1.49742
2.95624
1.13179
1.46984
0.765559
0.320106
0.302558
-0.401097
-0.586611
0.0299644
0.204943
0.0742463
0.792249
0.107897
1.31036
0.13264
1.6781
0.156247
2.00496
0.180685
2.34551
0.210217
2.7422
0.237754
3.22487
0.265999
3.79823
0.262179
4.56435
0.385903
4.64434
0.853022
4.62266
1.31455
5.77024
1.59419
5.17227
1.73798
4.1416
1.67898
3.01524
1.29015
1.85867
0.815318
0.794938
0.361518
0.0527028
-0.225092
0.0323607
0.172582
0.0849013
0.739708
0.130187
1.26508
0.168103
1.64018
0.20545
1.96761
0.247035
2.30392
0.296208
2.69303
0.350924
3.17016
0.414632
3.73452
0.459927
4.51906
0.501825
4.60244
0.763621
4.36087
1.25451
5.27935
1.4878
4.93898
1.57992
4.04948
1.46427
3.13089
1.15575
2.16719
0.752134
1.19855
0.321388
0.483449
0.0962954
0.0331057
0.139477
0.0928933
0.679921
0.151026
1.20694
0.203705
1.5875
0.258164
1.91315
0.320727
2.24136
0.396451
2.61731
0.495331
3.07128
0.632635
3.59722
0.783298
4.3684
0.774396
4.61134
0.757638
4.37762
1.05514
4.98185
1.14127
4.85285
1.13907
4.05168
1.05319
3.21677
0.862624
2.35776
0.548689
1.51249
0.231717
0.800421
0.328012
0.0357312
0.103745
0.0964826
0.619169
0.165395
1.13803
0.23581
1.51709
0.310105
1.83885
0.397641
2.15382
0.512059
2.50289
0.683253
2.90008
0.94213
3.33834
1.18694
4.12358
1.14076
4.65752
0.9051
4.61329
0.908049
4.9789
0.908651
4.85224
0.878564
4.08177
0.772315
3.32302
0.55975
2.57032
0.346735
1.72551
0.134616
1.01254
0.462629
0.0389073
0.064838
0.101958
0.556118
0.177053
1.06294
0.261432
1.43271
0.358034
1.74225
0.477546
2.03431
0.641231
2.3392
0.892559
2.64876
1.235
2.9959
1.55853
3.80006
1.58635
4.6297
1.22061
4.97903
1.02684
5.17268
0.913493
4.96559
0.709559
4.28571
0.468617
3.56396
0.284147
2.75479
0.196117
1.81354
0.0638433
1.14481
0.526472
0.040137
0.0247009
0.117944
0.478311
0.199047
0.981834
0.288387
1.34337
0.396738
1.6339
0.530523
1.90053
0.714545
2.15518
0.979295
2.38401
1.32268
2.65251
1.73118
3.39156
1.82738
4.5335
1.42048
5.38592
1.04572
5.54743
0.716675
5.29464
0.369389
4.63299
0.151838
3.78151
0.125525
2.7811
0.0930166
1.84604
0.0179612
1.21987
0.544433
0.0250496
-0.000348627
0.0825322
0.420829
0.148291
0.916075
0.226931
1.26473
0.319404
1.54143
0.421101
1.79883
0.538025
2.03826
0.666458
2.25557
0.809125
2.50984
0.978511
3.22218
0.954597
4.55741
0.605532
5.73499
0.249779
5.90319
0.0269928
5.51742
-0.128295
4.78828
-0.132581
3.78579
-0.0246464
2.67317
-0.00484413
1.82624
-0.0121528
1.22718
0.53228
-0.00182128
0.00147265
0.00912029
0.409887
0.033087
0.892108
0.0721933
1.22562
0.124032
1.48959
0.181943
1.74092
0.230654
1.98955
0.256496
2.22973
0.254581
2.51176
0.173788
3.30297
0.0279934
4.70321
-0.325075
6.08806
-0.550559
6.12867
-0.596227
5.56309
-0.522925
4.71498
-0.340666
3.60354
-0.150358
2.48286
-0.0848143
1.7607
-0.0447216
1.18708
0.487559
-0.0197415
0.0212141
-0.0353044
0.42545
-0.0436648
0.900469
-0.0416524
1.22361
-0.0368715
1.48481
-0.039463
1.74351
-0.0681428
2.01823
-0.140111
2.3017
-0.283356
2.655
-0.52093
3.54054
-0.845951
5.02823
-1.09086
6.33297
-1.10551
6.14332
-0.955668
5.41325
-0.647735
4.40705
-0.34697
3.30277
-0.169005
2.3049
-0.101472
1.69316
-0.0534606
1.13907
0.434098
-0.0283954
0.0496095
-0.0632446
0.460299
-0.0923059
0.92953
-0.121328
1.25263
-0.158606
1.52209
-0.214417
1.79932
-0.307799
2.11161
-0.464709
2.45861
-0.715725
2.90602
-1.05612
3.88094
-1.40309
5.3752
-1.45011
6.37998
-1.28699
5.9802
-0.99845
5.12471
-0.567498
3.97609
-0.261622
2.9969
-0.138974
2.18225
-0.0913245
1.64551
-0.0465579
1.09431
0.38754
-0.0327443
0.0823538
-0.0791263
0.506681
-0.120079
0.970482
-0.168559
1.30111
-0.235308
1.58884
-0.327901
1.89192
-0.463352
2.24706
-0.669612
2.66487
-0.975294
3.2117
-1.33522
4.24086
-1.56997
5.60995
-1.46527
6.27529
-1.16787
5.6828
-0.780503
4.73734
-0.404991
3.60058
-0.180781
2.77269
-0.108292
2.10976
-0.0760792
1.6133
-0.0381841
1.05641
0.349356
-0.0334069
0.115761
-0.0816894
0.554964
-0.130304
1.0191
-0.190268
1.36107
-0.270353
1.66892
-0.379868
2.00143
-0.532928
2.40012
-0.753058
2.885
-1.06386
3.5225
-1.40504
4.58204
-1.5148
5.71971
-1.28335
6.04384
-0.906768
5.30621
-0.519973
4.35055
-0.261079
3.34169
-0.122687
2.63429
-0.0833692
2.07044
-0.0614271
1.59136
-0.0283806
1.02337
0.320976
-0.0302191
0.14598
-0.0768845
0.601629
-0.127856
1.07007
-0.192433
1.42565
-0.275746
1.75223
-0.38532
2.11101
-0.53236
2.54716
-0.736412
3.08905
-1.0125
3.79859
-1.31364
4.88319
-1.32394
5.73001
-1.00753
5.72742
-0.6473
4.94598
-0.335511
4.03876
-0.171096
3.17727
-0.0905835
2.55378
-0.0662784
2.04614
-0.0482868
1.57337
-0.0190806
0.994159
0.301895
-0.0250284
0.171008
-0.0669145
0.643515
-0.115654
1.11881
-0.178964
1.48896
-0.258503
1.83177
-0.359383
2.21188
-0.488887
2.67666
-0.658754
3.25892
-0.874483
4.01432
-1.0895
5.0982
-1.06153
5.70204
-0.764085
5.42998
-0.464851
4.64675
-0.239041
3.81295
-0.13139
3.06962
-0.0795393
2.50193
-0.058766
2.02536
-0.0395892
1.55419
-0.0129508
0.967521
0.288944
-0.0193884
0.190397
-0.0549224
0.679049
-0.0982481
1.16213
-0.155503
1.54622
-0.227123
1.90339
-0.315986
2.30075
-0.424657
2.78533
-0.558504
3.39276
-0.716751
4.17256
-0.860175
5.24163
-0.825973
5.66784
-0.584977
5.18899
-0.356505
4.41828
-0.197381
3.65383
-0.118952
2.99119
-0.0775847
2.46056
-0.0550259
2.0028
-0.0335103
1.53268
-0.00922367
0.943234
0.279721
-0.0141392
0.204536
-0.0431116
0.708022
-0.0801918
1.19921
-0.129582
1.59561
-0.191066
1.96488
-0.266384
2.37607
-0.355471
2.87442
-0.45879
3.49608
-0.571994
4.28577
-0.663755
5.33339
-0.633858
5.63794
-0.455735
5.01086
-0.290229
4.25277
-0.176399
3.54
-0.113504
2.9283
-0.0756223
2.42268
-0.0506671
1.97785
-0.0281189
1.51013
-0.00669113
0.921806
0.273029
-0.00996203
0.214498
-0.0331643
0.731224
-0.0642627
1.23031
-0.105555
1.6369
-0.156546
2.01587
-0.218235
2.43776
-0.289606
2.94579
-0.369242
3.57572
-0.450371
4.3669
-0.508392
5.39141
-0.483278
5.61283
-0.359211
4.8868
-0.242294
4.13585
-0.15885
3.45655
-0.106276
2.87572
-0.0707729
2.38718
-0.0451482
1.95222
-0.0233464
1.48833
-0.00504238
0.903502
0.267987
-0.00747019
0.221968
-0.0265089
0.750262
-0.0524182
1.25622
-0.0861625
1.67064
-0.127405
2.05711
-0.176448
2.4868
-0.232089
3.00143
-0.292879
3.63651
-0.35181
4.42583
-0.389354
5.42895
-0.368399
5.59187
-0.28411
4.80251
-0.20213
4.05387
-0.139858
3.39428
-0.0958768
2.83174
-0.0636628
2.35496
-0.0393702
1.92793
-0.0195593
1.46852
-0.00414743
0.88809
0.26384
-0.00628758
0.228256
-0.0225359
0.766511
-0.0442805
1.27797
-0.0715269
1.69789
-0.104296
2.08988
-0.14242
2.52492
-0.185069
3.04408
-0.230657
3.6821
-0.273391
4.46856
-0.298481
5.45404
-0.281575
5.57497
-0.224352
4.74528
-0.16654
3.99606
-0.119546
3.34728
-0.0833474
2.79554
-0.0553011
2.32692
-0.0336467
1.90628
-0.0164236
1.45129
-0.00358716
0.875254
0.260252
-0.00534648
0.233602
-0.0192364
0.780401
-0.0377113
1.29644
-0.0597356
1.71991
-0.0855624
2.11571
-0.114932
2.55429
-0.147534
3.07668
-0.181355
3.71592
-0.21209
4.4993
-0.228974
5.47093
-0.215708
5.5617
-0.176408
4.70598
-0.135077
3.95473
-0.0992905
3.3115
-0.0699714
2.76623
-0.0463646
2.30331
-0.0278687
1.88778
-0.0134045
1.43683
-0.00297185
0.864821
0.257281
-0.00411255
0.237715
-0.0155145
0.791803
-0.0312934
1.31222
-0.0492673
1.73789
-0.0696107
2.13605
-0.0922789
2.57696
-0.117441
3.10185
-0.142749
3.74123
-0.165057
4.5216
-0.176386
5.48226
-0.165926
5.55124
-0.13821
4.67827
-0.108046
3.92457
-0.0805713
3.28402
-0.0571214
2.74278
-0.0377416
2.28393
-0.0223823
1.87242
-0.0105401
1.42499
-0.00229739
0.856579
0.254983
-0.0028717
0.240586
-0.0118723
0.800803
-0.0253034
1.32565
-0.0400294
1.75261
-0.0559405
2.15196
-0.0734039
2.59442
-0.0928315
3.12127
-0.112072
3.76047
-0.128713
4.53825
-0.136555
5.4901
-0.128256
5.54294
-0.108069
4.65808
-0.08559
3.90209
-0.0643877
3.26282
-0.0458058
2.72419
-0.0301728
2.2683
-0.0176554
1.8599
-0.00812119
1.41545
-0.00172548
0.850183
0.253258
-0.00202976
0.242616
-0.00903896
0.807812
-0.0204234
1.33704
-0.0325461
1.76474
-0.0449514
2.16437
-0.0584172
2.60789
-0.0733321
3.13619
-0.0880872
3.77522
-0.100727
4.55089
-0.106401
5.49577
-0.0998565
5.5364
-0.0847699
4.64299
-0.0677069
3.88503
-0.0512478
3.24636
-0.0365444
2.70949
-0.0240179
2.25577
-0.0139018
1.84979
-0.00627934
1.40783
-0.00132564
0.845229
0.251932
-0.00150914
0.244125
-0.00691918
0.813223
-0.0164121
1.34653
-0.0263197
1.77464
-0.0359218
2.17397
-0.0462982
2.61827
-0.0576592
3.14755
-0.0689628
3.78653
-0.0784988
4.56042
-0.0826386
5.49991
-0.0775252
5.53129
-0.0661605
4.63163
-0.0531477
3.87201
-0.0404041
3.23362
-0.0288589
2.69795
-0.018944
2.24585
-0.0108917
1.84174
-0.00486545
1.4018
-0.00103075
0.841395
0.250901
-0.00113112
0.245256
-0.00525718
0.817349
-0.0131022
1.35437
-0.0212725
1.78281
-0.0288386
2.18154
-0.0369977
2.62642
-0.0457752
3.15633
-0.0545434
3.79529
-0.0617338
4.56761
-0.0647002
5.50288
-0.0606261
5.52721
-0.0519416
4.62294
-0.0418999
3.86197
-0.0319565
3.22368
-0.0228424
2.68883
-0.0149713
2.23798
-0.00855801
1.83532
-0.00378261
1.39703
-0.000804391
0.838416
0.250097
-0.000794082
0.24605
-0.00383102
0.820385
-0.0100765
1.36062
-0.0166632
1.7894
-0.0225935
2.18747
-0.0289899
2.63282
-0.0357836
3.16312
-0.0426163
3.80213
-0.0480662
4.57306
-0.0501624
5.50497
-0.0468456
5.52389
-0.0401373
4.61624
-0.0323776
3.85421
-0.024679
3.21598
-0.0176008
2.68175
-0.0114853
2.23187
-0.00651832
1.83036
-0.00284577
1.39335
-0.000592112
0.836163
0.249505
-0.000554989
0.246605
-0.00281343
0.822644
-0.00780147
1.36561
-0.0132011
1.7948
-0.0180356
2.1923
-0.0232075
2.63799
-0.0286428
3.16856
-0.0340654
3.80755
-0.0382715
4.57727
-0.0397393
5.50644
-0.0369577
5.52111
-0.0316474
4.61093
-0.0255233
3.84809
-0.0194419
3.2099
-0.0138504
2.67616
-0.00902023
2.22704
-0.00510509
1.82644
-0.00220449
1.39045
-0.00044763
0.834406
0.249057
-0.000376318
0.246982
-0.00197826
0.824246
-0.0057394
1.36937
-0.00995075
1.79901
-0.0137597
2.19611
-0.0177857
2.64202
-0.0220059
3.17278
-0.0261833
3.81173
-0.0293922
4.58048
-0.0304211
5.50747
-0.0281632
5.51885
-0.0240369
4.6068
-0.0193292
3.84338
-0.0146783
3.20524
-0.010421
2.6719
-0.00675514
2.22337
-0.00380734
1.82349
-0.00163375
1.38828
-0.000330205
0.833102
0.248727
-0.000286272
0.247268
-0.00152596
0.825486
-0.00448617
1.37233
-0.00791851
1.80244
-0.0111222
2.19931
-0.0144573
2.64535
-0.0179586
3.17628
-0.0213227
3.81509
-0.0238629
4.58302
-0.0245798
5.50819
-0.0226809
5.51696
-0.0193302
4.60345
-0.0155115
3.83956
-0.0117531
3.20149
-0.00833535
2.66849
-0.00540376
2.22044
-0.00305579
1.82115
-0.00130805
1.38653
-0.000259999
0.832054
0.248467
-0.000202486
0.24747
-0.00106192
0.826345
-0.00317782
1.37444
-0.00571993
1.80499
-0.00816005
2.20175
-0.0106579
2.64785
-0.013291
3.17891
-0.0157633
3.81756
-0.0176448
4.5849
-0.0181086
5.50865
-0.0166463
5.51549
-0.0141478
4.60095
-0.011336
3.83675
-0.00857703
3.19873
-0.0060749
2.66598
-0.00392466
2.21829
-0.00220821
1.81943
-0.000936668
1.38526
-0.000186785
0.831304
0.24828
-0.000178459
0.247649
-0.000898188
0.827065
-0.00263771
1.37618
-0.00479849
1.80715
-0.00695727
2.20391
-0.00914076
2.65003
-0.0114621
3.18123
-0.013563
3.81966
-0.0151629
4.5865
-0.0155147
5.509
-0.0142442
5.51422
-0.0120882
4.59879
-0.00967318
3.83433
-0.00730529
3.19636
-0.00517544
2.66385
-0.00335074
2.21647
-0.00189918
1.81798
-0.000817546
1.38418
-0.000169798
0.830657
0.24811
-0.000138236
-0.00064087
-0.00178448
-0.00321814
-0.0046863
-0.0061656
-0.00771054
-0.00911167
-0.0101385
-0.0103522
-0.00950521
-0.00809905
-0.0065066
-0.00495091
-0.00354122
-0.00232248
-0.00133745
-0.000585295
-0.000129734
-0.270245
-1.67539
-0.34183
-2.14714
-0.285288
-2.46781
-0.271482
-2.38345
-0.262843
-2.4147
-0.237218
-2.42206
-0.228746
-2.43758
-0.212304
-2.45365
-0.174296
-2.36682
-1.73711
-0.104268
-1.57112
-0.0823744
-2.16903
-0.119777
-2.43041
-0.120956
-2.38227
-0.118095
-2.41756
-0.112953
-2.4272
-0.102329
-2.44821
-0.0739361
-2.48204
-0.0256909
-2.41507
-1.7628
-0.102423
-1.4687
-0.0690666
-2.20239
-0.105347
-2.39413
-0.082871
-2.40475
-0.0770545
-2.42338
-0.0658945
-2.43836
-0.0505982
-2.4635
-0.033678
-2.49896
-0.0140777
-2.43467
-1.77688
-0.00188397
-1.46682
0.00868604
-2.21296
0.00151972
-2.38696
-0.00787665
-2.39535
-0.0129332
-2.41832
-0.0177907
-2.4335
-0.0206661
-2.46063
-0.0264378
-2.49319
-0.0348964
-2.42621
-1.81178
0.0179013
-1.48472
0.0159021
-2.21096
0.00689706
-2.37795
0.00235854
-2.39082
-0.000202691
-2.41576
-0.00368466
-2.43002
-0.0104365
-2.45388
-0.0251373
-2.47849
-0.0271948
-2.42415
-1.83897
0.0452034
-1.52992
0.0649287
-2.23068
0.0508074
-2.36383
0.0469236
-2.38693
0.0287621
-2.3976
0.0136187
-2.41488
-0.00474176
-2.43552
-0.024109
-2.45913
-0.0372365
-2.41102
-1.87621
0.0530278
-1.58295
0.0618172
-2.23947
0.0472996
-2.34931
0.0365238
-2.37616
0.0248027
-2.38588
0.0120552
-2.40213
-0.00339034
-2.42007
-0.0244801
-2.43804
-0.0306753
-2.40483
-1.90688
0.0662637
-1.64921
0.081678
-2.25489
0.0746684
-2.34231
0.0585824
-2.36007
0.0425495
-2.36985
0.0218978
-2.38148
-0.0010155
-2.39716
-0.0227947
-2.41626
-0.0381366
-2.38949
-1.94502
0.0674958
-1.71671
0.0733542
-2.26075
0.0598028
-2.32875
0.0449113
-2.34518
0.0302317
-2.35517
0.0164422
-2.36769
7.48359e-05
-2.38079
-0.0218456
-2.39434
-0.0329834
-2.37835
-1.978
0.0741647
-1.79087
0.0834484
-2.27003
0.0755445
-2.32085
0.060673
-2.33031
0.0441203
-2.33862
0.0241376
-2.34771
0.00173897
-2.35839
-0.019856
-2.37274
-0.0382698
-2.35994
-2.01627
0.0719614
-1.86283
0.0722418
-2.27031
0.0580959
-2.3067
0.0440247
-2.31624
0.0300954
-2.32469
0.0160807
-2.33369
0.000391485
-2.3427
-0.0199235
-2.35243
-0.0338618
-2.346
-2.05013
0.0759796
-1.93881
0.0799635
-2.27429
0.073222
-2.29996
0.0597741
-2.30279
0.0422031
-2.30711
0.0212356
-2.31272
-0.00037617
-2.32109
-0.0210659
-2.33174
-0.0390405
-2.32802
-2.08918
0.0753254
-2.01414
0.0739549
-2.27292
0.0606298
-2.28664
0.0456554
-2.28781
0.0284928
-2.28995
0.0110115
-2.29524
-0.00619556
-2.30388
-0.0260542
-2.31188
-0.0393371
-2.31474
-2.12851
0.0836955
-2.09783
0.0858199
-2.27505
0.075815
-2.27663
0.0590772
-2.27108
0.0397937
-2.27067
0.0179535
-2.2734
-0.00638729
-2.27954
-0.0293454
-2.28892
-0.0479752
-2.29611
-2.17649
0.086913
-2.18475
0.0749688
-2.2631
0.0562636
-2.25793
0.0413953
-2.25621
0.0280666
-2.25734
0.0139699
-2.25931
-0.00323977
-2.26233
-0.0253079
-2.26685
-0.0468954
-2.27452
-2.22338
0.0658247
0.0532931
0.0459378
0.0403027
0.0335346
0.0248003
0.0130406
-0.00323845
-0.0271888
)
;

boundaryField
{
    wall-4
    {
        type            calculated;
        value           uniform 0;
    }
    pressure-outlet-7
    {
        type            calculated;
        value           nonuniform List<scalar> 
20
(
0.247787
0.827567
1.37733
1.80858
2.20538
2.65151
3.18278
3.82107
4.58753
5.50922
5.51338
4.59739
3.83274
3.1948
2.66245
2.21525
1.81699
1.38343
0.830201
0.247981
)
;
    }
    velocity-inlet-6
    {
        type            calculated;
        value           nonuniform List<scalar> 10(-2.25057 -2.25057 -2.25057 -2.25057 -2.25057 -2.25057 -2.25057 -2.25057 -2.25057 -2.25057);
    }
    velocity-inlet-5
    {
        type            calculated;
        value           nonuniform List<scalar> 
20
(
-0.577988
-0.693586
-0.832303
-0.998764
-1.19852
-1.43822
-1.72586
-2.07104
-2.48524
-2.98229
-2.98229
-2.48524
-2.07104
-1.72586
-1.43822
-1.19852
-0.998764
-0.832303
-0.693586
-0.577988
)
;
    }
    frontAndBackPlanes
    {
        type            empty;
        value           nonuniform List<scalar> 0();
    }
}


// ************************************************************************* //
