/*--------------------------------*- C++ -*----------------------------------*\
  =========                 |
  \\      /  F ield         | OpenFOAM: The Open Source CFD Toolbox
   \\    /   O peration     | Website:  https://openfoam.org
    \\  /    A nd           | Version:  9
     \\/     M anipulation  |
\*---------------------------------------------------------------------------*/
FoamFile
{
    format      ascii;
    class       volVectorField;
    location    "14";
    object      U;
}
// * * * * * * * * * * * * * * * * * * * * * * * * * * * * * * * * * * * * * //

dimensions      [0 1 -1 0 0 0 0];

internalField   nonuniform List<vector> 
2200
(
(0.87848 -0.03022 0)
(1.00565 -0.051252 0)
(1.00311 -0.035149 0)
(1.00027 -0.0242437 0)
(0.999719 -0.016409 0)
(0.999563 -0.0103653 0)
(0.999699 -0.00652742 0)
(1.00003 -0.00401025 0)
(1.00013 -0.0022144 0)
(1.00014 -0.000716941 0)
(1.00008 0.000897771 0)
(1.00014 0.00243754 0)
(1.00002 0.00418221 0)
(0.999655 0.00664257 0)
(0.999529 0.0104306 0)
(0.999701 0.0164564 0)
(1.00027 0.0242896 0)
(1.00314 0.0351945 0)
(1.00566 0.0512638 0)
(0.878481 0.0302373 0)
(0.71345 -0.0328595 0)
(0.996959 -0.0625673 0)
(1.03368 -0.0558711 0)
(1.02518 -0.0462922 0)
(1.01664 -0.0361544 0)
(1.01018 -0.0263453 0)
(1.00583 -0.0183365 0)
(1.00331 -0.0117301 0)
(1.00213 -0.00628241 0)
(1.00197 -0.0017577 0)
(1.00188 0.00233327 0)
(1.00206 0.00675068 0)
(1.00321 0.0121229 0)
(1.00574 0.0186876 0)
(1.01012 0.0267083 0)
(1.0166 0.0364671 0)
(1.02511 0.0465333 0)
(1.03355 0.0560226 0)
(0.996842 0.0627103 0)
(0.713308 0.0328877 0)
(0.535708 -0.0237986 0)
(0.970853 -0.0564891 0)
(1.05572 -0.0537805 0)
(1.05119 -0.0476264 0)
(1.0354 -0.0393364 0)
(1.0244 -0.0315692 0)
(1.01633 -0.0232796 0)
(1.01095 -0.0152162 0)
(1.00779 -0.00827529 0)
(1.00621 -0.00223542 0)
(1.0062 0.0031259 0)
(1.00767 0.00919955 0)
(1.0108 0.0160618 0)
(1.01622 0.0240879 0)
(1.02424 0.0321996 0)
(1.0352 0.039844 0)
(1.05097 0.0480201 0)
(1.0555 0.0541226 0)
(0.970426 0.056678 0)
(0.535092 0.0238589 0)
(0.396217 -0.0125727 0)
(0.914704 -0.0448909 0)
(1.05935 -0.0448165 0)
(1.06961 -0.0415165 0)
(1.05385 -0.0348727 0)
(1.03861 -0.0289071 0)
(1.02691 -0.022752 0)
(1.01845 -0.0163231 0)
(1.01313 -0.00952794 0)
(1.01058 -0.00270449 0)
(1.01043 0.00413749 0)
(1.01286 0.0108636 0)
(1.01811 0.0175078 0)
(1.02643 0.0236685 0)
(1.03807 0.0296999 0)
(1.05328 0.0355213 0)
(1.069 0.0420424 0)
(1.05858 0.0451989 0)
(0.913702 0.0451199 0)
(0.395068 0.0126299 0)
(0.318182 -0.00366552 0)
(0.854055 -0.0299754 0)
(1.05311 -0.0369178 0)
(1.08138 -0.0350486 0)
(1.06882 -0.0298863 0)
(1.05176 -0.0245419 0)
(1.03805 -0.0195774 0)
(1.02755 -0.0145703 0)
(1.0202 -0.00900398 0)
(1.0164 -0.00262744 0)
(1.0163 0.00460042 0)
(1.01991 0.0106663 0)
(1.02699 0.0159677 0)
(1.03741 0.020889 0)
(1.05107 0.0256079 0)
(1.06811 0.030812 0)
(1.08057 0.0358288 0)
(1.05199 0.0375051 0)
(0.852327 0.0302785 0)
(0.316477 0.00372624 0)
(0.279625 0.000560865 0)
(0.800659 -0.0169357 0)
(1.03814 -0.02712 0)
(1.08564 -0.0277189 0)
(1.07815 -0.0246277 0)
(1.06097 -0.0199235 0)
(1.04753 -0.0157602 0)
(1.03698 -0.011685 0)
(1.02894 -0.00701366 0)
(1.02457 -0.00177143 0)
(1.02433 0.00439593 0)
(1.02833 0.00940394 0)
(1.03615 0.0138325 0)
(1.04654 0.0175686 0)
(1.05986 0.0215176 0)
(1.07699 0.0259123 0)
(1.08427 0.0287349 0)
(1.03618 0.0278546 0)
(0.797772 0.0172726 0)
(0.277263 -0.000473256 0)
(0.263145 0.00165034 0)
(0.760713 -0.00748262 0)
(1.02036 -0.0168497 0)
(1.08375 -0.0188804 0)
(1.08091 -0.0181145 0)
(1.06484 -0.0155837 0)
(1.0511 -0.0131367 0)
(1.04053 -0.00982151 0)
(1.03303 -0.0056167 0)
(1.02913 -0.000917285 0)
(1.02877 0.00416661 0)
(1.03213 0.008741 0)
(1.0392 0.012612 0)
(1.04943 0.0154505 0)
(1.06305 0.0173664 0)
(1.07893 0.0195408 0)
(1.08143 0.0199513 0)
(1.01731 0.0175714 0)
(0.756672 0.00781948 0)
(0.260016 -0.00154665 0)
(0.260013 0.00141569 0)
(0.737064 -0.00148331 0)
(1.00458 -0.00772773 0)
(1.07758 -0.010247 0)
(1.07831 -0.0113358 0)
(1.06388 -0.0113474 0)
(1.0509 -0.0105516 0)
(1.04124 -0.00811951 0)
(1.03442 -0.00463868 0)
(1.03076 -0.000195313 0)
(1.03035 0.00425921 0)
(1.03334 0.00839832 0)
(1.03968 0.0113459 0)
(1.04877 0.0130329 0)
(1.06154 0.0134772 0)
(1.07568 0.0130154 0)
(1.07448 0.0115505 0)
(1.0005 0.00860143 0)
(0.731982 0.00188788 0)
(0.255975 -0.00130451 0)
(0.261844 0.000940345 0)
(0.727678 0.000709044 0)
(0.993882 -0.00253053 0)
(1.07125 -0.00512461 0)
(1.07505 -0.00690881 0)
(1.06332 -0.00818668 0)
(1.05181 -0.0081562 0)
(1.04303 -0.0065329 0)
(1.03666 -0.00370979 0)
(1.033 0.000423396 0)
(1.03243 0.00461085 0)
(1.03516 0.00836697 0)
(1.04091 0.0106956 0)
(1.04915 0.011933 0)
(1.06022 0.0112138 0)
(1.07152 0.0093017 0)
(1.06718 0.00696912 0)
(0.988617 0.00375855 0)
(0.72087 -0.000123821 0)
(0.256874 -0.000766591 0)
(0.264785 0.00029721 0)
(0.725241 0.00058774 0)
(0.988297 -0.00110266 0)
(1.06686 -0.00360797 0)
(1.07304 -0.00541403 0)
(1.06417 -0.00659998 0)
(1.05501 -0.00647128 0)
(1.04753 -0.00496303 0)
(1.04181 -0.00242711 0)
(1.03813 0.0013782 0)
(1.03716 0.00521094 0)
(1.03932 0.00860161 0)
(1.04397 0.0105375 0)
(1.05076 0.0111355 0)
(1.05943 0.0104202 0)
(1.06802 0.00846618 0)
(1.06114 0.00591832 0)
(0.980956 0.00262544 0)
(0.716569 8.75938e-05 0)
(0.258179 -0.000118898 0)
(0.265905 -3.69683e-06 0)
(0.724682 0.000439777 0)
(0.984358 -0.000593588 0)
(1.06248 -0.00290554 0)
(1.07024 -0.0046622 0)
(1.06377 -0.00570684 0)
(1.05661 -0.00534019 0)
(1.05061 -0.00369041 0)
(1.04585 -0.00107128 0)
(1.04252 0.00257584 0)
(1.04138 0.00612039 0)
(1.04262 0.00906153 0)
(1.04575 0.0104868 0)
(1.05064 0.0108789 0)
(1.05776 0.0102885 0)
(1.06357 0.00825409 0)
(1.05476 0.00561501 0)
(0.974492 0.0024396 0)
(0.713257 0.000552721 0)
(0.257737 9.61036e-05 0)
(0.266927 0.000187736 0)
(0.724851 0.000624483 0)
(0.980214 0.000339405 0)
(1.0577 -0.00144937 0)
(1.06678 -0.00298306 0)
(1.06235 -0.0040263 0)
(1.05657 -0.00362732 0)
(1.05149 -0.00212923 0)
(1.04725 0.000399687 0)
(1.04406 0.00374809 0)
(1.0428 0.00705924 0)
(1.04349 0.00957573 0)
(1.04578 0.0105935 0)
(1.0498 0.0107345 0)
(1.05442 0.00966695 0)
(1.05795 0.00743591 0)
(1.04767 0.00475556 0)
(0.968189 0.00191568 0)
(0.709916 0.000494211 0)
(0.256392 0.000100676 0)
(0.26869 0.000321394 0)
(0.725871 0.000894178 0)
(0.978669 0.00143001 0)
(1.05414 0.000349136 0)
(1.06419 -0.000616301 0)
(1.06142 -0.00137132 0)
(1.0571 -0.00102707 0)
(1.05285 0.00020211 0)
(1.04894 0.00238457 0)
(1.04565 0.0052108 0)
(1.04392 0.00806277 0)
(1.04408 0.0098954 0)
(1.04566 0.0105569 0)
(1.04812 0.0101085 0)
(1.05108 0.00869166 0)
(1.05278 0.00648141 0)
(1.04132 0.0039896 0)
(0.962818 0.00159839 0)
(0.707168 0.000466755 0)
(0.25533 0.000114921 0)
(0.270975 0.000272262 0)
(0.728347 0.0010868 0)
(0.978882 0.0018059 0)
(1.05286 0.00148489 0)
(1.06342 0.0011207 0)
(1.06188 0.000946594 0)
(1.05877 0.00157437 0)
(1.05532 0.00284112 0)
(1.05173 0.00484318 0)
(1.0483 0.0072532 0)
(1.0459 0.00951576 0)
(1.04515 0.0106651 0)
(1.04548 0.0107445 0)
(1.04694 0.0096905 0)
(1.04844 0.00809632 0)
(1.04868 0.00599614 0)
(1.03635 0.00382845 0)
(0.958571 0.00183898 0)
(0.704643 0.000733776 0)
(0.254044 0.000200385 0)
(0.273625 0.000297146 0)
(0.731985 0.0013079 0)
(0.979953 0.00222211 0)
(1.05305 0.00263766 0)
(1.06355 0.00285899 0)
(1.06273 0.00333656 0)
(1.06037 0.00427416 0)
(1.05744 0.00568202 0)
(1.05404 0.00757823 0)
(1.0504 0.00966588 0)
(1.04729 0.0112952 0)
(1.04546 0.0117885 0)
(1.04486 0.0112085 0)
(1.04506 0.00995077 0)
(1.04551 0.00820169 0)
(1.04483 0.00618345 0)
(1.032 0.00419906 0)
(0.954507 0.00237546 0)
(0.701369 0.00108974 0)
(0.251996 0.000288388 0)
(0.27647 0.00037057 0)
(0.735703 0.00150138 0)
(0.982427 0.00277911 0)
(1.05454 0.00351406 0)
(1.06509 0.00439686 0)
(1.06444 0.00546442 0)
(1.06226 0.00696202 0)
(1.05939 0.00876262 0)
(1.05583 0.0107925 0)
(1.05171 0.0127144 0)
(1.04785 0.0137748 0)
(1.04501 0.0136047 0)
(1.04356 0.0123463 0)
(1.0427 0.0107315 0)
(1.04235 0.00864838 0)
(1.04098 0.0065358 0)
(1.02777 0.00455524 0)
(0.950315 0.00278082 0)
(0.697485 0.00132708 0)
(0.249382 0.000333646 0)
(0.280605 0.000538518 0)
(0.74161 0.00207189 0)
(0.986386 0.00394191 0)
(1.05702 0.00544768 0)
(1.06737 0.00682607 0)
(1.06685 0.00840147 0)
(1.06466 0.0102135 0)
(1.06159 0.0122773 0)
(1.05756 0.0144086 0)
(1.05261 0.0161955 0)
(1.04762 0.0167968 0)
(1.04365 0.015985 0)
(1.04116 0.014242 0)
(1.03956 0.0121074 0)
(1.03855 0.00980894 0)
(1.03672 0.00758296 0)
(1.02319 0.00548785 0)
(0.945393 0.00351994 0)
(0.692383 0.00167871 0)
(0.246019 0.000418082 0)
(0.285244 0.000674965 0)
(0.747654 0.00248331 0)
(0.991389 0.00474053 0)
(1.06117 0.00663728 0)
(1.07107 0.00876441 0)
(1.07029 0.0111276 0)
(1.06779 0.013783 0)
(1.06426 0.0164955 0)
(1.05951 0.0190304 0)
(1.0535 0.0208365 0)
(1.04723 0.0210218 0)
(1.04215 0.019498 0)
(1.03871 0.0170914 0)
(1.03638 0.0142603 0)
(1.03477 0.0114059 0)
(1.03244 0.00871563 0)
(1.01838 0.00626311 0)
(0.93989 0.00406236 0)
(0.686586 0.00199196 0)
(0.24212 0.000496815 0)
(0.292384 0.000898349 0)
(0.757632 0.0034944 0)
(0.998672 0.00661961 0)
(1.0666 0.00936068 0)
(1.07609 0.0118987 0)
(1.07505 0.0148711 0)
(1.07206 0.0180086 0)
(1.06774 0.0213241 0)
(1.06189 0.0243248 0)
(1.05438 0.0262614 0)
(1.04639 0.0261158 0)
(1.03983 0.0238967 0)
(1.03519 0.0207479 0)
(1.03194 0.0172849 0)
(1.02968 0.0139858 0)
(1.02691 0.0109393 0)
(1.01245 0.00815693 0)
(0.933239 0.00543874 0)
(0.679119 0.00261513 0)
(0.237019 0.00063469 0)
(0.300132 0.00119684 0)
(0.768035 0.0041149 0)
(1.00722 0.00791873 0)
(1.07386 0.0113257 0)
(1.08257 0.0151336 0)
(1.0809 0.0192129 0)
(1.07708 0.0235234 0)
(1.07165 0.0277118 0)
(1.06428 0.0312954 0)
(1.05489 0.033356 0)
(1.0449 0.0327581 0)
(1.03672 0.0297059 0)
(1.0309 0.0256177 0)
(1.02688 0.0212255 0)
(1.02411 0.0169807 0)
(1.02086 0.0130824 0)
(1.00551 0.00949928 0)
(0.924606 0.00624103 0)
(0.669683 0.00306189 0)
(0.230928 0.000764343 0)
(0.312302 0.00157 0)
(0.783916 0.00602671 0)
(1.01937 0.0110749 0)
(1.08329 0.0156417 0)
(1.09116 0.0198427 0)
(1.08859 0.0249604 0)
(1.08366 0.0301832 0)
(1.07666 0.0353841 0)
(1.06733 0.0397382 0)
(1.05557 0.0419769 0)
(1.04314 0.0408765 0)
(1.03294 0.0368626 0)
(1.02561 0.0316385 0)
(1.02046 0.0261968 0)
(1.01685 0.0210965 0)
(1.01298 0.0164739 0)
(0.997071 0.0123673 0)
(0.915222 0.00830908 0)
(0.659014 0.00400549 0)
(0.223339 0.000936632 0)
(0.326121 0.002203 0)
(0.802695 0.00706089 0)
(1.03406 0.0136084 0)
(1.09548 0.0193449 0)
(1.1022 0.0257296 0)
(1.09833 0.0325291 0)
(1.09166 0.039255 0)
(1.08242 0.04572 0)
(1.0704 0.0507417 0)
(1.0556 0.0529972 0)
(1.0402 0.0511041 0)
(1.02765 0.0458338 0)
(1.01865 0.0392886 0)
(1.01235 0.0325488 0)
(1.00795 0.026146 0)
(1.0034 0.0202724 0)
(0.985993 0.0147379 0)
(0.901126 0.00966447 0)
(0.643379 0.00464311 0)
(0.213817 0.00114095 0)
(0.34734 0.0031548 0)
(0.828003 0.0112109 0)
(1.05376 0.0194965 0)
(1.11093 0.0270174 0)
(1.1161 0.034405 0)
(1.11029 0.0427358 0)
(1.10123 0.0511227 0)
(1.0892 0.0586831 0)
(1.07389 0.0642815 0)
(1.05556 0.0662589 0)
(1.03684 0.0632806 0)
(1.02168 0.0564796 0)
(1.01079 0.0482773 0)
(1.00312 0.0399547 0)
(0.997683 0.0321034 0)
(0.99219 0.0250832 0)
(0.973792 0.018914 0)
(0.887491 0.012714 0)
(0.628251 0.00613607 0)
(0.202875 0.00138001 0)
(0.376064 0.00437351 0)
(0.864153 0.0132389 0)
(1.0795 0.0254669 0)
(1.1312 0.0350336 0)
(1.13409 0.0462717 0)
(1.12505 0.0569743 0)
(1.11264 0.0671041 0)
(1.09666 0.0758711 0)
(1.07722 0.0817875 0)
(1.0546 0.0830724 0)
(1.03193 0.0785593 0)
(1.01367 0.0698844 0)
(1.00048 0.0598866 0)
(0.991041 0.0498611 0)
(0.984262 0.0404418 0)
(0.977561 0.0315389 0)
(0.956657 0.023005 0)
(0.865068 0.0150763 0)
(0.6026 0.00697116 0)
(0.187896 0.00156599 0)
(0.411759 0.00862943 0)
(0.90595 0.0235227 0)
(1.11302 0.0376242 0)
(1.15742 0.0507611 0)
(1.15558 0.0642371 0)
(1.14233 0.0768825 0)
(1.12521 0.0885478 0)
(1.10437 0.0977996 0)
(1.08002 0.103091 0)
(1.05253 0.102944 0)
(1.02564 0.0962566 0)
(1.0042 0.0851967 0)
(0.988723 0.0729665 0)
(0.977557 0.0608568 0)
(0.969279 0.0493836 0)
(0.961012 0.0391386 0)
(0.938127 0.0296419 0)
(0.844841 0.0199635 0)
(0.581664 0.00962436 0)
(0.174346 0.00174913 0)
(0.497408 0.0122176 0)
(0.978279 0.0327413 0)
(1.1571 0.0568046 0)
(1.18918 0.0731129 0)
(1.18132 0.0906937 6.51612e-35)
(1.16151 0.105179 -4.56024e-35)
(1.13839 0.11723 0)
(1.11183 0.125698 0)
(1.08181 0.129509 0)
(1.04909 0.126998 0)
(1.01772 0.117436 0)
(0.992835 0.103678 0)
(0.974653 0.0891986 0)
(0.961255 0.0752834 0)
(0.951107 0.0623198 0)
(0.940676 0.0498652 0)
(0.913393 0.0378997 0)
(0.809301 0.0256075 0)
(0.533735 0.0110708 0)
(0.147386 0.00166685 0)
(0.559068 0.0276638 -8.54313e-21)
(1.06019 0.0578491 5.77057e-21)
(1.2065 0.0887847 0)
(1.22507 0.109384 4.99831e-22)
(1.20748 0.129904 -4.04811e-22)
(1.18055 0.14335 4.8112e-35)
(1.15089 0.154125 0)
(1.11777 0.16105 4.58808e-21)
(1.08152 0.162701 -1.65031e-20)
(1.04281 0.157296 3.66359e-21)
(1.00612 0.144667 0)
(0.97694 0.12813 -1.21484e-20)
(0.955242 0.111292 -1.52568e-20)
(0.938767 0.0950635 2.68472e-20)
(0.925662 0.0798813 -2.16109e-20)
(0.911708 0.0660195 0)
(0.877748 0.0513778 -8.35682e-21)
(0.761845 0.0353209 0)
(0.491075 0.0202684 -4.52528e-20)
(0.130287 0.00347131 5.37975e-20)
(0.5797 0.0540544 -2.83992e-22)
(1.10461 0.104166 -4.88843e-20)
(1.24779 0.14125 1.26704e-20)
(1.25778 0.159712 1.88722e-20)
(1.23123 0.177828 -2.41623e-23)
(1.19754 0.188943 7.24572e-22)
(1.16098 0.1983 0)
(1.12109 0.203395 0)
(1.07855 0.202652 2.5681e-20)
(1.0335 0.194703 0)
(0.990922 0.179503 4.14659e-20)
(0.956614 0.160866 1.3033e-20)
(0.930381 0.142675 4.0363e-22)
(0.909694 0.125853 -3.01226e-20)
(0.89251 0.110323 0)
(0.874607 0.0960582 0)
(0.839317 0.0827615 -1.41936e-19)
(0.732836 0.0653946 3.58079e-19)
(0.479572 0.0385225 -2.12696e-19)
(0.132887 0.0127909 -2.54421e-19)
(0.580282 0.0862794 8.38715e-20)
(1.13108 0.164514 -2.44216e-20)
(1.27846 0.20713 -6.4594e-21)
(1.28429 0.220729 -3.60527e-20)
(1.25089 0.233861 1.35668e-20)
(1.21076 0.241187 3.63882e-21)
(1.16766 0.247539 2.83777e-21)
(1.12178 0.249406 0)
(1.07333 0.245504 -5.27954e-20)
(1.02216 0.234603 5.97776e-20)
(0.973833 0.216783 -1.13354e-19)
(0.934569 0.196669 5.54116e-20)
(0.904277 0.178061 -4.12741e-20)
(0.880052 0.161497 9.02743e-20)
(0.859835 0.147219 0)
(0.839881 0.133784 -3.56136e-20)
(0.805349 0.120783 0)
(0.70826 0.101606 2.05631e-19)
(0.477833 0.0657204 -4.88039e-19)
(0.146595 0.0220472 3.06704e-19)
(0.565045 0.116934 -3.89681e-19)
(1.14263 0.226046 1.5574e-19)
(1.29717 0.277604 2.48192e-20)
(1.30218 0.28607 0)
(1.26394 0.294721 2.03054e-20)
(1.21885 0.297951 -2.2258e-20)
(1.17059 0.300136 -2.74619e-21)
(1.11969 0.29796 0)
(1.0658 0.290567 3.71526e-20)
(1.00929 0.276505 -4.09456e-20)
(0.9562 0.256147 9.91774e-20)
(0.91311 0.23443 0)
(0.879636 0.215036 -8.66189e-20)
(0.852975 0.198281 4.77964e-20)
(0.83137 0.184259 1.30129e-19)
(0.811479 0.17183 -1.14378e-19)
(0.779534 0.157765 1.90452e-19)
(0.692717 0.136945 -4.24303e-19)
(0.479098 0.0926612 2.69892e-19)
(0.155112 0.0319032 -3.39816e-19)
(0.544536 0.141817 2.38291e-19)
(1.14105 0.28242 -1.75511e-19)
(1.30596 0.346064 7.76095e-20)
(1.31167 0.351688 -1.07365e-19)
(1.26994 0.357192 7.28653e-20)
(1.22153 0.35633 -1.2503e-20)
(1.16958 0.354196 3.77423e-21)
(1.11452 0.347859 -2.21201e-20)
(1.05596 0.336812 -3.6485e-20)
(0.994806 0.319143 -8.73175e-20)
(0.937263 0.295572 -2.13622e-19)
(0.890979 0.271914 -7.222e-20)
(0.856387 0.251799 2.84375e-21)
(0.829691 0.234504 -1.71048e-19)
(0.807983 0.219865 -6.23063e-21)
(0.788565 0.208417 1.67258e-19)
(0.759606 0.193229 -5.20468e-20)
(0.679915 0.171667 -3.07151e-20)
(0.476487 0.117906 0)
(0.157515 0.0408285 7.23446e-19)
(0.524178 0.164842 0)
(1.13163 0.334949 5.38525e-20)
(1.30712 0.410551 3.72721e-20)
(1.31398 0.415246 -1.20464e-20)
(1.26988 0.418906 -8.7968e-20)
(1.21944 0.414322 2.01733e-20)
(1.16494 0.408175 -8.94453e-22)
(1.10662 0.39793 4.0498e-20)
(1.04459 0.383161 -2.19775e-20)
(0.980236 0.361731 3.81582e-20)
(0.920556 0.335174 1.15027e-19)
(0.873509 0.309117 1.59967e-19)
(0.837329 0.286833 -9.99305e-20)
(0.809053 0.268536 1.85203e-19)
(0.787115 0.253154 -1.48865e-19)
(0.767777 0.241979 0)
(0.740802 0.226102 -3.98757e-19)
(0.665156 0.202661 5.36116e-19)
(0.469792 0.140114 4.07764e-20)
(0.155736 0.048284 -7.60751e-19)
(0.506543 0.186102 -6.10306e-21)
(1.11995 0.385208 -3.67391e-19)
(1.30281 0.472016 -2.80412e-19)
(1.31097 0.476073 2.34336e-19)
(1.26514 0.478359 -5.25865e-20)
(1.21359 0.470521 2.93958e-20)
(1.15734 0.460933 -1.50214e-20)
(1.09657 0.447215 -1.24047e-21)
(1.03193 0.428896 -7.5275e-20)
(0.964485 0.40381 1.15599e-21)
(0.901095 0.373502 -1.24765e-19)
(0.85054 0.34447 -1.69916e-19)
(0.814463 0.320845 1.12779e-19)
(0.78773 0.301332 -6.64582e-20)
(0.766095 0.2852 1.61976e-19)
(0.747126 0.272823 0)
(0.722154 0.256789 -2.47003e-19)
(0.649324 0.22951 3.65495e-19)
(0.458676 0.159758 7.03096e-19)
(0.151811 0.0539968 -8.22967e-19)
(0.491946 0.205598 -6.97772e-19)
(1.10556 0.432647 3.52299e-19)
(1.29477 0.530947 2.72452e-19)
(1.30402 0.53411 -2.53707e-19)
(1.25697 0.534919 1.10664e-20)
(1.20489 0.524145 7.76325e-20)
(1.14729 0.511758 1.75363e-21)
(1.08463 0.495052 -1.45235e-20)
(1.01785 0.473359 -4.68505e-20)
(0.947824 0.444552 8.34872e-20)
(0.883102 0.410848 1.16978e-19)
(0.833517 0.379241 2.66088e-19)
(0.795325 0.352624 0)
(0.765861 0.331426 5.41171e-21)
(0.744247 0.313482 -4.51083e-19)
(0.725894 0.300542 1.03507e-19)
(0.701641 0.283545 5.30368e-19)
(0.631546 0.252773 -1.54977e-19)
(0.445336 0.175994 3.34904e-19)
(0.146538 0.0587948 -2.72242e-20)
(0.481471 0.224201 6.83646e-21)
(1.09178 0.477775 3.25413e-19)
(1.28439 0.587158 2.06473e-19)
(1.29456 0.589412 -4.51008e-19)
(1.24658 0.588478 2.89444e-19)
(1.19405 0.574894 -9.4916e-20)
(1.13529 0.560176 -5.37405e-21)
(1.07111 0.540896 2.76317e-20)
(1.00267 0.516156 8.12392e-20)
(0.930409 0.484246 -1.08897e-19)
(0.862598 0.447218 0)
(0.808398 0.411434 -1.05612e-19)
(0.770867 0.382673 1.21251e-19)
(0.74392 0.359335 1.64238e-19)
(0.72275 0.341349 -9.42003e-20)
(0.704607 0.325415 -2.38506e-19)
(0.681072 0.307352 -7.26445e-20)
(0.612364 0.273617 -1.2806e-21)
(0.430649 0.189701 0)
(0.140188 0.0626509 0)
(0.472922 0.242099 -3.43398e-19)
(1.07809 0.520135 0)
(1.27259 0.639902 2.36495e-19)
(1.28352 0.64225 -1.08796e-19)
(1.23496 0.639457 -3.02115e-19)
(1.18192 0.623063 8.31754e-20)
(1.12198 0.606144 -1.18263e-20)
(1.05646 0.584569 -9.96659e-21)
(0.986321 0.557237 4.84705e-20)
(0.911386 0.522504 -4.61465e-20)
(0.841197 0.481407 6.54802e-20)
(0.788048 0.44375 3.29116e-19)
(0.749005 0.411961 1.32496e-20)
(0.719931 0.386179 -1.67347e-19)
(0.699042 0.364 3.24845e-19)
(0.682494 0.348195 4.4728e-21)
(0.660681 0.329329 7.77212e-20)
(0.594079 0.291534 -3.80134e-19)
(0.414881 0.201109 3.86797e-19)
(0.133089 0.0652713 -4.60138e-19)
(0.467061 0.262372 3.19622e-23)
(1.0655 0.560169 0)
(1.25994 0.688985 0)
(1.27134 0.692173 1.01762e-19)
(1.22245 0.68783 1.18126e-19)
(1.169 0.668905 -7.07042e-20)
(1.10799 0.649896 4.9454e-20)
(1.04137 0.626222 0)
(0.969828 0.596596 -8.12388e-20)
(0.893247 0.559175 1.59292e-19)
(0.821876 0.516146 2.01127e-19)
(0.765764 0.473789 -1.24531e-19)
(0.725867 0.438454 -1.5693e-19)
(0.698104 0.410395 3.7155e-19)
(0.677583 0.388793 -1.14919e-19)
(0.659784 0.36902 -1.39789e-19)
(0.636212 0.346679 -8.58457e-20)
(0.570516 0.306544 -4.12933e-19)
(0.397903 0.20986 5.73469e-20)
(0.124846 0.066959 5.00419e-19)
(0.463373 0.281469 -1.37281e-19)
(1.05373 0.597754 -2.15598e-19)
(1.2465 0.734628 2.39012e-20)
(1.25847 0.73897 3.07558e-22)
(1.2095 0.733522 4.0219e-20)
(1.15578 0.712456 -1.87507e-19)
(1.09392 0.691549 0)
(1.02643 0.665899 9.90756e-21)
(0.953532 0.634157 -7.81238e-21)
(0.874892 0.594723 2.48159e-19)
(0.799791 0.54774 -5.15819e-20)
(0.741082 0.502292 5.64966e-20)
(0.7 0.464569 0)
(0.670068 0.432444 -2.03072e-19)
(0.650078 0.406309 2.54209e-19)
(0.63612 0.385948 0)
(0.616747 0.363924 -1.88735e-19)
(0.552297 0.320092 5.51564e-19)
(0.379989 0.216508 6.61415e-20)
(0.116084 0.0671885 -6.21251e-19)
(0.460822 0.29881 -3.04488e-19)
(1.04249 0.633087 3.88894e-19)
(1.23269 0.77709 0)
(1.24498 0.782477 2.52952e-19)
(1.19597 0.776161 0)
(1.14222 0.753488 1.76858e-19)
(1.07981 0.73104 0)
(1.01168 0.703661 0)
(0.93733 0.670245 -2.88294e-20)
(0.856334 0.628953 -2.42936e-19)
(0.779037 0.579782 -3.74137e-19)
(0.719645 0.532506 7.21659e-20)
(0.678193 0.490311 2.71368e-19)
(0.651274 0.456391 2.29374e-19)
(0.629795 0.428087 -8.16251e-19)
(0.611631 0.403481 -3.38725e-19)
(0.58814 0.377749 1.9673e-19)
(0.524535 0.328815 0)
(0.360745 0.220535 5.72972e-19)
(0.106344 0.0663315 -6.75278e-19)
(0.458727 0.314894 3.3595e-19)
(1.03134 0.666136 -4.27119e-19)
(1.21889 0.816538 0)
(1.23155 0.823001 -9.8492e-21)
(1.18245 0.815973 -1.04316e-19)
(1.1287 0.791936 0)
(1.06584 0.76827 -1.63964e-20)
(0.997121 0.739461 1.74428e-20)
(0.921481 0.704663 -3.22094e-20)
(0.838852 0.661839 2.24773e-20)
(0.759691 0.610883 0)
(0.695302 0.559062 2.86748e-19)
(0.647934 0.513562 3.75156e-21)
(0.613956 0.473127 1.24833e-19)
(0.596498 0.440568 1.50687e-19)
(0.585233 0.4172 0)
(0.568409 0.386156 -3.34633e-19)
(0.504888 0.336884 6.56049e-19)
(0.340863 0.22228 -7.01222e-19)
(0.096556 0.0641099 1.47028e-18)
(0.456806 0.330157 0)
(1.0209 0.697751 0)
(1.20541 0.853422 -2.33351e-19)
(1.21807 0.860795 0)
(1.16872 0.85303 0)
(1.11508 0.82784 2.52389e-19)
(1.05195 0.803213 -2.04046e-20)
(0.982954 0.773237 1.66018e-20)
(0.906338 0.7374 -3.15622e-22)
(0.82191 0.693577 0)
(0.738423 0.641162 -6.04085e-20)
(0.671961 0.588165 -2.38198e-19)
(0.626726 0.540256 -3.00879e-19)
(0.598219 0.498101 -1.25592e-19)
(0.575719 0.463625 1.66483e-19)
(0.55883 0.426592 -3.96039e-19)
(0.535556 0.398766 7.25967e-19)
(0.474839 0.341354 9.16489e-21)
(0.319502 0.221602 -6.79107e-19)
(0.0861023 0.06068 -1.00943e-19)
(0.45484 0.344816 0)
(1.01078 0.72735 -3.31501e-19)
(1.19242 0.887792 2.60985e-19)
(1.20503 0.896151 0)
(1.15549 0.887744 0)
(1.10193 0.861418 -5.57209e-19)
(1.03855 0.83598 0)
(0.969226 0.804996 0)
(0.891548 0.768467 -4.71435e-20)
(0.805283 0.723902 4.63655e-20)
(0.71965 0.669667 -4.73631e-19)
(0.649764 0.613141 0)
(0.596886 0.55986 -3.26543e-19)
(0.557217 0.512712 1.19276e-20)
(0.536909 0.466545 -5.31818e-19)
(0.527099 0.438371 2.14964e-19)
(0.514433 0.39893 4.66512e-21)
(0.453936 0.340552 -7.80675e-19)
(0.29949 0.217712 3.70773e-19)
(0.0782093 0.0566763 1.07997e-19)
(0.452866 0.358761 0)
(1.00153 0.755733 -3.91178e-19)
(1.17982 0.920096 2.77092e-19)
(1.1921 0.929221 5.84978e-19)
(1.14239 0.920135 1.20064e-19)
(1.08904 0.892828 -8.45869e-20)
(1.02553 0.866684 5.30324e-20)
(0.95604 0.834916 -1.17013e-19)
(0.87751 0.797903 5.04299e-20)
(0.789704 0.753051 2.70432e-19)
(0.701389 0.69894 3.92701e-19)
(0.626117 0.642833 7.65371e-20)
(0.571772 0.589468 4.74914e-19)
(0.538963 0.535966 3.10484e-19)
(0.514371 0.492358 3.84327e-19)
(0.497482 0.444966 -2.41627e-19)
(0.477607 0.404981 -2.88937e-19)
(0.421395 0.338414 3.40648e-19)
(0.275488 0.211014 -2.02928e-19)
(0.0719396 0.0523057 3.54307e-19)
(0.450703 0.372018 5.20215e-19)
(0.992403 0.781916 6.20982e-19)
(1.16763 0.950149 1.51741e-19)
(1.1797 0.96012 1.60076e-20)
(1.12998 0.950468 -4.15388e-19)
(1.07683 0.922228 1.61096e-19)
(1.01324 0.895481 -6.04938e-20)
(0.943576 0.863069 -2.16435e-20)
(0.864381 0.825788 -3.53553e-20)
(0.775098 0.780855 -3.04114e-19)
(0.683431 0.726513 2.28488e-20)
(0.60426 0.668671 0)
(0.542767 0.612123 0)
(0.49374 0.55633 -1.57257e-19)
(0.466753 0.498898 -6.31163e-19)
(0.457309 0.449701 5.24218e-19)
(0.448803 0.390112 3.23209e-19)
(0.402034 0.320035 0)
(0.268217 0.189112 6.46278e-19)
(0.0659998 0.0371519 -3.86747e-19)
(0.448545 0.384341 -2.78327e-19)
(0.983898 0.806885 2.37912e-19)
(1.15575 0.978345 -3.39151e-19)
(1.16749 0.988932 -3.66736e-19)
(1.11782 0.978679 -1.63489e-19)
(1.06499 0.949685 3.8464e-20)
(1.00148 0.922456 0)
(0.931819 0.889495 1.67385e-19)
(0.852137 0.852096 8.82263e-21)
(0.761533 0.807349 0)
(0.667274 0.753963 0)
(0.584476 0.697389 5.40524e-20)
(0.51787 0.638845 8.41611e-20)
(0.474185 0.579475 -1.69286e-19)
(0.440016 0.523111 4.56759e-19)
(0.416852 0.451911 -5.76395e-19)
(0.400794 0.390446 -6.98178e-19)
(0.370295 0.300785 6.23185e-19)
(0.279396 0.191859 -2.33517e-19)
(0.138346 0.104419 1.33622e-19)
(0.445983 0.395839 3.21429e-19)
(0.975317 0.829664 0)
(1.14425 1.00446 0)
(1.15587 1.01576 -1.23929e-19)
(1.10637 1.00501 1.00288e-19)
(1.05384 0.975305 -2.07497e-20)
(0.990418 0.947635 -2.32212e-19)
(0.920739 0.914278 -2.50125e-19)
(0.840487 0.876938 9.40539e-21)
(0.748825 0.83247 -2.48776e-20)
(0.651807 0.779825 6.15813e-20)
(0.564446 0.722318 -4.39785e-19)
(0.494115 0.664759 -4.90143e-19)
(0.428144 0.606747 -9.0075e-20)
(0.383289 0.532642 0)
(0.360534 0.468406 -1.3637e-20)
(0.351305 0.357163 3.80712e-19)
(0.323733 0.212602 -6.58071e-19)
(0.297178 0.0412078 4.85456e-19)
(0.0920863 -0.068418 3.87863e-19)
(0.443438 0.406853 -6.98959e-19)
(0.967264 0.851466 -2.98343e-19)
(1.13305 1.02906 5.49801e-21)
(1.1444 1.04091 1.56786e-19)
(1.09506 1.02967 0)
(1.04285 0.999483 4.7753e-19)
(0.979649 0.971594 2.90313e-19)
(0.910074 0.938088 -4.71362e-20)
(0.829523 0.900867 1.0076e-20)
(0.73642 0.857447 -2.31449e-20)
(0.636943 0.806813 2.14976e-20)
(0.545218 0.753461 3.891e-19)
(0.463648 0.696542 4.79359e-19)
(0.407761 0.630644 8.64332e-20)
(0.357831 0.573064 4.79445e-19)
(0.302337 0.479203 0)
(0.213267 0.367288 0)
(0.0789692 0.343868 4.87917e-19)
(-0.0490252 0.635515 -3.2051e-20)
(-0.00318246 1.46174 -6.31517e-19)
(0.440554 0.417336 3.78419e-19)
(0.959201 0.87146 8.93957e-19)
(1.12217 1.05204 -1.34235e-18)
(1.1334 1.06466 8.11413e-19)
(1.08425 1.05314 -9.60787e-20)
(1.03233 1.02262 6.2116e-19)
(0.969293 0.994657 0)
(0.899793 0.961181 2.55517e-19)
(0.818969 0.924655 0)
(0.725307 0.882402 1.96076e-19)
(0.624338 0.832721 -3.53811e-20)
(0.528745 0.779634 3.9671e-20)
(0.448486 0.726755 5.28253e-19)
(0.359023 0.674361 -1.96145e-19)
(0.274462 0.60341 -2.52804e-19)
(0.205465 0.547852 0)
(0.113197 0.631662 0)
(0.053931 1.19236 0)
(0.0868926 2.39596 -2.75268e-19)
(0.119253 2.878 -1.7045e-19)
(0.437787 0.427028 0)
(0.951668 0.890578 0)
(1.11164 1.07377 4.79958e-19)
(1.12262 1.08698 -6.76666e-19)
(1.07363 1.07522 4.67315e-19)
(1.02201 1.04458 -5.69743e-19)
(0.959231 1.01674 -3.3844e-20)
(0.889852 0.983584 2.63519e-20)
(0.808897 0.947959 2.21311e-21)
(0.714158 0.906991 -2.22259e-19)
(0.609912 0.860396 5.23117e-20)
(0.510916 0.814411 3.61494e-19)
(0.41353 0.766651 -5.20092e-19)
(0.342997 0.706081 -6.08767e-19)
(0.278952 0.668191 2.13794e-19)
(0.214851 0.779384 0)
(0.160173 1.44653 3.07032e-19)
(0.162886 2.64794 3.51243e-19)
(0.164126 3.07287 -3.92983e-19)
(0.15547 3.21637 4.4289e-19)
(0.434819 0.435664 0)
(0.944089 0.907901 7.25617e-19)
(1.10145 1.09401 -1.24495e-19)
(1.11235 1.10804 8.5041e-19)
(1.06357 1.09619 -4.90514e-19)
(1.01222 1.06551 0)
(0.949678 1.0379 0)
(0.880578 1.00525 0)
(0.799626 0.970545 -1.02749e-19)
(0.704443 0.931641 -6.38846e-22)
(0.599447 0.88838 0)
(0.495074 0.844593 -3.51787e-19)
(0.407835 0.801363 0)
(0.295291 0.766018 4.32578e-19)
(0.224631 0.842895 -2.79876e-19)
(0.181615 1.41201 -2.34867e-19)
(0.196963 2.63817 -5.78193e-19)
(0.216715 3.12266 -2.85441e-19)
(0.20484 3.27566 -3.18407e-19)
(0.189365 3.31813 2.84787e-19)
(0.431976 0.443752 -2.45226e-19)
(0.936979 0.924437 1.44834e-20)
(1.09166 1.11313 -1.34078e-19)
(1.10235 1.12782 -6.81049e-19)
(1.05373 1.11592 0)
(1.00271 1.08541 0)
(0.940496 1.05815 0)
(0.871613 1.02608 -1.78158e-20)
(0.790792 0.992736 1.1982e-19)
(0.695375 0.956239 0)
(0.588469 0.91677 0)
(0.486824 0.879717 0)
(0.380667 0.84856 0)
(0.321342 0.844319 2.81419e-19)
(0.298704 1.16772 7.3397e-19)
(0.294945 2.2875 2.28767e-19)
(0.310304 3.07477 4.06215e-19)
(0.300177 3.29712 -2.45893e-19)
(0.246853 3.36884 9.083e-20)
(0.211751 3.38238 0)
(0.428859 0.451229 2.48363e-19)
(0.929628 0.939813 -1.56331e-18)
(1.08195 1.13145 -4.4169e-19)
(1.09262 1.14703 -1.08105e-19)
(1.04427 1.1352 1.25456e-19)
(0.993518 1.10482 -8.90304e-19)
(0.931589 1.07796 6.07799e-20)
(0.863103 1.04667 4.38022e-19)
(0.782595 1.01473 0)
(0.687212 0.980531 -1.24189e-20)
(0.580743 0.94498 1.12976e-20)
(0.470421 0.910577 0)
(0.379919 0.886152 0)
(0.326152 1.00455 -3.48151e-19)
(0.317847 1.78725 -7.5555e-21)
(0.31566 2.90048 -1.1193e-19)
(0.333579 3.29594 1.65715e-19)
(0.305087 3.40806 2.89871e-20)
(0.235619 3.43815 1.71214e-19)
(0.20807 3.44677 -8.70776e-20)
(0.425426 0.458759 4.78095e-19)
(0.922036 0.955881 1.49446e-18)
(1.07179 1.15027 5.43411e-19)
(1.08232 1.16649 0)
(1.03426 1.15463 0)
(0.983939 1.12448 6.82122e-19)
(0.922528 1.09797 -4.27828e-19)
(0.854582 1.0674 -4.02199e-19)
(0.774604 1.03676 -1.64477e-20)
(0.679517 1.00518 -1.18943e-20)
(0.571826 0.973882 -2.23961e-19)
(0.468401 0.946019 0)
(0.390488 0.959504 0)
(0.373062 1.31955 -1.89717e-19)
(0.383648 2.36666 -2.44306e-19)
(0.428198 3.19208 0)
(0.458227 3.39758 1.46247e-19)
(0.387464 3.4693 2.39251e-19)
(0.306612 3.51315 -5.55457e-19)
(0.278409 3.53953 3.16936e-19)
(0.421223 0.466208 -9.06564e-19)
(0.913325 0.972095 -7.10819e-19)
(1.06062 1.16984 0)
(1.07135 1.18687 0)
(1.0238 1.17495 0)
(0.973888 1.14474 0)
(0.913057 1.11846 4.57381e-19)
(0.845816 1.08848 -5.13221e-19)
(0.766624 1.05933 0)
(0.672706 1.03033 1.69232e-20)
(0.56761 1.00394 3.60543e-19)
(0.45976 0.985847 2.02551e-20)
(0.399779 1.06446 3.62953e-20)
(0.419549 1.65298 2.73742e-19)
(0.464722 2.83474 -5.57015e-20)
(0.502123 3.33298 0)
(0.484195 3.4753 -1.00038e-19)
(0.388164 3.5658 1.1058e-19)
(0.290153 3.64669 3.884e-19)
(0.210642 3.6316 -3.44692e-19)
(0.416477 0.473937 4.29536e-19)
(0.903904 0.989565 -6.97784e-19)
(1.04851 1.19039 0)
(1.05934 1.20785 -1.7401e-19)
(1.01224 1.19567 6.6193e-19)
(0.962999 1.1655 0)
(0.902992 1.13934 0)
(0.836756 1.11002 9.58354e-19)
(0.758765 1.08206 1.82311e-20)
(0.665563 1.05535 -1.29448e-19)
(0.559711 1.03315 -1.46236e-19)
(0.467319 1.02673 1.2868e-19)
(0.43926 1.2074 0)
(0.486011 2.05343 -1.2475e-19)
(0.537589 3.1056 1.10017e-19)
(0.597201 3.44266 -6.41728e-20)
(0.593808 3.56053 0)
(0.510803 3.67984 -2.29343e-19)
(0.429448 3.72969 -8.39622e-19)
(0.341095 3.70227 -2.10485e-19)
(0.410652 0.481431 -8.31947e-19)
(0.892979 1.00708 9.92899e-19)
(1.03507 1.21175 7.3741e-19)
(1.04653 1.2299 -1.91298e-19)
(1.00016 1.21737 -1.00977e-18)
(0.951573 1.18685 0)
(0.892618 1.16064 3.93306e-19)
(0.827574 1.1316 -3.91021e-19)
(0.750976 1.10493 -4.0396e-20)
(0.660208 1.08083 1.10607e-19)
(0.556198 1.06517 2.03749e-21)
(0.473788 1.08394 -1.42721e-19)
(0.477729 1.39055 1.26391e-19)
(0.564762 2.41223 -2.65055e-20)
(0.643109 3.28648 1.58177e-19)
(0.704545 3.51781 -4.16702e-19)
(0.661325 3.59861 0)
(0.58569 3.624 0)
(0.469636 3.6013 -9.58334e-19)
(0.205456 3.4081 1.91382e-18)
(0.404032 0.489065 3.94396e-19)
(0.88103 1.02592 9.56083e-19)
(1.02054 1.23402 -7.26018e-19)
(1.03255 1.25238 7.14182e-19)
(0.986731 1.23924 9.97214e-19)
(0.939222 1.20849 0)
(0.881539 1.18208 -4.28138e-19)
(0.818067 1.15341 -5.40623e-19)
(0.743412 1.12779 0)
(0.654664 1.10578 0)
(0.556608 1.09318 0)
(0.489167 1.13976 0)
(0.535946 1.6021 -1.28349e-19)
(0.640372 2.69633 7.80177e-20)
(0.726655 3.40166 0)
(0.778202 3.5469 2.53126e-19)
(0.771844 3.56664 0)
(0.83275 3.43704 4.05893e-19)
(0.927207 3.09102 -2.8602e-18)
(0.485413 2.75955 2.76854e-18)
(0.396014 0.496175 -7.68602e-19)
(0.867026 1.04449 -6.06164e-19)
(1.00436 1.25715 -4.66245e-19)
(1.01764 1.27613 -6.6798e-19)
(0.972663 1.26228 -4.73249e-19)
(0.926287 1.23086 0)
(0.870137 1.20406 -9.60618e-20)
(0.808359 1.17549 4.07189e-20)
(0.735943 1.15077 2.97854e-19)
(0.650297 1.13109 0)
(0.55642 1.12677 -3.51272e-23)
(0.510574 1.22122 3.98675e-23)
(0.594589 1.78569 0)
(0.738402 2.95308 -7.28336e-20)
(0.837499 3.4666 0)
(0.882719 3.53941 -4.21791e-19)
(0.884197 3.47706 1.08656e-18)
(0.876192 3.1271 -3.9933e-19)
(0.619715 2.18082 6.11387e-19)
(-0.368039 0.610165 -1.5226e-18)
(0.386765 0.503353 -1.22323e-20)
(0.851464 1.06444 -2.97589e-19)
(0.986733 1.28137 6.48545e-19)
(1.00097 1.30043 -1.79892e-20)
(0.956539 1.28575 -1.2492e-19)
(0.911875 1.25386 0)
(0.857725 1.22678 4.33117e-19)
(0.798248 1.19815 4.48653e-19)
(0.728549 1.17451 -5.74197e-19)
(0.646178 1.15723 3.31312e-19)
(0.559116 1.15992 1.4915e-19)
(0.540917 1.29861 0)
(0.669801 2.02901 -1.1223e-19)
(0.815808 3.13011 1.22074e-19)
(0.906363 3.46048 2.58899e-19)
(0.922454 3.48035 0)
(0.861496 3.30884 -5.3865e-19)
(0.676518 2.59053 6.65906e-19)
(0.19944 0.918117 -7.90451e-19)
(-0.284475 -0.47096 -7.15996e-19)
(0.375425 0.509462 6.94504e-19)
(0.832755 1.08302 -2.85416e-19)
(0.96719 1.3063 4.30823e-19)
(0.983101 1.32625 3.40619e-19)
(0.939555 1.3107 2.41147e-19)
(0.896825 1.27794 6.36685e-19)
(0.844512 1.25022 -8.31415e-19)
(0.787425 1.22184 -5.42195e-19)
(0.721044 1.19897 6.12058e-19)
(0.64217 1.18495 7.44233e-20)
(0.568813 1.19655 4.92754e-20)
(0.576657 1.40063 1.04713e-19)
(0.749236 2.2531 -1.5155e-19)
(0.907719 3.23908 2.46129e-19)
(0.986973 3.44203 -3.84131e-19)
(0.976557 3.40508 3.91384e-19)
(0.838607 3.03645 -9.77071e-19)
(0.563562 1.94362 6.04225e-19)
(0.0939754 0.157453 0)
(-0.101969 -0.216008 -1.12676e-18)
(0.362415 0.515099 0)
(0.812248 1.10289 -1.07073e-18)
(0.945861 1.33243 2.31892e-20)
(0.962582 1.35229 -5.97679e-19)
(0.919843 1.33579 0)
(0.87979 1.30231 -4.54602e-19)
(0.830427 1.27439 7.05023e-19)
(0.776305 1.24579 5.07205e-19)
(0.714028 1.22366 -6.33151e-19)
(0.640239 1.21219 -3.24587e-19)
(0.576339 1.23518 -1.90579e-19)
(0.622003 1.50819 3.93761e-20)
(0.816997 2.49821 1.61533e-19)
(0.969385 3.29553 1.86056e-19)
(1.02693 3.39659 -4.11462e-19)
(0.964237 3.25773 6.35123e-19)
(0.740858 2.63121 4.59163e-19)
(0.274858 0.963053 -5.42427e-19)
(-0.116593 -0.244165 0)
(-0.167513 -0.249122 0)
(0.347034 0.518997 -6.38969e-19)
(0.788266 1.11997 1.03691e-18)
(0.922216 1.35801 0)
(0.940529 1.37954 0)
(0.899212 1.36204 0)
(0.862302 1.32743 0)
(0.815188 1.29852 -2.99721e-19)
(0.764825 1.26965 -1.41644e-20)
(0.707265 1.24822 -7.68417e-20)
(0.640068 1.23979 -4.2208e-20)
(0.584544 1.27973 3.7082e-19)
(0.671355 1.61765 -1.42141e-19)
(0.907008 2.65626 0)
(1.05511 3.31651 5.06021e-20)
(1.09225 3.36341 6.89889e-19)
(0.98027 3.1061 -2.6652e-19)
(0.626858 2.14646 4.46101e-19)
(0.0963919 0.201071 2.63758e-19)
(-0.176303 -0.27874 -1.19879e-18)
(-0.104813 -0.19256 -1.43841e-18)
(0.329983 0.521963 3.12161e-19)
(0.762671 1.13919 4.82027e-19)
(0.895634 1.38442 -1.00582e-20)
(0.914453 1.40645 2.85719e-19)
(0.875053 1.3878 0)
(0.842081 1.35225 7.22066e-19)
(0.798283 1.32259 -1.99114e-19)
(0.751919 1.29389 7.25697e-20)
(0.699265 1.27318 -2.84223e-20)
(0.637854 1.26947 -4.66756e-20)
(0.596639 1.32777 -2.37291e-19)
(0.713626 1.73928 1.70792e-19)
(0.981394 2.83378 2.11056e-19)
(1.10222 3.32351 1.64199e-19)
(1.11199 3.29756 -4.30458e-19)
(0.909159 2.83657 9.54751e-19)
(0.458759 1.52735 -5.65725e-19)
(-0.0690644 -0.131769 7.16088e-19)
(-0.222204 -0.271644 -2.11122e-18)
(-0.0966433 -0.190422 1.50627e-18)
(0.310156 0.521694 -2.91995e-19)
(0.732231 1.15262 0)
(0.865797 1.40832 -3.58293e-19)
(0.886658 1.43354 -5.41736e-19)
(0.850046 1.41401 0)
(0.821151 1.37707 -5.49297e-19)
(0.780535 1.34646 0)
(0.73888 1.31739 -4.14421e-19)
(0.693192 1.29701 2.29904e-19)
(0.639587 1.29449 -4.55922e-19)
(0.61712 1.36969 3.35274e-19)
(0.770142 1.82591 -5.59499e-20)
(1.06693 2.9256 -5.67142e-19)
(1.18065 3.31606 3.29241e-19)
(1.16294 3.24594 -4.26455e-19)
(0.898126 2.64125 -2.9522e-19)
(0.361419 1.01716 7.18405e-19)
(-0.133499 -0.217068 -8.49186e-19)
(-0.229767 -0.306739 2.72855e-21)
(-0.103938 -0.192589 -1.56705e-19)
(0.288582 0.519513 5.64126e-19)
(0.699631 1.16879 -4.41962e-19)
(0.831617 1.4327 3.60379e-19)
(0.853497 1.45919 2.56659e-19)
(0.820825 1.43879 2.38026e-20)
(0.796848 1.40074 2.89678e-19)
(0.759847 1.36825 0)
(0.725858 1.33891 -2.79045e-20)
(0.687579 1.31748 0)
(0.644956 1.3135 4.26191e-19)
(0.63125 1.41724 -3.0667e-19)
(0.824314 1.93934 2.75768e-20)
(1.13473 2.98277 4.95592e-19)
(1.23675 3.28829 3.88343e-19)
(1.16929 3.17405 -1.77923e-19)
(0.759023 2.35229 2.4153e-19)
(0.0549149 0.450621 -1.08487e-18)
(-0.276077 -0.186487 -6.09849e-19)
(-0.290534 -0.345596 -2.88708e-19)
(-0.138237 -0.224575 1.21864e-18)
(0.263654 0.51208 4.25343e-21)
(0.660027 1.1754 2.19383e-19)
(0.792884 1.4525 0)
(0.818538 1.48341 4.76252e-19)
(0.790905 1.46311 -7.22295e-19)
(0.770096 1.42218 2.7919e-19)
(0.738485 1.38848 -2.01153e-19)
(0.710646 1.35901 3.55843e-19)
(0.674979 1.33789 -3.48385e-19)
(0.640971 1.33893 5.49802e-20)
(0.618279 1.47679 -3.52825e-19)
(0.862947 2.0062 -4.14248e-19)
(1.22231 3.01786 5.86915e-20)
(1.32659 3.27911 -6.39914e-19)
(1.22342 3.12939 -5.74959e-19)
(0.739771 2.21546 1.04445e-18)
(-0.0731141 0.361386 -9.56839e-19)
(-0.500745 -0.300542 4.90065e-19)
(-0.489618 -0.567988 -4.53518e-20)
(-0.297743 -0.499142 -1.39636e-18)
(0.237582 0.502555 1.01627e-18)
(0.617964 1.18488 -2.11502e-19)
(0.748872 1.47177 -6.1101e-19)
(0.777565 1.50438 4.95681e-19)
(0.754539 1.48374 -3.25248e-19)
(0.738693 1.44094 5.22558e-19)
(0.714566 1.40726 3.49555e-19)
(0.693483 1.37825 0)
(0.664072 1.3608 4.04049e-19)
(0.631395 1.37096 -6.13494e-20)
(0.610957 1.52232 1.01753e-19)
(0.893497 2.01618 4.16529e-19)
(1.29154 2.98746 9.67829e-20)
(1.42337 3.21078 5.82666e-20)
(1.33417 3.03687 -1.01535e-18)
(0.868922 2.09625 -6.40679e-19)
(0.0439629 0.38178 1.44653e-18)
(-0.583443 -0.510218 6.40485e-19)
(-0.655669 -0.982449 1.61326e-19)
(-0.492927 -0.918201 1.75385e-18)
(0.208223 0.485632 0)
(0.568227 1.1802 1.95416e-19)
(0.699381 1.48369 -2.78761e-19)
(0.73294 1.52205 4.6989e-19)
(0.715834 1.50135 -6.46063e-19)
(0.70559 1.45605 2.59935e-19)
(0.689776 1.4205 0)
(0.677971 1.3924 0)
(0.666421 1.37679 0)
(0.641891 1.39777 1.07308e-19)
(0.612961 1.52385 -9.61137e-20)
(0.907664 1.98849 6.23579e-20)
(1.36292 2.94013 2.82315e-19)
(1.54127 3.14007 4.03751e-19)
(1.57008 2.96725 -7.03123e-19)
(1.23979 2.20271 1.05968e-18)
(0.531075 0.767066 2.89027e-20)
(-0.208656 -0.375042 -1.75633e-18)
(-0.6217 -1.18835 1.48048e-19)
(-0.567155 -1.21186 0)
(0.178822 0.467052 9.05055e-19)
(0.515281 1.17782 -1.8275e-19)
(0.642281 1.49176 9.70683e-22)
(0.680033 1.53293 0)
(0.669441 1.51152 -3.002e-19)
(0.666738 1.4647 1.50104e-20)
(0.662291 1.42506 0)
(0.662346 1.39673 1.08787e-19)
(0.66953 1.37958 -8.21042e-20)
(0.678774 1.41418 0)
(0.648014 1.51363 0)
(0.868085 1.93517 -1.66499e-19)
(1.40003 2.86252 -2.41569e-19)
(1.62531 3.03078 1.22017e-19)
(1.6898 2.81701 -8.54955e-20)
(1.48271 2.23892 3.32406e-19)
(0.966182 1.13548 0)
(0.261441 -0.0656874 -6.37482e-19)
(-0.237824 -0.967017 -7.86235e-19)
(-0.464016 -1.26417 1.80711e-18)
(0.147023 0.440233 7.38669e-19)
(0.45477 1.15688 -1.69924e-19)
(0.578994 1.4891 2.46826e-19)
(0.621591 1.5373 -6.11233e-19)
(0.618706 1.51589 0)
(0.623547 1.465 0)
(0.631231 1.42106 0)
(0.645345 1.38873 1.04781e-19)
(0.671219 1.36969 -7.77059e-20)
(0.736018 1.39164 0)
(0.787018 1.48485 0)
(0.85182 1.83423 1.92705e-19)
(1.32643 2.67922 -3.66345e-20)
(1.58529 2.83879 1.62461e-19)
(1.61731 2.65932 -1.0665e-21)
(1.45151 2.22913 0)
(1.11138 1.41666 7.71921e-20)
(0.501888 0.33526 -7.71285e-20)
(0.018647 -0.577354 -4.96879e-19)
(-0.218925 -0.858316 5.01556e-19)
(0.118508 0.415331 -6.75676e-19)
(0.391399 1.14056 1.77815e-19)
(0.505811 1.47953 5.02955e-19)
(0.552822 1.53043 3.56646e-19)
(0.557568 1.5091 -2.86222e-19)
(0.57187 1.45411 -1.9901e-19)
(0.591694 1.40588 1.44824e-19)
(0.62559 1.36143 0)
(0.677791 1.31884 0)
(0.803593 1.31956 0)
(0.90735 1.45504 -1.5645e-19)
(0.911581 1.79849 -1.44365e-19)
(1.18325 2.49123 6.67061e-21)
(1.41131 2.72924 -1.8084e-20)
(1.4156 2.62755 -8.23933e-20)
(1.32646 2.30475 0)
(1.07245 1.69664 -2.33592e-19)
(0.582061 0.767881 1.44015e-18)
(0.195787 -0.0227312 -3.37399e-18)
(-0.0585896 -0.370992 1.92773e-18)
(0.0894091 0.379533 7.05268e-19)
(0.325205 1.10449 -5.79708e-19)
(0.428323 1.45775 0)
(0.477945 1.51407 1.70114e-19)
(0.488372 1.49245 1.23159e-19)
(0.512423 1.43089 2.77218e-19)
(0.54299 1.37197 -1.35394e-19)
(0.597998 1.30021 0)
(0.673897 1.21709 0)
(0.841629 1.23295 -3.24204e-19)
(0.938272 1.45027 -1.71239e-20)
(0.962429 1.84538 1.36398e-19)
(1.01396 2.43914 6.07364e-20)
(1.17466 2.7386 -2.1899e-19)
(1.15394 2.67708 6.19831e-19)
(1.10564 2.39988 -1.09225e-18)
(0.895481 1.96975 8.92415e-19)
(0.562864 1.22238 0)
(0.282316 0.502731 6.92624e-20)
(0.0603604 0.106234 -2.53428e-18)
(0.0642817 0.34686 7.14114e-19)
(0.259201 1.07537 0)
(0.34325 1.42702 0)
(0.391653 1.48413 0)
(0.406434 1.46104 1.03336e-19)
(0.440405 1.39419 -2.61501e-19)
(0.475306 1.31809 -1.23104e-19)
(0.543725 1.21562 0)
(0.624389 1.11714 0)
(0.801806 1.14922 1.96835e-19)
(0.910078 1.45437 6.60968e-20)
(0.986393 1.97741 -6.61601e-20)
(0.882265 2.48896 -4.85354e-20)
(0.984943 2.76263 -1.68829e-19)
(0.930775 2.73308 2.77696e-19)
(0.851665 2.61429 -5.24773e-19)
(0.671899 2.3198 5.39791e-19)
(0.465396 1.5045 0)
(0.286359 0.927814 -6.46703e-20)
(0.106822 0.467616 -1.23592e-18)
(0.0411132 0.300308 -6.67155e-19)
(0.195645 1.03266 2.30172e-19)
(0.258389 1.3911 3.47014e-19)
(0.30353 1.44923 -1.90772e-20)
(0.318243 1.42298 -2.11582e-19)
(0.350474 1.34914 -1.47371e-19)
(0.38139 1.25869 3.45721e-19)
(0.439368 1.13681 -1.61576e-21)
(0.490123 1.03318 0)
(0.639969 1.06884 4.81823e-20)
(0.721993 1.46982 -6.24592e-20)
(0.881336 2.15075 1.50311e-19)
(0.698048 2.62846 0)
(0.711746 2.939 4.44071e-20)
(0.591904 3.04248 0)
(0.51176 2.91865 1.04877e-19)
(0.431122 2.40198 6.05919e-20)
(0.334472 1.64939 0)
(0.231592 1.23293 0)
(0.0975218 0.674714 -9.76984e-19)
(0.0220787 0.241087 5.32124e-19)
(0.141971 0.996598 -1.99461e-19)
(0.180523 1.35428 1.51268e-19)
(0.211884 1.41314 -2.37025e-19)
(0.21998 1.38559 9.26683e-20)
(0.241203 1.31225 -3.21022e-20)
(0.254718 1.2203 2.67374e-20)
(0.27259 1.10129 -3.56157e-20)
(0.253493 1.00634 -3.2887e-20)
(0.310906 1.06603 -8.82693e-20)
(0.233307 1.57845 -8.16018e-21)
(0.4124 2.43905 0)
(0.183061 2.96112 -1.59653e-20)
(0.21339 3.21794 0)
(0.16818 3.21232 0)
(0.213906 2.89832 0)
(0.226593 2.26376 3.71376e-19)
(0.200424 1.75934 -9.97099e-19)
(0.144638 1.41408 2.56564e-21)
(0.0599642 0.746089 7.02994e-19)
(-0.00282252 0.128729 8.97205e-20)
(0.0920829 0.921298 8.26836e-20)
(0.109274 1.31981 -6.74452e-20)
(0.127479 1.39147 -4.87954e-20)
(0.12416 1.36889 3.94834e-20)
(0.126718 1.30746 3.00254e-20)
(0.111856 1.23022 2.28477e-20)
(0.0823912 1.1369 0)
(0.00134716 1.06403 -1.56732e-20)
(-0.0797956 1.157 -1.40658e-20)
(-0.246574 1.66152 8.56499e-20)
(-0.142879 2.59124 0)
(-0.263081 3.03219 9.16248e-21)
(-0.144206 3.18686 6.87449e-21)
(-0.0847323 2.98839 0)
(0.0616476 2.64026 0)
(0.094174 2.13085 -1.98055e-20)
(0.0871665 1.82846 0)
(0.0621599 1.49789 -1.54684e-20)
(0.0185478 0.760241 0)
(-0.0142962 0.060631 0)
(0.0386967 0.840899 0)
(0.0436675 1.29256 0)
(0.0516968 1.39061 0)
(0.040677 1.37999 -9.31119e-34)
(0.0270177 1.33576 7.26758e-34)
(-0.00712647 1.28006 0)
(-0.0670932 1.21545 0)
(-0.178391 1.16539 0)
(-0.329467 1.25648 0)
(-0.509231 1.71927 0)
(-0.419606 2.55363 0)
(-0.440924 2.88323 0)
(-0.244894 2.96727 0)
(-0.138921 2.68144 0)
(0.00877666 2.38878 0)
(0.0411307 2.06932 0)
(0.0335026 1.87078 0)
(0.0164322 1.55647 0)
(-0.00588756 0.796346 0)
(-0.0122084 0.0440662 0)
(0.00669701 0.779879 0)
(0.00131381 1.2866 0)
(-0.000988493 1.41491 0)
(-0.022705 1.41524 0)
(-0.0465025 1.38755 0)
(-0.0907433 1.35277 0)
(-0.16268 1.31365 0)
(-0.279429 1.28885 0)
(-0.446198 1.37246 0)
(-0.604905 1.78438 0)
(-0.515164 2.48388 0)
(-0.454896 2.72642 0)
(-0.228883 2.73268 0)
(-0.113852 2.46476 0)
(-0.00387323 2.24808 0)
(0.0167072 2.04861 0)
(0.00479282 1.90004 0)
(2.36571e-05 1.5999 0)
(-0.00805663 0.790675 0)
(-0.0124715 0.0792173 0)
(-0.0129266 0.790169 0)
(-0.0234941 1.30917 0)
(-0.0329093 1.45187 0)
(-0.0598094 1.46456 0)
(-0.0892464 1.45017 0)
(-0.136322 1.43344 0)
(-0.208801 1.41699 0)
(-0.31758 1.41624 0)
(-0.469362 1.49231 0)
(-0.610768 1.82255 0)
(-0.506936 2.38431 0)
(-0.385985 2.55134 0)
(-0.186544 2.5094 0)
(-0.0829755 2.31159 0)
(-0.0161688 2.16847 0)
(-0.00327736 2.04949 0)
(-0.0102741 1.93198 0)
(-0.0115037 1.60392 0)
(-0.00763082 0.772003 0)
(-0.0119007 0.138074 0)
(-0.0222284 0.823875 0)
(-0.03506 1.33722 0)
(-0.0482905 1.49137 0)
(-0.0771613 1.51544 0)
(-0.10795 1.51208 0)
(-0.152895 1.50938 0)
(-0.218154 1.51133 0)
(-0.31099 1.52914 0)
(-0.428736 1.60174 0)
(-0.56648 1.8372 0)
(-0.446003 2.26111 0)
(-0.306058 2.37526 0)
(-0.15022 2.33101 0)
(-0.0692125 2.20789 0)
(-0.0295106 2.12281 0)
(-0.0172903 2.05135 0)
(-0.0223027 1.93862 0)
(-0.0149011 1.59346 0)
(-0.00954892 0.73079 0)
(-0.00928295 0.199285 0)
(-0.025528 0.873668 0)
(-0.0395229 1.36947 0)
(-0.0522092 1.53059 0)
(-0.0790268 1.56284 0)
(-0.108597 1.5679 0)
(-0.148942 1.57388 0)
(-0.203461 1.58678 0)
(-0.276776 1.61536 0)
(-0.360269 1.68655 0)
(-0.450437 1.85138 0)
(-0.369835 2.14107 0)
(-0.23909 2.22785 0)
(-0.127935 2.20117 0)
(-0.0676446 2.13525 0)
(-0.0405587 2.08874 0)
(-0.0280226 2.04316 0)
(-0.0273581 1.93193 0)
(-0.0186561 1.5659 0)
(-0.00920921 0.674601 0)
(-0.00631982 0.258419 0)
(-0.0248742 0.930134 0)
(-0.0395215 1.40646 0)
(-0.050613 1.57005 0)
(-0.0733697 1.60687 0)
(-0.0990947 1.61636 0)
(-0.133911 1.62667 0)
(-0.177798 1.64491 0)
(-0.232845 1.67654 0)
(-0.290183 1.74125 0)
(-0.344037 1.86007 0)
(-0.294 2.05033 0)
(-0.190871 2.1173 0)
(-0.114726 2.10917 0)
(-0.0699785 2.07939 0)
(-0.0484589 2.05577 0)
(-0.0351467 2.02379 0)
(-0.0302921 1.91367 0)
(-0.018689 1.52248 0)
(-0.00650329 0.624982 0)
(-0.00400019 0.309431 0)
(-0.0211336 0.985657 0)
(-0.0359591 1.44413 0)
(-0.0461407 1.60835 0)
(-0.065173 1.6479 0)
(-0.0862973 1.65905 0)
(-0.114568 1.66999 0)
(-0.148862 1.68936 0)
(-0.189546 1.71993 0)
(-0.228954 1.775 0)
(-0.259703 1.86314 0)
(-0.227968 1.98747 0)
(-0.15576 2.03814 0)
(-0.103602 2.04261 0)
(-0.0698656 2.03324 0)
(-0.0510975 2.02278 0)
(-0.037401 1.99817 0)
(-0.0296834 1.88381 0)
(-0.0163414 1.47779 0)
(-0.00398278 0.584288 0)
(-0.00223646 0.349163 0)
(-0.0163204 1.03472 0)
(-0.0301373 1.47885 0)
(-0.0395906 1.64307 0)
(-0.0560812 1.68443 0)
(-0.0735589 1.6963 0)
(-0.0957354 1.70647 0)
(-0.122014 1.72391 0)
(-0.151578 1.75074 0)
(-0.179198 1.79568 0)
(-0.196153 1.86222 0)
(-0.175073 1.94442 0)
(-0.127293 1.98294 0)
(-0.091064 1.99377 0)
(-0.0652136 1.99478 0)
(-0.0482616 1.99151 0)
(-0.034936 1.97082 0)
(-0.02606 1.85289 0)
(-0.0132572 1.43582 0)
(-0.002235 0.552627 0)
(-0.00103885 0.377818 0)
(-0.0118399 1.07579 0)
(-0.0239986 1.50989 0)
(-0.0325124 1.67304 0)
(-0.0468997 1.71532 0)
(-0.0616025 1.72751 0)
(-0.0790611 1.73674 0)
(-0.0993451 1.75148 0)
(-0.120503 1.77366 0)
(-0.140049 1.80916 0)
(-0.149124 1.85965 0)
(-0.134286 1.9155 0)
(-0.10303 1.94488 0)
(-0.0772368 1.95755 0)
(-0.0572264 1.96297 0)
(-0.0421489 1.96313 0)
(-0.0299466 1.94421 0)
(-0.0212564 1.82365 0)
(-0.0100735 1.39897 0)
(-0.00113159 0.529251 0)
(-0.000411448 0.397316 0)
(-0.00831524 1.10934 0)
(-0.0188687 1.53784 0)
(-0.0263523 1.699 0)
(-0.0383865 1.74111 0)
(-0.05066 1.75294 0)
(-0.0647776 1.76095 0)
(-0.0807406 1.77359 0)
(-0.0959638 1.79168 0)
(-0.109847 1.81937 0)
(-0.114529 1.85748 0)
(-0.103469 1.89644 0)
(-0.0825479 1.91888 0)
(-0.0636474 1.93096 0)
(-0.0480174 1.93749 0)
(-0.0352091 1.93889 0)
(-0.0247025 1.92051 0)
(-0.0169233 1.79793 0)
(-0.00748511 1.36832 0)
(-0.000610149 0.512529 0)
(-0.000283489 0.410799 0)
(-0.0062005 1.13674 0)
(-0.0154469 1.56232 0)
(-0.0220864 1.72084 0)
(-0.0315186 1.76195 0)
(-0.0412358 1.77251 0)
(-0.0525386 1.77899 0)
(-0.0651489 1.78994 0)
(-0.0764716 1.80482 0)
(-0.0864948 1.82669 0)
(-0.088811 1.85555 0)
(-0.0803017 1.88353 0)
(-0.0656914 1.90073 0)
(-0.0514969 1.91122 0)
(-0.0392458 1.91733 0)
(-0.0288809 1.91881 0)
(-0.0202637 1.90042 0)
(-0.0135906 1.7763 0)
(-0.00571668 1.34353 0)
(-0.000445188 0.500258 0)
(-0.000364558 0.421392 0)
(-0.00522852 1.15968 0)
(-0.0133992 1.58299 0)
(-0.0194835 1.73816 0)
(-0.0265194 1.77782 0)
(-0.0339437 1.78679 0)
(-0.0424971 1.79184 0)
(-0.052171 1.80096 0)
(-0.0607762 1.81323 0)
(-0.0681725 1.83097 0)
(-0.0693377 1.85329 0)
(-0.0626849 1.87407 0)
(-0.052062 1.88743 0)
(-0.0413078 1.89617 0)
(-0.0317537 1.9014 0)
(-0.0235326 1.90255 0)
(-0.0166355 1.88399 0)
(-0.0110047 1.75861 0)
(-0.00451716 1.32362 0)
(-0.000381673 0.490722 0)
(-0.000343603 0.430572 0)
(-0.00448227 1.17938 0)
(-0.0116385 1.60086 0)
(-0.0173064 1.75219 0)
(-0.0224152 1.79012 0)
(-0.0283356 1.79774 0)
(-0.0345137 1.80187 0)
(-0.0417617 1.80906 0)
(-0.0481355 1.81898 0)
(-0.0535616 1.83337 0)
(-0.0541903 1.85089 0)
(-0.0490627 1.86669 0)
(-0.0411736 1.87713 0)
(-0.0330042 1.88422 0)
(-0.0255593 1.88856 0)
(-0.0189765 1.8893 0)
(-0.0134861 1.87052 0)
(-0.00877256 1.74414 0)
(-0.00353826 1.30766 0)
(-0.00029812 0.48314 0)
(-0.000211332 0.438199 0)
(-0.00349417 1.19622 0)
(-0.00961117 1.61691 0)
(-0.0149062 1.76408 0)
(-0.0185092 1.79984 0)
(-0.0235907 1.80644 0)
(-0.0279834 1.81014 0)
(-0.0336068 1.81581 0)
(-0.03819 1.8238 0)
(-0.0420931 1.83522 0)
(-0.0423572 1.84885 0)
(-0.0384363 1.86093 0)
(-0.0325237 1.86907 0)
(-0.0262528 1.87475 0)
(-0.0204383 1.87831 0)
(-0.0150646 1.87863 0)
(-0.0107317 1.85953 0)
(-0.00682163 1.73239 0)
(-0.00268471 1.29505 0)
(-0.000206828 0.477272 0)
(-0.000104623 0.443868 0)
(-0.00247864 1.20989 0)
(-0.00752769 1.63126 0)
(-0.0124202 1.77441 0)
(-0.0148695 1.80763 0)
(-0.0193818 1.81338 0)
(-0.0224449 1.81673 0)
(-0.0271285 1.82135 0)
(-0.0304606 1.8279 0)
(-0.033328 1.83695 0)
(-0.0332821 1.84748 0)
(-0.0302238 1.85663 0)
(-0.0256762 1.86293 0)
(-0.0207715 1.86739 0)
(-0.0162361 1.87021 0)
(-0.0118434 1.87009 0)
(-0.00845644 1.85061 0)
(-0.00524466 1.72294 0)
(-0.00201097 1.28524 0)
(-0.000145631 0.472862 0)
(-7.53117e-05 0.447868 0)
(-0.00174572 1.2205 0)
(-0.00579804 1.64354 0)
(-0.0101969 1.78306 0)
(-0.0118177 1.81361 0)
(-0.015779 1.81866 0)
(-0.0178114 1.82153 0)
(-0.0218313 1.82537 0)
(-0.0242863 1.83082 0)
(-0.0265242 1.83815 0)
(-0.0262739 1.84639 0)
(-0.0238444 1.85339 0)
(-0.0202716 1.85828 0)
(-0.0163816 1.86174 0)
(-0.0128396 1.8639 0)
(-0.00927787 1.86336 0)
(-0.00663737 1.84353 0)
(-0.0040355 1.71548 0)
(-0.00152006 1.27772 0)
(-0.000110981 0.469567 0)
(-7.3764e-05 0.450742 0)
(-0.00127615 1.22849 0)
(-0.00445169 1.65365 0)
(-0.00826058 1.79017 0)
(-0.0093819 1.81828 0)
(-0.0128002 1.82283 0)
(-0.014126 1.82515 0)
(-0.0175395 1.82837 0)
(-0.0193303 1.83282 0)
(-0.0211181 1.83879 0)
(-0.0207556 1.84533 0)
(-0.0188037 1.85078 0)
(-0.0159645 1.85459 0)
(-0.0128692 1.85726 0)
(-0.0101068 1.85886 0)
(-0.00725881 1.858 0)
(-0.00520181 1.8379 0)
(-0.00313079 1.70959 0)
(-0.00116715 1.27192 0)
(-8.79748e-05 0.467047 0)
(-6.01991e-05 0.452908 0)
(-0.000936157 1.23448 0)
(-0.00337668 1.6618 0)
(-0.00653128 1.796 0)
(-0.00739233 1.82204 0)
(-0.0102689 1.82621 0)
(-0.0111942 1.82807 0)
(-0.0140294 1.83081 0)
(-0.0153168 1.83437 0)
(-0.0167382 1.83923 0)
(-0.0163161 1.84442 0)
(-0.0147517 1.84869 0)
(-0.0125039 1.85166 0)
(-0.0100575 1.85372 0)
(-0.0079003 1.8549 0)
(-0.00565213 1.8538 0)
(-0.00404747 1.83352 0)
(-0.00243038 1.70499 0)
(-0.00089505 1.26744 0)
(-6.67679e-05 0.465114 0)
(-4.37084e-05 0.454512 0)
(-0.000673485 1.23897 0)
(-0.00252794 1.66829 0)
(-0.00505454 1.80078 0)
(-0.00581745 1.82521 0)
(-0.00817943 1.82905 0)
(-0.00893004 1.83052 0)
(-0.0112513 1.83285 0)
(-0.0122134 1.83566 0)
(-0.0133229 1.83956 0)
(-0.0128759 1.84363 0)
(-0.0116069 1.84697 0)
(-0.00980885 1.84928 0)
(-0.00785873 1.85089 0)
(-0.00615318 1.85175 0)
(-0.00438889 1.85048 0)
(-0.00312598 1.83007 0)
(-0.00187665 1.70138 0)
(-0.000677071 1.26397 0)
(-4.75852e-05 0.463633 0)
(-2.85784e-05 0.455669 0)
(-0.000475449 1.24225 0)
(-0.001858 1.67329 0)
(-0.00379393 1.80462 0)
(-0.00449318 1.82785 0)
(-0.00635717 1.83133 0)
(-0.00701812 1.83249 0)
(-0.00886203 1.83445 0)
(-0.00961482 1.83666 0)
(-0.0104641 1.8398 0)
(-0.0100421 1.84298 0)
(-0.009016 1.84561 0)
(-0.00758535 1.84743 0)
(-0.00605223 1.84867 0)
(-0.00471944 1.8493 0)
(-0.00336397 1.8479 0)
(-0.00238314 1.82741 0)
(-0.00143776 1.6986 0)
(-0.000507608 1.26131 0)
(-3.24646e-05 0.462529 0)
(-2.11469e-05 0.456504 0)
(-0.000343613 1.24469 0)
(-0.00139478 1.67707 0)
(-0.00286625 1.80762 0)
(-0.00353454 1.83002 0)
(-0.00498636 1.83318 0)
(-0.00561674 1.83409 0)
(-0.00705832 1.83571 0)
(-0.00768323 1.83745 0)
(-0.00833891 1.83997 0)
(-0.0079702 1.84247 0)
(-0.00713929 1.84455 0)
(-0.00599008 1.84597 0)
(-0.00477468 1.84694 0)
(-0.00370819 1.84741 0)
(-0.00264829 1.84591 0)
(-0.00186415 1.82538 0)
(-0.00113052 1.69644 0)
(-0.000389553 1.25924 0)
(-2.44761e-05 0.461684 0)
(-1.59468e-05 0.457101 0)
(-0.000247528 1.24647 0)
(-0.00101201 1.67997 0)
(-0.00207594 1.81005 0)
(-0.00266241 1.83187 0)
(-0.0037412 1.8347 0)
(-0.00430207 1.83542 0)
(-0.00539147 1.8367 0)
(-0.00591283 1.83805 0)
(-0.006411 1.84004 0)
(-0.00611273 1.84201 0)
(-0.00545558 1.84366 0)
(-0.00454978 1.84478 0)
(-0.00360786 1.84554 0)
(-0.00278617 1.84588 0)
(-0.00198818 1.84431 0)
(-0.00138648 1.82376 0)
(-0.000842487 1.69474 0)
(-0.000284909 1.25767 0)
(-1.62559e-05 0.461064 0)
(-1.0513e-05 0.457558 0)
(-0.000194641 1.24776 0)
(-0.000799892 1.68194 0)
(-0.00160566 1.81172 0)
(-0.0021448 1.8332 0)
(-0.00298325 1.8358 0)
(-0.00352012 1.8364 0)
(-0.00436215 1.83743 0)
(-0.00480813 1.83851 0)
(-0.00518338 1.84011 0)
(-0.00494202 1.84168 0)
(-0.00441449 1.84301 0)
(-0.0036896 1.84392 0)
(-0.00293317 1.84453 0)
(-0.00225956 1.84479 0)
(-0.00161647 1.84318 0)
(-0.00111935 1.82261 0)
(-0.000680414 1.69352 0)
(-0.00022348 1.25649 0)
(-1.08854e-05 0.460586 0)
(-8.75901e-06 0.457896 0)
(-0.000130148 1.24886 0)
(-0.000555334 1.68375 0)
(-0.0011153 1.81335 0)
(-0.00154014 1.83455 0)
(-0.00213053 1.83691 0)
(-0.00256003 1.83738 0)
(-0.00316028 1.83814 0)
(-0.00352731 1.83895 0)
(-0.00380379 1.84017 0)
(-0.00363246 1.84138 0)
(-0.00322878 1.84241 0)
(-0.0026829 1.8431 0)
(-0.00212948 1.84357 0)
(-0.00163421 1.84374 0)
(-0.00116793 1.84208 0)
(-0.000800115 1.82149 0)
(-0.000484043 1.69236 0)
(-0.000156101 1.25547 0)
(-7.96615e-06 0.460227 0)
(-8.90193e-06 0.458124 0)
(-0.000115245 1.24941 0)
(-0.000469836 1.68459 0)
(-0.000918169 1.81409 0)
(-0.00130187 1.83518 0)
(-0.00178867 1.83743 0)
(-0.00219372 1.83785 0)
(-0.00269083 1.83847 0)
(-0.00301466 1.83918 0)
(-0.00323558 1.8402 0)
(-0.00310018 1.84122 0)
(-0.00277219 1.8421 0)
(-0.00231219 1.8427 0)
(-0.00183618 1.8431 0)
(-0.00140397 1.84325 0)
(-0.00100334 1.84157 0)
(-0.000683769 1.82098 0)
(-0.000414006 1.69182 0)
(-0.00013345 1.25495 0)
(-7.49278e-06 0.45999 0)
(-6.20979e-06 0.458421 0)
(-7.85427e-05 1.25031 0)
(-0.000310859 1.68598 0)
(-0.000595124 1.81538 0)
(-0.000855576 1.83628 0)
(-0.00115788 1.83835 0)
(-0.00142964 1.83866 0)
(-0.00173193 1.83906 0)
(-0.0019506 1.83954 0)
(-0.00208718 1.84025 0)
(-0.00200666 1.84099 0)
(-0.0017923 1.84161 0)
(-0.00150117 1.84203 0)
(-0.00120324 1.84231 0)
(-0.000926909 1.84238 0)
(-0.000668659 1.84065 0)
(-0.000453747 1.82004 0)
(-0.000272944 1.69085 0)
(-8.72981e-05 1.25409 0)
(-4.61973e-06 0.459685 0)
(-0.294807 1.72784 1.94459e-22)
(0.432234 3.28949 -2.11062e-19)
(0.104529 3.50812 3.19719e-19)
(0.221181 3.46533 0)
(0.190285 3.40754 0)
(0.184122 3.35354 -1.71748e-19)
(0.186443 3.32662 2.33007e-19)
(0.158001 3.27171 -2.45438e-19)
(0.133439 3.15987 5.06825e-21)
(0.129758 2.56852 4.05012e-19)
(-0.0998886 2.43882 6.58117e-23)
(0.15797 3.34415 1.81976e-19)
(0.0207854 3.46031 0)
(0.116491 3.40634 0)
(0.0921808 3.35729 5.09992e-21)
(0.0978984 3.31391 3.93985e-19)
(0.0925927 3.27397 -2.43852e-19)
(0.0655152 3.23326 -4.83372e-21)
(0.0603414 3.0685 4.60905e-21)
(0.00397109 2.07032 0)
(-0.0255939 2.12981 -1.3167e-20)
(0.100674 3.17214 1.50103e-20)
(0.0416547 3.36496 0)
(0.088803 3.33884 1.74314e-19)
(0.0672385 3.30798 -1.60435e-21)
(0.0676885 3.2831 -2.20269e-19)
(0.0557954 3.26707 -3.16385e-19)
(0.0394347 3.24203 -2.68465e-22)
(0.0457593 3.11223 4.80468e-21)
(-0.015564 2.20408 0)
(-0.0379212 2.05995 5.87889e-20)
(0.0348582 3.14181 0)
(-0.00585046 3.32155 -9.45339e-20)
(0.0321721 3.31147 -5.72301e-20)
(0.0242802 3.2886 8.41172e-21)
(0.0311095 3.26308 -1.64795e-19)
(0.0345224 3.2439 1.41693e-19)
(0.0265077 3.23119 -5.49081e-21)
(0.0452665 3.12079 7.46717e-21)
(0.00870058 2.24559 1.95176e-19)
(-0.0435653 2.0497 -4.7588e-20)
(0.021033 3.10252 0)
(-0.00089895 3.27436 2.22757e-19)
(0.0215261 3.26498 -1.29542e-19)
(0.0187011 3.24971 -7.62418e-22)
(0.0227783 3.23699 -8.33369e-21)
(0.023863 3.23343 -1.52639e-20)
(0.0243489 3.2223 -2.02251e-19)
(0.0449759 3.12435 5.51299e-21)
(-0.00316689 2.30942 -4.13273e-19)
(-0.052382 2.09234 0)
(-0.00575767 3.09267 -1.40819e-19)
(-0.0257805 3.24863 2.36294e-20)
(-0.00977707 3.24934 -1.0096e-20)
(-0.0016179 3.23392 1.04079e-20)
(0.00594421 3.22056 1.75312e-19)
(0.0191891 3.20962 1.86852e-19)
(0.022941 3.20466 4.02855e-19)
(0.0431768 3.12317 2.27324e-19)
(0.0112803 2.35277 -1.62074e-20)
(-0.0474015 2.15408 0)
(-0.0169348 3.08722 1.45482e-19)
(-0.0168545 3.21626 -1.55454e-19)
(-0.00917052 3.21351 -1.14352e-20)
(0.00184903 3.20272 2.38125e-20)
(0.00971043 3.19532 3.92415e-22)
(0.016995 3.19587 -1.30521e-20)
(0.0224884 3.18998 -2.13044e-19)
(0.0431463 3.11969 -2.21543e-19)
(0.0036176 2.41848 -1.6932e-20)
(-0.050523 2.22689 1.83355e-19)
(-0.0272928 3.08649 -8.49119e-21)
(-0.0311161 3.19566 5.89345e-21)
(-0.0224861 3.19663 0)
(-0.0119518 3.18625 0)
(-0.000803809 3.17855 0)
(0.0148616 3.17065 0)
(0.0214021 3.16907 2.48207e-19)
(0.0411218 3.1127 -2.57361e-19)
(0.0158988 2.46352 2.51057e-19)
(-0.0440099 2.31469 2.578e-20)
(-0.0322744 3.08803 2.07075e-19)
(-0.0197871 3.17015 0)
(-0.0141301 3.16565 -1.38396e-20)
(-0.0036978 3.15761 1.41636e-20)
(0.00591913 3.15273 0)
(0.0143212 3.15491 -7.81381e-21)
(0.0207065 3.15245 -2.40845e-19)
(0.0406896 3.10848 2.58278e-19)
(0.0101493 2.53271 0)
(-0.0453835 2.39895 1.78023e-20)
(-0.0358846 3.0854 -3.20442e-19)
(-0.0300585 3.15014 0)
(-0.0222062 3.14723 0)
(-0.0130923 3.13961 1.56338e-20)
(-0.00204206 3.13428 -1.33519e-19)
(0.0126277 3.12828 -1.65651e-20)
(0.0195294 3.12928 1.43365e-19)
(0.0382115 3.09625 0)
(0.0195646 2.58077 0)
(-0.0382341 2.49644 -3.42666e-19)
(-0.0382327 3.08422 1.15821e-19)
(-0.0196412 3.12445 0)
(-0.012718 3.11625 0)
(-0.00350457 3.10928 0)
(0.00583158 3.10596 2.77862e-19)
(0.013544 3.10929 0)
(0.0196838 3.11021 -1.5304e-19)
(0.0381432 3.08986 9.54052e-21)
(0.0146473 2.65349 1.63492e-19)
(-0.0388697 2.58486 1.24252e-19)
(-0.040199 3.07373 -1.22553e-20)
(-0.0300655 3.10113 1.48623e-19)
(-0.0213973 3.0951 1.44878e-19)
(-0.0124824 3.0886 0)
(-0.00110649 3.08462 -1.44112e-19)
(0.0132348 3.08056 0)
(0.021443 3.08459 0)
(0.0383134 3.0725 0)
(0.02252 2.70655 -1.64251e-19)
(-0.0340033 2.68242 -1.37037e-19)
(-0.0431373 3.06406 1.4174e-19)
(-0.0229461 3.07199 -1.40199e-19)
(-0.013092 3.06193 -2.22782e-19)
(-0.00276814 3.05668 0)
(0.00770301 3.05494 2.00519e-20)
(0.0163692 3.05941 -1.02215e-20)
(0.0244693 3.06292 7.71222e-20)
(0.0419767 3.06105 9.56678e-20)
(0.0205924 2.78011 -9.85361e-20)
(-0.0353425 2.76865 1.40569e-19)
(-0.0467427 3.04286 -1.36043e-19)
(-0.0330268 3.04556 9.81059e-21)
(-0.020896 3.04058 5.71676e-20)
(-0.01102 3.03662 -8.33632e-20)
(5.03326e-05 3.03437 0)
(0.0142362 3.03153 8.97759e-20)
(0.0260033 3.03567 4.94856e-21)
(0.0443813 3.03689 -1.86386e-19)
(0.0288766 2.83265 -6.5469e-21)
(-0.0288017 2.85857 -4.16373e-20)
(-0.0438774 3.0237 1.00646e-20)
(-0.0228354 3.01811 -5.23914e-20)
(-0.0110921 3.0145 2.14802e-20)
(-0.00226184 3.01402 1.01835e-19)
(0.00631019 3.0135 -4.34744e-20)
(0.013912 3.0148 -4.26121e-20)
(0.0228411 3.0168 -4.44591e-20)
(0.0419203 3.02124 9.6342e-20)
(0.0245783 2.90005 4.64803e-20)
(-0.017999 2.93682 3.34512e-20)
(-0.0261873 2.99837 1.48299e-20)
(-0.0162387 3.00043 2.88784e-20)
(-0.00938436 3.00166 -5.91494e-20)
(-0.0040664 3.0026 2.00576e-20)
(0.000656695 3.00218 4.05875e-20)
(0.00586588 3.00061 -4.23124e-20)
(0.0110938 2.99896 -4.44482e-20)
(0.0218149 2.99766 6.08925e-21)
(0.0166687 2.94925 4.30821e-20)
)
;

boundaryField
{
    wall-4
    {
        type            noSlip;
    }
    pressure-outlet-7
    {
        type            zeroGradient;
    }
    velocity-inlet-6
    {
        type            fixedValue;
        value           uniform (0 3 0);
    }
    velocity-inlet-5
    {
        type            fixedValue;
        value           uniform (1 0 0);
    }
    frontAndBackPlanes
    {
        type            empty;
    }
}


// ************************************************************************* //
