/*--------------------------------*- C++ -*----------------------------------*\
  =========                 |
  \\      /  F ield         | OpenFOAM: The Open Source CFD Toolbox
   \\    /   O peration     | Website:  https://openfoam.org
    \\  /    A nd           | Version:  9
     \\/     M anipulation  |
\*---------------------------------------------------------------------------*/
FoamFile
{
    format      ascii;
    class       surfaceScalarField;
    location    "50";
    object      phi;
}
// * * * * * * * * * * * * * * * * * * * * * * * * * * * * * * * * * * * * * //

dimensions      [0 3 -1 0 0 0 0];

internalField   nonuniform List<scalar> 
4262
(
0.107142
0.470846
0.0955847
0.705143
0.0694126
0.858475
0.0474183
1.02076
0.0310461
1.21489
0.0198503
1.44942
0.0124624
1.73325
0.00727375
2.07622
0.00335796
2.48916
-0.000310076
2.98596
-0.00397795
2.98596
-0.00787219
2.48914
-0.0129472
2.07611
-0.0202011
1.73312
-0.0312066
1.44923
-0.0472722
1.21458
-0.0690143
1.02051
-0.0952521
0.858541
-0.107082
0.705416
0.470906
0.112879
0.357967
0.13529
0.682732
0.120387
0.873378
0.0978162
1.04333
0.0745594
1.23815
0.0528327
1.47114
0.0344411
1.75164
0.0202237
2.09044
0.00888763
2.5005
-0.00122521
2.99607
-0.0112342
2.99597
-0.0222888
2.50019
-0.0363184
2.09014
-0.0545966
1.7514
-0.0763367
1.47097
-0.100017
1.23826
-0.123164
1.04365
-0.136853
0.87223
-0.113507
0.68207
0.357399
0.092073
0.265894
0.12503
0.649775
0.121192
0.877217
0.10498
1.05954
0.086351
1.25677
0.0671995
1.49029
0.0482335
1.77061
0.0302048
2.10847
0.0137586
2.51694
-0.00205521
3.01189
-0.0177565
3.01167
-0.0338768
2.51631
-0.0514514
2.10772
-0.069896
1.76984
-0.0883847
1.48945
-0.105787
1.25566
-0.120045
1.05791
-0.125278
0.877463
-0.0923509
0.649143
0.265048
0.0640287
0.201866
0.104897
0.608906
0.106647
0.875467
0.0952097
1.07098
0.0813125
1.27067
0.0666454
1.50496
0.0505285
1.78673
0.0333555
2.12564
0.0155932
2.5347
-0.00319172
3.03067
-0.0216865
3.03017
-0.0389533
2.53358
-0.0554678
2.12423
-0.0707182
1.78509
-0.0844752
1.50321
-0.0980995
1.26929
-0.109825
1.06964
-0.106911
0.874548
-0.0648578
0.607091
0.20019
0.0374918
0.164374
0.0807763
0.565621
0.0911799
0.865064
0.0840386
1.07812
0.0714419
1.28327
0.0596038
1.5168
0.0466483
1.79968
0.0317409
2.14055
0.0148737
2.55157
-0.00421099
3.04976
-0.0229841
3.04894
-0.0391369
2.54973
-0.0530559
2.13815
-0.0651518
1.79719
-0.0764334
1.51449
-0.0883912
1.28125
-0.0947866
1.07603
-0.0830261
0.862788
-0.0383189
0.562383
0.161871
0.0195038
0.14487
0.0573018
0.527823
0.0727249
0.849641
0.070672
1.08017
0.061925
1.29202
0.0510764
1.52765
0.0399526
1.81081
0.0273798
2.15312
0.0123107
2.56664
-0.00538829
3.06746
-0.0228043
3.06635
-0.037022
2.56395
-0.0485653
2.14969
-0.0585663
1.80719
-0.0684418
1.52437
-0.0761311
1.28894
-0.0770023
1.0769
-0.0599278
0.845713
-0.0203516
0.522807
0.14152
0.0106512
0.134219
0.0424684
0.496006
0.0586237
0.833485
0.0589098
1.07989
0.0527664
1.29816
0.0434249
1.53699
0.0331216
1.82111
0.0218391
2.16441
0.00864921
2.57983
-0.00717564
3.08328
-0.022416
3.08159
-0.0343246
2.57586
-0.0441819
2.15955
-0.0531519
1.81616
-0.0612066
1.53242
-0.0658948
1.29362
-0.0640215
1.07503
-0.0457354
0.827427
-0.0116573
0.488729
0.129863
0.00664048
0.127578
0.0331648
0.469482
0.0496101
0.81704
0.05125
1.07825
0.0461958
1.30321
0.0378164
1.54537
0.0281368
1.83079
0.0172857
2.17526
0.00536615
2.59175
-0.00842944
3.09708
-0.0218297
3.09499
-0.0326603
2.58669
-0.0419157
2.1688
-0.0497617
1.824
-0.0563707
1.53903
-0.0595986
1.29685
-0.0560522
1.07148
-0.0370441
0.808419
-0.00782409
0.459509
0.122038
0.00475912
0.122819
0.0266746
0.447566
0.0425433
0.801171
0.044768
1.07602
0.0403299
1.30765
0.0328824
1.55282
0.023856
1.83981
0.0133505
2.18576
0.00156943
2.60353
-0.0114532
3.1101
-0.0233591
3.1069
-0.0331249
2.59646
-0.0415172
2.1772
-0.0484538
1.83094
-0.0538061
1.54438
-0.0560898
1.29914
-0.0511813
1.06657
-0.0316957
0.788933
-0.00627765
0.434091
0.115761
0.00378326
0.119036
0.0218786
0.429471
0.0371996
0.78585
0.0400743
1.07315
0.0358025
1.31192
0.0285668
1.56005
0.0198986
1.84848
0.00990802
2.19575
-0.00118373
2.61462
-0.013209
3.12212
-0.0247572
3.11845
-0.0341747
2.60587
-0.0416323
2.18465
-0.0476949
1.837
-0.0524591
1.54915
-0.0538032
1.30048
-0.0475242
1.0603
-0.0278715
0.769281
-0.00564665
0.411866
0.110114
0.0031079
0.115928
0.0177065
0.414872
0.0317787
0.771778
0.0349048
1.07002
0.0309385
1.31589
0.0239439
1.56705
0.0156011
1.85683
0.00589436
2.20546
-0.00526291
2.62578
-0.0175057
3.13437
-0.0282931
3.12924
-0.0364489
2.61403
-0.0430008
2.19121
-0.0480981
1.8421
-0.0518576
1.55291
-0.0521749
1.3008
-0.0447163
1.05284
-0.0250365
0.749601
-0.00534603
0.392176
0.104768
0.00245434
0.113474
0.0140964
0.40323
0.0268809
0.758994
0.0300684
1.06683
0.0261032
1.31985
0.01915
1.574
0.0108809
1.86509
0.00145252
2.21489
-0.00899032
2.63622
-0.0203466
3.14572
-0.0306898
3.13958
-0.0385741
2.62191
-0.0443121
2.19694
-0.0487853
1.84657
-0.0519058
1.55603
-0.051433
1.30032
-0.0426269
1.04403
-0.0229388
0.729913
-0.00517049
0.374407
0.0995976
0.00171813
0.111756
0.0106306
0.394318
0.0216392
0.747985
0.024535
1.06394
0.0206752
1.32371
0.0138149
1.58086
0.00555567
1.87335
-0.00372863
2.22417
-0.014398
2.64689
-0.0262542
3.15758
-0.0360175
3.14934
-0.0424745
2.62837
-0.0471447
2.20162
-0.0507768
1.85021
-0.0526252
1.55788
-0.0512928
1.29899
-0.0412861
1.03402
-0.0215245
0.710151
-0.00506606
0.357949
0.0945316
0.000907681
0.110848
0.00731017
0.387915
0.0167111
0.738584
0.0192161
1.06143
0.0150933
1.32784
0.00800482
1.58795
-0.000476663
1.88184
-0.0101552
2.23385
-0.0205756
2.65731
-0.0311873
3.16819
-0.0402778
3.15843
-0.046537
2.63463
-0.0504265
2.2055
-0.0532212
1.853
-0.0540265
1.55868
-0.0517723
1.29674
-0.0404075
1.02266
-0.0204772
0.690221
-0.00495195
0.342424
0.0895796
0.000213464
0.110635
0.00435848
0.38377
0.0112491
0.731694
0.0125793
1.0601
0.00817925
1.33224
0.000964538
1.59516
-0.00788
1.89068
-0.0177167
2.24369
-0.0284032
2.668
-0.0392414
3.17903
-0.0473925
3.16658
-0.0519495
2.63919
-0.0548738
2.20843
-0.0567075
1.85483
-0.0566494
1.55862
-0.0529655
1.29305
-0.0403617
1.01006
-0.0200981
0.669957
-0.00500447
0.32733
0.0845751
-0.000750229
0.111385
0.000700376
0.38232
0.00571772
0.726676
0.00631726
1.0595
0.00107103
1.33748
-0.00707819
1.60331
-0.0165007
1.9001
-0.0267648
2.25395
-0.0372271
2.67846
-0.0469131
3.18872
-0.0538699
3.17354
-0.0579551
2.64327
-0.0600127
2.21049
-0.0610197
1.85584
-0.0600822
1.55769
-0.0547608
1.28773
-0.0407029
0.995998
-0.0199526
0.649207
-0.00505121
0.312429
0.0795239
-0.00160126
0.112986
-0.00241687
0.383135
-0.000423925
0.724683
-0.00199819
1.06108
-0.00806634
1.34355
-0.0166673
1.61191
-0.0267635
1.9102
-0.0376435
2.26483
-0.0486449
2.68946
-0.0586378
3.19871
-0.0650978
3.18
-0.0677347
2.64591
-0.0683159
2.21107
-0.0677721
1.8553
-0.0653196
1.55523
-0.0583263
1.28074
-0.042341
0.980012
-0.0205721
0.627438
-0.00530966
0.297166
0.0742143
-0.00297047
0.115957
-0.00616643
0.386331
-0.00756903
0.726086
-0.010172
1.06368
-0.0173438
1.35072
-0.027441
1.62201
-0.0385418
1.9213
-0.0499869
2.27628
-0.0611064
2.70058
-0.0704173
3.20802
-0.0752046
3.18479
-0.0764621
2.64717
-0.0759005
2.21051
-0.0746642
1.85406
-0.0713638
1.55193
-0.0625676
1.27194
-0.0444653
0.96191
-0.021524
0.604497
-0.0056391
0.281281
0.0685752
-0.00426492
0.120221
-0.0103954
0.392462
-0.015332
0.731023
-0.021288
1.06963
-0.0295962
1.35903
-0.0404062
1.63282
-0.0525463
1.93344
-0.0653044
2.28904
-0.0775797
2.71286
-0.0873349
3.21777
-0.0918417
3.1893
-0.09219
2.64751
-0.0899374
2.20825
-0.0860161
1.85014
-0.0797944
1.54571
-0.0684011
1.26055
-0.0477252
0.941234
-0.0230754
0.579847
-0.00610227
0.264308
0.0624729
-0.00570545
0.125927
-0.0153484
0.402105
-0.0241523
0.739827
-0.0326038
1.07809
-0.0429441
1.36937
-0.055792
1.64567
-0.0694317
1.94708
-0.083125
2.30273
-0.095658
2.72539
-0.104956
3.22707
-0.107763
3.1921
-0.105424
2.64517
-0.100685
2.20351
-0.0960062
1.84546
-0.0891584
1.53886
-0.0752893
1.24668
-0.0517316
0.917676
-0.0249764
0.553092
-0.00664018
0.245972
0.0558327
-0.00799225
0.133919
-0.022236
0.416349
-0.0365449
0.754135
-0.0484974
1.09004
-0.0604563
1.38133
-0.0748218
1.66003
-0.0905419
1.9628
-0.106525
2.31871
-0.120485
2.73935
-0.129096
3.23568
-0.129771
3.19278
-0.125926
2.64133
-0.120545
2.19813
-0.112295
1.83721
-0.101296
1.52786
-0.0838088
1.22919
-0.0566952
0.890563
-0.0272373
0.523634
-0.00721903
0.225954
0.0486137
-0.0105124
0.144432
-0.0297529
0.435589
-0.0501944
0.774577
-0.0669842
1.10683
-0.0823573
1.3967
-0.0998224
1.6775
-0.117891
1.98087
-0.134831
2.33565
-0.14789
2.75241
-0.154313
3.24211
-0.152878
3.19134
-0.146339
2.63479
-0.137092
2.18888
-0.127485
1.8276
-0.114952
1.51533
-0.0937333
1.20798
-0.0623517
0.859181
-0.0297868
0.491069
-0.00781303
0.20398
0.0408007
-0.0152345
0.159666
-0.0420815
0.462436
-0.0693934
0.801889
-0.0913613
1.1288
-0.110556
1.4159
-0.13137
1.69831
-0.151746
2.00124
-0.17021
2.35412
-0.18385
2.76605
-0.189119
3.24738
-0.183668
3.18589
-0.173408
2.62453
-0.161945
2.17742
-0.148709
1.81437
-0.131189
1.49781
-0.105234
1.18202
-0.0690937
0.82304
-0.0326953
0.454671
-0.00835762
0.179642
0.032443
-0.0195342
0.1792
-0.0554891
0.498391
-0.0926376
0.839037
-0.121921
1.15808
-0.146478
1.44046
-0.171442
1.72328
-0.19426
2.02406
-0.212848
2.3727
-0.224275
2.77748
-0.225116
3.24822
-0.216251
3.17703
-0.202502
2.61078
-0.186656
2.16158
-0.170481
1.79819
-0.150233
1.47756
-0.118813
1.1506
-0.0765549
0.780783
-0.0355605
0.413676
-0.0086907
0.152772
0.0237523
-0.03252
0.21172
-0.0814995
0.547371
-0.128449
0.885987
-0.164388
1.19402
-0.194976
1.47104
-0.224278
1.75258
-0.248209
2.04799
-0.266016
2.39051
-0.275055
2.78652
-0.272506
3.24567
-0.257567
3.16209
-0.238739
2.59195
-0.220322
2.14316
-0.199717
1.77759
-0.172899
1.45075
-0.1347
1.1124
-0.0853661
0.731449
-0.0387227
0.367033
-0.00890492
0.122955
0.0148474
-0.0470834
0.258804
-0.120687
0.620974
-0.183558
0.948859
-0.227712
1.23817
-0.263682
1.50701
-0.293317
1.78221
-0.314811
2.06949
-0.328272
2.40397
-0.331173
2.78942
-0.320457
3.23495
-0.299739
3.14137
-0.276588
2.5688
-0.252542
2.11911
-0.22817
1.75322
-0.197049
1.41962
-0.150338
1.06569
-0.0920963
0.673207
-0.0398412
0.314778
-0.00881025
0.0919237
0.00603718
-0.0339533
0.292757
-0.0970949
0.684115
-0.154999
1.00676
-0.201929
1.2851
-0.244397
1.54948
-0.281883
1.8197
-0.316395
2.104
-0.346917
2.43449
-0.369232
2.81173
-0.377861
3.24358
-0.368417
3.13192
-0.348548
2.54894
-0.32482
2.09538
-0.29267
1.72107
-0.244501
1.37146
-0.17795
0.999139
-0.101556
0.596813
-0.0399182
0.25314
-0.00887574
0.0608812
-0.00283856
-0.0127965
0.305553
-0.0477833
0.719102
-0.0890381
1.04802
-0.127911
1.32397
-0.166318
1.58789
-0.200045
1.85343
-0.230961
2.13492
-0.256522
2.46006
-0.272157
2.82737
-0.273851
3.24528
-0.259966
3.11804
-0.236929
2.5259
-0.206096
2.06455
-0.170456
1.68543
-0.131377
1.33238
-0.0847671
0.95253
-0.039341
0.551387
-0.0129034
0.226702
-0.00296098
0.0509388
-0.00579954
0.000157566
0.305396
-0.0246262
0.743886
-0.0541692
1.07756
-0.0839354
1.35374
-0.114665
1.61862
-0.144533
1.88329
-0.1717
2.16208
-0.193749
2.4821
-0.207785
2.8414
-0.20788
3.24537
-0.188972
3.09913
-0.159135
2.49606
-0.128863
2.03428
-0.0974026
1.65397
-0.0601804
1.29515
-0.023891
0.91624
-0.000689677
0.528186
0.00381839
0.222194
0.00105878
0.0536984
-0.00474076
0.000784319
0.304612
-0.0124134
0.757084
-0.033809
1.09896
-0.0583713
1.3783
-0.0839572
1.64421
-0.109029
1.90837
-0.132207
2.18526
-0.150873
2.50077
-0.160912
2.85144
-0.155073
3.23953
-0.135165
3.07922
-0.110586
2.47148
-0.0788503
2.00254
-0.0444053
1.61952
-0.0157387
1.26649
0.00585088
0.894651
0.0153403
0.518696
0.0110489
0.226486
0.0033381
0.0614092
-0.00140266
0.00388974
0.300722
-0.00571848
0.766692
-0.0236527
1.11689
-0.0440092
1.39866
-0.0653669
1.66556
-0.0867619
1.92976
-0.107037
2.20554
-0.12341
2.51714
-0.131939
2.85997
-0.128038
3.23563
-0.109769
3.06095
-0.0806433
2.44236
-0.0509956
1.9729
-0.0234683
1.59199
0.00442931
1.23859
0.023249
0.875831
0.0252584
0.516687
0.0153001
0.236444
0.00447508
0.0722342
0.00307242
0.005184
0.295538
-0.000920319
0.772796
-0.0171146
1.13308
-0.0356004
1.41715
-0.0546836
1.68465
-0.0734724
1.94855
-0.0911296
2.22319
-0.105236
2.53125
-0.111865
2.8666
-0.106308
3.23008
-0.0861003
3.04074
-0.0610846
2.41734
-0.0355425
1.94735
-0.00819821
1.56465
0.0128611
1.21753
0.0254921
0.8632
0.0258566
0.516322
0.0153325
0.246968
0.00463165
0.082935
0.00770407
0.00373081
0.291807
-0.000875428
0.777402
-0.0143553
1.14656
-0.0311215
1.43391
-0.0483063
1.70183
-0.0654559
1.9657
-0.0818825
2.23962
-0.0955555
2.54492
-0.103159
2.8742
-0.0996158
3.22653
-0.0821619
3.02329
-0.0595475
2.39473
-0.0339667
1.92177
-0.0110782
1.54176
0.0101433
1.19631
0.0234545
0.849889
0.0224019
0.517375
0.0134081
0.255962
0.00410332
0.0922398
0.0118074
0.00239099
0.289416
-0.00157879
0.781372
-0.0137594
1.15875
-0.0287806
1.44893
-0.0450937
1.71814
-0.0613648
1.98197
-0.0770026
2.25526
-0.0900886
2.55801
-0.0969099
2.88102
-0.09263
3.22225
-0.0781895
3.00885
-0.0588102
2.37535
-0.0377573
1.90072
-0.0134684
1.51747
0.00503551
1.17781
0.0156642
0.83926
0.0169915
0.516048
0.0098312
0.263122
0.00299992
0.0990711
0.0148073
9.17365e-05
0.289324
-0.00396302
0.785427
-0.0148375
1.16962
-0.0284571
1.46255
-0.0436668
1.73335
-0.0592175
1.99752
-0.0745286
2.27057
-0.0877622
2.57124
-0.0963301
2.88959
-0.0960993
3.22202
-0.0840107
2.99676
-0.0654389
2.35678
-0.0424414
1.87772
-0.0231709
1.4982
-0.00365033
1.15829
0.00875026
0.826859
0.00950442
0.515293
0.00601553
0.266611
0.00199123
0.103095
0.0167985
-0.000679297
0.290004
-0.00572243
0.79047
-0.0158553
1.17975
-0.0287129
1.47541
-0.043451
1.74809
-0.058595
2.01267
-0.0736958
2.28567
-0.0873689
2.58492
-0.0967796
2.899
-0.0971287
3.22237
-0.0863931
2.98603
-0.0697302
2.34011
-0.0518736
1.85987
-0.0302749
1.4766
-0.0133587
1.14137
-0.00262603
0.816127
0.00201622
0.510651
0.00128768
0.26734
0.000724219
0.103659
0.0175228
-0.00219838
0.292202
-0.00776147
0.796033
-0.0175152
1.18951
-0.0297044
1.4876
-0.0436553
1.76204
-0.058376
2.02739
-0.0736197
2.30091
-0.0879881
2.59928
-0.0987885
2.9098
-0.10267
3.22625
-0.0947597
2.97812
-0.077864
2.32322
-0.0577495
1.83975
-0.04029
1.45914
-0.0224875
1.12357
-0.00956022
0.803199
-0.0044625
0.505553
-0.00183266
0.26471
-0.000393936
0.10222
0.0171288
-0.00354102
0.295743
-0.00926375
0.801756
-0.0186687
1.19891
-0.0304383
1.49937
-0.0440757
1.77568
-0.0586455
2.04196
-0.0739799
2.31625
-0.0889079
2.61421
-0.101093
2.92199
-0.106999
3.23216
-0.100366
2.97148
-0.0857694
2.30862
-0.0685651
1.82255
-0.0471879
1.43777
-0.0301994
1.10658
-0.0178623
0.790862
-0.00909243
0.496784
-0.00434024
0.259958
-0.00100069
0.0988806
0.0161281
-0.00418079
0.299924
-0.0104857
0.808061
-0.0198989
1.20832
-0.0313072
1.51078
-0.0444238
1.7888
-0.0586941
2.05623
-0.0741447
2.3317
-0.0897475
2.62982
-0.103591
2.93583
-0.112028
3.2406
-0.108952
2.96841
-0.095715
2.29538
-0.0741554
1.80099
-0.0553762
1.41899
-0.0364188
1.08762
-0.0217343
0.776178
-0.013131
0.48818
-0.0055903
0.252417
-0.00138739
0.0946777
0.0147407
-0.00438672
0.304311
-0.0112124
0.814886
-0.0205181
1.21763
-0.0316651
1.52192
-0.0445785
1.80171
-0.0587061
2.07035
-0.0742457
2.34724
-0.0904903
2.64606
-0.105813
2.95115
-0.116634
3.25142
-0.116496
2.96827
-0.103872
2.28276
-0.0853585
1.78247
-0.0608932
1.39452
-0.0416366
1.06836
-0.0267684
0.76131
-0.0143755
0.475787
-0.00636024
0.244402
-0.00144543
0.0897629
0.0132953
-0.00443993
0.30875
-0.0116744
0.822121
-0.0210203
1.22698
-0.0319279
1.53283
-0.0444471
1.81423
-0.0583014
2.08421
-0.073909
2.36285
-0.0906996
2.66285
-0.107352
2.9678
-0.120606
3.26467
-0.123057
2.97072
-0.112089
2.27179
-0.0899312
1.76032
-0.0674051
1.372
-0.0442907
1.04525
-0.0266481
0.743667
-0.0150801
0.464219
-0.00574044
0.235062
-0.00118013
0.0852026
0.0121152
-0.00450888
0.313259
-0.0119262
0.829538
-0.0210407
1.23609
-0.0316906
1.54348
-0.0440071
1.82655
-0.0577096
2.09791
-0.0733542
2.37849
-0.090642
2.68014
-0.10867
2.98583
-0.124506
3.28051
-0.129852
2.97607
-0.120124
2.26206
-0.101494
1.74169
-0.0727316
1.34323
-0.0464982
1.01902
-0.025936
0.723105
-0.0106181
0.448902
-0.00305501
0.227499
-1.00231e-05
0.0821576
0.0121052
-0.00452958
0.317789
-0.0119541
0.836963
-0.0209367
1.24507
-0.0313232
1.55387
-0.0432747
1.8385
-0.0567141
2.11135
-0.0723258
2.3941
-0.0899651
2.69778
-0.108932
3.0048
-0.126511
3.29809
-0.134864
2.98442
-0.128193
2.25539
-0.106359
1.71985
-0.0791965
1.31607
-0.0463424
0.986162
-0.0194417
0.696204
-0.00308183
0.432542
0.00233733
0.22208
-0.00152226
0.0860172
0.0105829
-0.0045409
0.32233
-0.011891
0.844313
-0.0205247
1.25371
-0.0305876
1.56393
-0.0422712
1.85018
-0.0554968
2.12458
-0.0710321
2.40964
-0.0889513
2.7157
-0.108917
3.02476
-0.128791
3.31796
-0.139911
2.99554
-0.135501
2.25098
-0.119121
1.70347
-0.0862057
1.28316
-0.0474704
0.947427
-0.00868287
0.657416
0.0235628
0.400296
0.0361824
0.20946
0.0252507
0.0969489
0.0358336
-0.00442992
0.32676
-0.0116043
0.851487
-0.0200228
1.26213
-0.0297556
1.57366
-0.0410262
1.86145
-0.0539401
2.13749
-0.0693222
2.42502
-0.0873869
2.73376
-0.107925
3.0453
-0.129069
3.3391
-0.142891
3.00936
-0.144021
2.25211
-0.125526
1.68498
-0.0951388
1.25277
-0.0486351
0.900923
0.000148744
0.608633
0.0437065
0.356738
0.046303
0.206864
0.0203616
0.12289
0.0561952
-0.00428312
0.331043
-0.0113026
0.858507
-0.0193313
1.27015
-0.0286682
1.583
-0.0396297
1.87241
-0.0522543
2.15011
-0.0674542
2.44022
-0.0855841
2.75189
-0.106725
3.06644
-0.129743
3.36212
-0.145735
3.02535
-0.149183
2.25556
-0.139794
1.67559
-0.107964
1.22094
-0.059319
0.852278
0.0135621
0.535752
0.113522
0.256779
0.191055
0.12933
0.181377
0.132569
0.237572
-0.0041353
0.335178
-0.0110125
0.865384
-0.0190253
1.27817
-0.0283523
1.59233
-0.0394372
1.8835
-0.0524932
2.16317
-0.0685829
2.45631
-0.0882686
2.77158
-0.111976
3.09015
-0.138916
3.38906
-0.160984
3.04742
-0.171897
2.26647
-0.162737
1.66643
-0.135563
1.19376
-0.0805709
0.797287
-0.0248698
0.48005
-0.0727942
0.304703
-0.358145
0.414681
-0.94073
0.715154
0.899757
-1.60291
-0.00396562
0.339144
-0.0107009
0.872119
-0.0184266
1.28589
-0.0275591
1.60146
-0.0385635
1.8945
-0.0517297
2.17634
-0.0682341
2.47281
-0.0888494
2.79219
-0.114448
3.11575
-0.145231
3.41984
-0.172055
3.07425
-0.186553
2.28097
-0.195452
1.67533
-0.180097
1.17841
-0.155424
0.772614
-0.245944
0.570571
-0.693112
0.75187
-1.44009
1.16166
-2.04827
1.32333
1.21708
-2.3656
-0.00373823
0.342882
-0.0101714
0.878552
-0.0177144
1.29344
-0.0266518
1.6104
-0.0374837
1.90533
-0.0507146
2.18957
-0.0675803
2.48968
-0.0890449
2.81366
-0.116421
3.14313
-0.150393
3.45382
-0.183582
3.10744
-0.209932
2.30732
-0.220059
1.68545
-0.211941
1.17029
-0.298471
0.859143
-0.753516
1.02562
-1.5418
1.54016
-2.10873
1.72859
-2.34832
1.56292
1.33149
-2.46272
-0.00357423
0.346456
-0.00970922
0.884687
-0.0168896
1.30062
-0.0255783
1.61909
-0.0362616
1.91602
-0.0495165
2.20282
-0.0666747
2.50684
-0.0889568
2.83594
-0.118097
3.17227
-0.155972
3.49169
-0.195124
3.14659
-0.225117
2.33731
-0.25461
1.71495
-0.336764
1.25245
-0.687426
1.20981
-1.4356
1.77379
-2.02595
2.13051
-2.26592
1.96855
-2.37926
1.67626
1.39591
-2.44368
-0.00328209
0.349738
-0.00900017
0.890406
-0.0159109
1.30753
-0.0243322
1.62751
-0.0348408
1.92653
-0.0480836
2.21607
-0.0654766
2.52423
-0.0884427
2.85891
-0.119207
3.20303
-0.160412
3.5329
-0.206868
3.19304
-0.252224
2.38267
-0.295776
1.7585
-0.476508
1.43318
-1.09303
1.82632
-1.78635
2.46711
-2.10779
2.45195
-2.25623
2.117
-2.33835
1.75838
1.46172
-2.40415
-0.0032322
0.352971
-0.00890165
0.896075
-0.0157075
1.31433
-0.0241552
1.63596
-0.0349265
1.9373
-0.0484572
2.2296
-0.0663581
2.54213
-0.0902945
2.88284
-0.122822
3.23556
-0.167847
3.57792
-0.220355
3.24555
-0.266827
2.42914
-0.357816
1.84949
-0.748616
1.82398
-1.48898
2.56669
-1.96298
2.94111
-2.16293
2.6519
-2.2692
2.22326
-2.34623
1.83541
1.52528
-2.40979
-0.00330073
0.356271
-0.00915229
0.901927
-0.0164013
1.32158
-0.0252935
1.64485
-0.0365362
1.94854
-0.0507224
2.24378
-0.0695036
2.56091
-0.0946436
2.90798
-0.129132
3.27005
-0.177905
3.62669
-0.23528
3.30293
-0.299456
2.49332
-0.488874
2.03891
-1.04629
2.3814
-1.6773
3.19769
-1.95349
3.21731
-2.10049
2.79889
-2.21432
2.33709
-2.30782
1.92891
1.58697
-2.3695
-0.00337852
0.35965
-0.00962504
0.908173
-0.0171835
1.32914
-0.0265488
1.65421
-0.0383608
1.96035
-0.0531997
2.25862
-0.0728577
2.58057
-0.099334
2.93446
-0.135773
3.30648
-0.188128
3.67905
-0.251023
3.36582
-0.33728
2.57957
-0.618992
2.32062
-1.26306
3.02547
-1.75265
3.68728
-1.95986
3.42451
-2.09991
2.93895
-2.22363
2.46081
-2.33415
2.03943
1.64556
-2.39274
-0.00333014
0.36298
-0.00972829
0.914571
-0.0178795
1.33729
-0.0277921
1.66413
-0.0401108
1.97267
-0.0556691
2.27418
-0.0762803
2.60118
-0.103988
2.96217
-0.142332
3.34483
-0.197504
3.73422
-0.265147
3.43346
-0.390847
2.70527
-0.776576
2.70635
-1.40969
3.65858
-1.76312
4.04071
-1.93612
3.59752
-2.03808
3.0409
-2.12667
2.5494
-2.19405
2.10681
1.63839
-2.18688
-0.00328491
0.366265
-0.010128
0.921414
-0.0185831
1.34575
-0.0290317
1.67457
-0.04204
1.98568
-0.058298
2.29044
-0.0798048
2.62269
-0.10889
2.99125
-0.149101
3.38504
-0.206064
3.79118
-0.285091
3.51249
-0.45513
2.87531
-0.906429
3.15765
-1.46218
4.21433
-1.72436
4.30289
-1.87637
3.74953
-1.96968
3.13421
-1.97129
2.55102
-1.90255
2.03806
1.60357
-1.86772
-0.00307706
0.369342
-0.00990069
0.928238
-0.0189971
1.35484
-0.0299468
1.68552
-0.0433165
1.99905
-0.0600567
2.30718
-0.082054
2.64469
-0.111455
3.02065
-0.151993
3.42558
-0.208334
3.84753
-0.29372
3.59788
-0.498717
3.08031
-0.988071
3.647
-1.42952
4.65578
-1.59499
4.46836
-1.66219
3.81673
-1.66675
3.13877
-1.51926
2.40353
-1.01916
1.53796
0.584414
-0.00259906
0.371941
-0.0100412
0.93568
-0.0193835
1.36419
-0.0310192
1.69716
-0.0455207
2.01355
-0.0635521
2.32521
-0.0873528
2.66849
-0.119544
3.05284
-0.164127
3.47016
-0.226949
3.91035
-0.330656
3.70159
-0.585397
3.33505
-1.12341
4.18501
-1.48204
5.0144
-1.58166
4.56799
-1.57966
3.81474
-1.47634
3.03545
-1.23699
2.16418
-0.633515
0.934483
-0.0491003
-0.0021752
0.374116
-0.00911992
0.942625
-0.0191921
1.37426
-0.0315995
1.70957
-0.0468807
2.02883
-0.0662647
2.34459
-0.0920409
2.69426
-0.126815
3.08762
-0.175572
3.51892
-0.244735
3.97951
-0.366772
3.82362
-0.68099
3.64927
-1.24094
4.74497
-1.50309
5.27654
-1.56168
4.62658
-1.5397
3.79276
-1.33734
2.83308
-0.784883
1.61172
-0.109647
0.259247
-0.158748
-0.00162827
0.375744
-0.00874167
0.949738
-0.0187115
1.38423
-0.0317298
1.72259
-0.048147
2.04525
-0.0687858
2.36523
-0.0963423
2.72182
-0.134038
3.12531
-0.186529
3.57141
-0.263803
4.05679
-0.413014
3.97283
-0.785754
4.02201
-1.32032
5.27953
-1.49659
5.45281
-1.52796
4.65795
-1.43965
3.70446
-1.10371
2.49715
-0.314912
0.822921
0.0253305
-0.0809953
-0.133417
-0.000483506
0.376228
-0.00646204
0.955717
-0.017115
1.39488
-0.0308747
1.73634
-0.0478104
2.06218
-0.0697015
2.38712
-0.0991944
2.75131
-0.139211
3.16533
-0.194545
3.62674
-0.280528
4.14277
-0.454501
4.14681
-0.891297
4.4588
-1.36355
5.75178
-1.48164
5.5709
-1.48394
4.66025
-1.2608
3.48132
-0.689538
1.92588
-0.0626936
0.196077
0.0308975
-0.174586
-0.102519
0.000447822
0.37578
-0.00465974
0.960824
-0.0148268
1.40505
-0.0290358
1.75055
-0.0469121
2.08006
-0.0699452
2.41016
-0.100919
2.78228
-0.143341
3.20775
-0.201674
3.68508
-0.296927
4.23802
-0.499201
4.34908
-0.986353
4.94596
-1.36149
6.12692
-1.42451
5.63392
-1.37908
4.61482
-1.09033
3.19257
-0.324818
1.16037
0.00490862
-0.133649
0.0153643
-0.185042
-0.0871552
0.00326307
0.372517
0.000463584
0.963624
-0.0106053
1.41612
-0.0254004
1.76535
-0.043195
2.09786
-0.0672158
2.43418
-0.0996928
2.81476
-0.143755
3.25181
-0.20474
3.74606
-0.307991
4.34127
-0.534218
4.57531
-1.0451
5.45683
-1.3214
6.40323
-1.3638
5.67632
-1.22559
4.4766
-0.775835
2.74282
-0.071477
0.456013
0.0459471
-0.251073
0.0252514
-0.164346
-0.0619037
0.00488231
0.367635
0.00340842
0.965098
-0.00572852
1.42525
-0.0197245
1.77935
-0.0381224
2.11625
-0.0629637
2.45902
-0.0962062
2.848
-0.141829
3.29744
-0.205324
3.80956
-0.316465
4.45241
-0.573905
4.83275
-1.06853
5.95146
-1.2603
6.595
-1.2692
5.68522
-1.05075
4.25815
-0.462317
2.15438
-0.0141452
0.007841
-0.00290777
-0.262311
0.00731462
-0.174569
-0.0545891
0.00854801
0.359087
0.00999681
0.963649
0.00263223
1.43262
-0.0107928
1.79277
-0.0287739
2.13423
-0.0537174
2.48396
-0.0874027
2.88169
-0.133146
3.34318
-0.19808
3.87449
-0.315287
4.56962
-0.5919
5.10936
-1.04359
6.40315
-1.16437
6.71578
-1.1527
5.67355
-0.897714
4.00316
-0.266793
1.52346
-0.0707216
-0.188231
-0.0377658
-0.295266
-0.0129028
-0.199432
-0.0674919
0.01182
0.347267
0.0171846
0.958284
0.012967
1.43684
0.00216699
1.80357
-0.0168178
2.15322
-0.0412722
2.50842
-0.074307
2.91472
-0.120056
3.38893
-0.185509
3.93994
-0.306315
4.69043
-0.59167
5.39471
-0.977639
6.78912
-1.04872
6.78687
-0.978102
5.60293
-0.684193
3.70925
-0.0867521
0.926024
-0.00480993
-0.270173
-0.0138013
-0.286275
-0.00617637
-0.207057
-0.0736683
0.0182359
0.329031
0.0297592
0.946761
0.0282146
1.43838
0.0178651
1.81392
0.00128632
2.1698
-0.0207414
2.53044
-0.0524236
2.94641
-0.0962895
3.43279
-0.159616
4.00327
-0.279821
4.81063
-0.552717
5.66761
-0.862611
7.09901
-0.89545
6.81971
-0.800755
5.50824
-0.460824
3.36932
0.0430176
0.422183
0.0588299
-0.285985
0.0403426
-0.267788
0.0146735
-0.181388
-0.0589947
0.0244102
0.304621
0.0431725
0.927999
0.0473659
1.43419
0.0406603
1.82063
0.0273294
2.18313
0.00606787
2.55171
-0.0232268
2.9757
-0.0640496
3.47362
-0.12408
4.0633
-0.237707
4.92426
-0.477941
5.90784
-0.700926
7.322
-0.737871
6.85665
-0.620526
5.39089
-0.298204
3.047
-0.0023496
0.126328
0.0199628
-0.308298
0.0308522
-0.278677
0.0153618
-0.165897
-0.0436329
0.0344446
0.270176
0.0640691
0.898374
0.0746331
1.42362
0.0719311
1.82333
0.0626537
2.19241
0.044962
2.5694
0.0192764
3.00139
-0.0173269
3.51022
-0.0700984
4.11607
-0.166298
5.02046
-0.358024
6.09957
-0.510149
7.47412
-0.540501
6.887
-0.450695
5.30108
-0.152997
2.7493
-0.0312571
0.00458878
-0.0138786
-0.325676
0.0181414
-0.310697
0.0179945
-0.16575
-0.0256384
0.0439612
0.226215
0.0865991
0.855736
0.107704
1.40252
0.11258
1.81845
0.107971
2.19702
0.0942203
2.58315
0.0745002
3.02111
0.0451956
3.53952
-0.00310191
4.16437
-0.0717953
5.08915
-0.200226
6.228
-0.282393
7.55629
-0.302998
6.90761
-0.24845
5.24654
-0.0321952
2.53305
-0.0627039
0.0350974
-0.0589505
-0.329429
-0.0096804
-0.359967
0.0233253
-0.198756
-0.00231316
0.0563094
0.169905
0.117554
0.794492
0.152948
1.36712
0.165443
1.80596
0.167329
2.19513
0.159603
2.59087
0.147321
3.03339
0.128229
3.55862
0.0994367
4.19316
0.0594201
5.12917
0.0226275
6.26479
-0.0160446
7.59496
-0.0414026
6.93297
-0.125387
5.33052
-0.200872
2.60853
-0.434539
0.268764
-0.449024
-0.314944
-0.317955
-0.491036
-0.124043
-0.392668
-0.126356
0.0594076
0.110498
0.147572
0.706327
0.203872
1.31082
0.231188
1.77864
0.242364
2.18395
0.2418
2.59144
0.237921
3.03727
0.230554
3.56598
0.221434
4.20228
0.210827
5.13978
0.286125
6.1895
0.355068
7.52602
0.288994
6.99904
0.0551721
5.56434
-0.36857
3.03227
-0.760606
0.660801
-0.782241
-0.293309
-0.596868
-0.676409
-0.281181
-0.708355
-0.407537
0.0508959
0.0596019
0.178603
0.57862
0.269651
1.21978
0.3133
1.73499
0.33498
2.16227
0.345326
2.58109
0.349827
3.03277
0.357876
3.55793
0.373709
4.18645
0.409036
5.10445
0.586703
6.01183
0.809362
7.30336
0.89972
6.90868
0.906382
5.55768
0.468966
3.46969
-0.159352
1.28912
-0.544933
0.092272
-0.599882
-0.62146
-0.324258
-0.983979
-0.731795
0.0357604
0.0238416
0.21187
0.402511
0.335098
1.09655
0.410703
1.65939
0.449632
2.12334
0.472815
2.55791
0.485737
3.01984
0.507944
3.53573
0.549327
4.14506
0.642166
5.01161
0.972474
5.68152
1.51199
6.76384
1.93092
6.48975
2.25349
5.23512
2.06408
3.65909
1.33145
2.02175
0.702764
0.720959
0.233139
-0.151836
-0.00179432
-0.749046
-0.73359
0.0313094
-0.00746787
0.232277
0.201543
0.425559
0.903265
0.531036
1.55391
0.584871
2.06951
0.621757
2.52102
0.646913
2.99469
0.680646
3.50199
0.750736
4.07497
0.899641
4.86271
1.33233
5.24883
2.10857
5.98761
2.51174
6.08658
2.7127
5.03415
2.55429
3.8175
2.06101
2.51503
1.50447
1.2775
0.988237
0.364399
0.392594
-0.153402
-0.340996
0.0280943
-0.0355622
0.174845
0.0547926
0.476773
0.601337
0.658513
1.37217
0.747155
1.98087
0.796998
2.47118
0.837515
2.95417
0.873931
3.46558
0.951668
3.99724
1.10061
4.71376
1.45321
4.89623
2.2187
5.22211
2.58427
5.72101
2.7506
4.86783
2.6598
3.9083
2.24037
2.93446
1.6133
1.90457
0.958146
1.01955
0.409914
0.39483
0.0689177
0.00923425
-0.0447965
0.0914314
-0.0274045
0.406804
0.285965
0.662645
1.11633
0.785799
1.85771
0.821446
2.43553
0.83131
2.94431
0.821459
3.47543
0.820039
3.99866
0.864563
4.66924
0.973119
4.78767
1.34089
4.85434
1.54811
5.51379
1.56323
4.85271
1.48753
3.984
1.29065
3.13134
0.957873
2.23735
0.59922
1.3782
0.246999
0.747051
0.315917
-0.00206734
-0.0427291
0.0362152
-0.065687
0.232562
0.0896175
0.496148
0.852743
0.640447
1.71342
0.691199
2.38478
0.707033
2.92847
0.702562
3.4799
0.686561
4.01466
0.698671
4.65713
0.745752
4.74059
0.968611
4.63148
1.18574
5.29666
1.18913
4.84932
1.12474
4.04839
0.984626
3.27145
0.743746
2.47823
0.459568
1.66238
0.185383
1.02124
0.5013
3.97648e-05
-0.0427689
0.0255133
-0.0911605
0.114955
0.000176036
0.35279
0.614907
0.489031
1.57718
0.546294
2.32752
0.565198
2.90957
0.569133
3.47596
0.554039
4.02975
0.545223
4.66595
0.564817
4.721
0.701632
4.49467
0.869217
5.12908
0.865801
4.85273
0.796662
4.11753
0.683507
3.38461
0.514219
2.64752
0.306725
1.86987
0.115211
1.21275
0.616512
0.00963977
-0.0524087
0.0426227
-0.124143
0.0952017
-0.0524029
0.259777
0.450332
0.370932
1.46602
0.418022
2.28042
0.429902
2.89769
0.435284
3.47058
0.428953
4.03608
0.420352
4.67455
0.421149
4.7202
0.499489
4.41633
0.61314
5.01543
0.607257
4.85861
0.541735
4.18305
0.452767
3.47357
0.33465
2.76564
0.192391
2.01213
0.0613794
1.34376
0.677891
0.0380868
-0.0904955
0.0908708
-0.176928
0.120144
-0.0816759
0.167501
0.402974
0.241848
1.39167
0.279572
2.2427
0.293869
2.88339
0.306746
3.45771
0.313428
4.0294
0.311035
4.67694
0.303555
4.72768
0.34159
4.37829
0.413138
4.94388
0.406122
4.86563
0.352485
4.23669
0.285279
3.54078
0.200309
2.85061
0.100701
2.11174
0.0162645
1.4282
0.694156
0.0529905
-0.143486
0.103383
-0.22732
0.0897992
-0.068092
0.0540655
0.438708
0.0830378
1.3627
0.118907
2.20683
0.15091
2.85139
0.177425
3.43119
0.202654
4.00417
0.213367
4.66623
0.20723
4.73382
0.223447
4.36207
0.265011
4.90232
0.25519
4.87545
0.212746
4.27913
0.159332
3.59419
0.0992268
2.91071
0.0354149
2.17555
-0.0120817
1.47569
0.682074
0.0380881
-0.181574
0.0462664
-0.235498
-0.0222853
0.000459661
-0.10641
0.522833
-0.119911
1.3762
-0.0668139
2.15374
-0.000349023
2.78492
0.0546999
3.37614
0.0987271
3.96015
0.125715
4.63924
0.129076
4.73046
0.136265
4.35489
0.15519
4.88339
0.14182
4.88882
0.110197
4.31076
0.0719198
3.63247
0.0329473
2.94968
-0.00884209
2.21734
-0.0311702
1.49802
0.650904
-0.00817633
-0.173398
-0.0657502
-0.177925
-0.160655
0.0953644
-0.269071
0.631249
-0.289957
1.39709
-0.223669
2.08745
-0.137324
2.69858
-0.0583529
3.29717
0.00172428
3.90007
0.0518776
4.58909
0.0637159
4.71862
0.0719759
4.34663
0.0820526
4.87331
0.0647142
4.90616
0.0360985
4.33937
0.00787407
3.6607
-0.0221368
2.97969
-0.0478678
2.24307
-0.0465158
1.49667
0.604388
-0.0463461
-0.127052
-0.139687
-0.0845836
-0.247147
0.202824
-0.345238
0.729341
-0.356109
1.40796
-0.297615
2.02895
-0.215806
2.61677
-0.133277
3.21464
-0.0582009
3.82499
-0.00369569
4.53458
0.0149143
4.70001
0.018569
4.34297
0.0242646
4.86762
0.00808339
4.92234
-0.0167242
4.36418
-0.0426568
3.68663
-0.0614044
2.99844
-0.0712728
2.25294
-0.0545598
1.47996
0.549828
-0.0574067
-0.069645
-0.157193
0.0152032
-0.263688
0.309319
-0.346101
0.811753
-0.350213
1.41207
-0.30914
1.98788
-0.243771
2.5514
-0.170547
3.14142
-0.100291
3.75474
-0.0465649
4.48085
-0.0212751
4.67472
-0.0165201
4.33822
-0.0170355
4.86813
-0.0329294
4.93823
-0.0530694
4.38432
-0.0729772
3.70654
-0.0856247
3.01109
-0.0849451
2.25226
-0.0563258
1.45134
0.493502
-0.0542523
-0.0153927
-0.147947
0.108898
-0.243087
0.404459
-0.3099
0.878566
-0.319648
1.42182
-0.288275
1.95651
-0.237583
2.50071
-0.178043
3.08188
-0.12014
3.69683
-0.0698725
4.43059
-0.0454658
4.65031
-0.0454519
4.3382
-0.0535831
4.87627
-0.0639743
4.94863
-0.0781672
4.39851
-0.0898538
3.71822
-0.0944553
3.01569
-0.085883
2.24369
-0.0500943
1.41555
0.443408
-0.0440089
0.0286162
-0.121378
0.186267
-0.199251
0.482332
-0.252758
0.932073
-0.266433
1.43549
-0.249212
1.93929
-0.214642
2.46614
-0.168782
3.03602
-0.121587
3.64964
-0.0792812
4.38828
-0.0581759
4.62921
-0.0622904
4.34232
-0.0719617
4.88594
-0.0813984
4.95806
-0.0892254
4.40634
-0.0949759
3.72397
-0.0939122
3.01463
-0.0807675
2.23055
-0.0413068
1.37609
0.402101
-0.0313211
0.0599373
-0.0906475
0.245593
-0.1523
0.543985
-0.19542
0.975193
-0.209873
1.44995
-0.20295
1.93236
-0.181953
2.44514
-0.149896
3.00396
-0.112926
3.61267
-0.079679
4.35503
-0.0646838
4.61421
-0.0734767
4.35111
-0.0817079
4.89417
-0.0894217
4.96578
-0.0937616
4.41068
-0.0960677
3.72628
-0.0916043
3.01016
-0.0734237
2.21237
-0.0328368
1.3355
0.369264
-0.0203264
0.0802637
-0.0632494
0.288516
-0.110567
0.591303
-0.145532
1.01016
-0.161382
1.4658
-0.161778
1.93276
-0.149893
2.43326
-0.127607
2.98168
-0.100908
3.58597
-0.0766587
4.33078
-0.0645867
4.60214
-0.074196
4.36072
-0.0829917
4.90296
-0.0892341
4.97202
-0.0931214
4.41457
-0.0932222
3.72638
-0.0853779
3.00232
-0.0653513
2.19234
-0.0252344
1.29538
0.34403
-0.0122416
0.0925053
-0.0420442
0.318319
-0.0777051
0.626964
-0.105205
1.03766
-0.120464
1.48106
-0.12594
1.93823
-0.122426
2.42974
-0.10983
2.96908
-0.0918696
3.56801
-0.0728388
4.31175
-0.0633153
4.59262
-0.0723515
4.36975
-0.0811892
4.9118
-0.0878315
4.97866
-0.0923162
4.41905
-0.0915834
3.72565
-0.0823767
2.99311
-0.0600553
2.17002
-0.0196548
1.25498
0.324375
-0.00680783
0.0993131
-0.0266297
0.338141
-0.0532561
0.65359
-0.0754563
1.05986
-0.0893331
1.49493
-0.0965806
1.94548
-0.0970257
2.43019
-0.0904328
2.96249
-0.0797238
3.5573
-0.0665335
4.29856
-0.0586127
4.58469
-0.068288
4.37943
-0.0796068
4.92312
-0.0868488
4.9859
-0.0886663
4.42087
-0.086073
3.72305
-0.0761183
2.98316
-0.0534211
2.14732
-0.015132
1.21669
0.309243
-0.00354344
0.102857
-0.0164414
0.351039
-0.036063
0.673212
-0.0538562
1.07765
-0.0664973
1.50757
-0.074566
1.95355
-0.0779531
2.43358
-0.0760784
2.96061
-0.0690985
3.55032
-0.0593579
4.28882
-0.0538034
4.57914
-0.0651199
4.39075
-0.0783531
4.93635
-0.0856646
4.99321
-0.0870456
4.42225
-0.0843877
3.7204
-0.0738715
2.97264
-0.0493929
2.12284
-0.0121941
1.1795
0.297049
-0.00162026
0.104477
-0.00987531
0.359294
-0.0244948
0.687831
-0.0389028
1.09206
-0.0503591
1.51903
-0.0578574
1.96105
-0.0610097
2.43673
-0.0603273
2.95993
-0.0568265
3.54682
-0.0515926
4.28359
-0.0507564
4.5783
-0.0633454
4.40334
-0.0759335
4.94894
-0.0826048
4.99989
-0.0830813
4.42273
-0.0796592
3.71697
-0.0685358
2.96152
-0.0442505
2.09856
-0.00972124
1.14497
0.287328
-0.000794273
0.105271
-0.00637689
0.364876
-0.0173574
0.698812
-0.0286567
1.10336
-0.039102
1.52947
-0.0474252
1.96937
-0.0520085
2.44131
-0.0522052
2.96013
-0.0503191
3.54493
-0.046965
4.28023
-0.0469031
4.57824
-0.0613008
4.41773
-0.0760028
4.96364
-0.0824755
5.00636
-0.0828625
4.42311
-0.0800475
3.71416
-0.0678971
2.94937
-0.042048
2.07271
-0.00860646
1.11153
0.278721
-0.000281635
0.105553
-0.00406067
0.368655
-0.0123583
0.707109
-0.0214293
1.11243
-0.0301904
1.53824
-0.0376127
1.97679
-0.0422889
2.44599
-0.0443816
2.96222
-0.0460031
3.54655
-0.0449978
4.27923
-0.0471051
4.58035
-0.0620352
4.43266
-0.0772952
4.9789
-0.0836208
5.01268
-0.083076
4.42257
-0.0780889
3.70917
-0.0649288
2.93621
-0.0393932
2.04717
-0.00799276
1.08012
0.270728
-0.000346122
0.105899
-0.00374481
0.372054
-0.0112773
0.714642
-0.019492
1.12064
-0.0271558
1.5459
-0.0340412
1.98368
-0.0387639
2.45071
-0.0416258
2.96508
-0.0445866
3.54951
-0.0442484
4.27889
-0.0472108
4.58331
-0.0623073
4.44776
-0.0779992
4.9946
-0.0844437
5.01913
-0.0839828
4.42211
-0.0794016
3.70459
-0.0650651
2.92187
-0.0382891
2.0204
-0.00763165
1.04947
0.263097
-0.00046336
0.106362
-0.00324102
0.374832
-0.00934326
0.720744
-0.0167642
1.12807
-0.0238823
1.55302
-0.0302551
1.99005
-0.0354719
2.45593
-0.0400624
2.96967
-0.0446244
3.55408
-0.0454666
4.27973
-0.0488705
4.58672
-0.0645805
4.46347
-0.0806317
5.01065
-0.0866792
5.02518
-0.0850128
4.42044
-0.0790261
3.6986
-0.0640253
2.90687
-0.0368684
1.99324
-0.00732779
1.01993
0.255769
-0.000576545
0.106939
-0.00350996
0.377765
-0.00910179
0.726336
-0.0154945
1.13446
-0.0221024
1.55963
-0.0278015
1.99575
-0.0328325
2.46096
-0.0376059
2.97445
-0.0424571
3.55893
-0.0450297
4.28231
-0.0505208
4.59221
-0.0663402
4.47929
-0.0823249
5.02663
-0.0889512
5.0318
-0.0874618
4.41895
-0.08157
3.69271
-0.064877
2.89018
-0.0362224
1.96458
-0.00705313
0.990757
0.248716
-0.000493944
0.107433
-0.00326977
0.380541
-0.00862826
0.731694
-0.0145057
1.14034
-0.0213953
1.56652
-0.0273499
2.00171
-0.0323207
2.46593
-0.0372856
2.97941
-0.0427643
3.56441
-0.0475545
4.2871
-0.0543865
4.59904
-0.0700002
4.4949
-0.084897
5.04153
-0.0908027
5.03771
-0.0887751
4.41692
-0.0825626
3.6865
-0.065784
2.8734
-0.0366358
1.93544
-0.00701463
0.961136
0.241701
-0.000871945
0.108305
-0.00391656
0.383585
-0.0088765
0.736654
-0.013569
1.14503
-0.0195737
1.57252
-0.0256313
2.00776
-0.0304761
2.47077
-0.0350681
2.984
-0.041371
3.57071
-0.0483828
4.29411
-0.0569961
4.60765
-0.0730671
4.51097
-0.0873215
5.05578
-0.0930263
5.04341
-0.0909964
4.41489
-0.0849055
3.68041
-0.0674214
2.85591
-0.0365771
1.90459
-0.00638927
0.930948
0.235312
-0.00138716
-0.00463651
-0.00925095
-0.0134215
-0.0183898
-0.0235969
-0.0283413
-0.0326567
-0.0401946
-0.0478442
-0.0584382
-0.074834
-0.0878551
-0.093193
-0.0906837
-0.083354
-0.0660845
-0.0378022
-0.00963054
-0.280637
-1.58709
-0.316445
-2.15107
-0.251941
-2.45725
-0.233544
-2.3879
-0.223123
-2.42021
-0.194688
-2.43259
-0.184082
-2.45429
-0.173616
-2.47319
-0.149653
-2.38956
-1.75257
-0.0650196
-1.52207
-0.0611207
-2.15497
-0.0938118
-2.42456
-0.0930226
-2.38869
-0.0901772
-2.42306
-0.083699
-2.43907
-0.0772991
-2.46069
-0.0557952
-2.4947
-0.0191015
-2.42625
-1.77167
-0.0833562
-1.43871
-0.0482597
-2.19007
-0.0768485
-2.39597
-0.0587409
-2.4068
-0.0545941
-2.4272
-0.0470146
-2.44665
-0.0368446
-2.47086
-0.0250603
-2.50648
-0.010682
-2.44063
-1.78235
0.00734384
-1.44605
0.0250193
-2.20774
0.0140783
-2.38503
0.00585427
-2.39857
0.00182581
-2.42317
-0.00605189
-2.43877
-0.0115102
-2.4654
-0.0212321
-2.49676
-0.031894
-2.42997
-1.81425
0.0289072
-1.47496
0.0300196
-2.20886
0.0182027
-2.37321
0.0156306
-2.396
0.00716454
-2.41471
0.00227134
-2.43388
-0.00676777
-2.45636
-0.0222502
-2.48128
-0.0260146
-2.42621
-1.84026
0.0476005
-1.52256
0.0695563
-2.23081
0.0587195
-2.36237
0.0512347
-2.38852
0.035718
-2.39919
0.0182785
-2.41644
-0.000854568
-2.43723
-0.0224331
-2.4597
-0.036682
-2.41196
-1.87694
0.0587826
-1.58134
0.0655513
-2.23758
0.0521689
-2.34899
0.0396593
-2.37601
0.0277077
-2.38724
0.0139227
-2.40265
-0.00277101
-2.42053
-0.0233907
-2.43908
-0.0302991
-2.40505
-1.90724
0.0656046
-1.64695
0.0831678
-2.25515
0.0772719
-2.34309
0.0609881
-2.35972
0.0440272
-2.37028
0.0236358
-2.38226
0.000811768
-2.39771
-0.022374
-2.41589
-0.0379431
-2.38948
-1.94518
0.0699992
-1.71695
0.0752636
-2.26041
0.0607787
-2.32861
0.0458922
-2.34484
0.0309145
-2.3553
0.0162978
-2.36764
-0.000777133
-2.38064
-0.0217802
-2.39489
-0.0328836
-2.37838
-1.97807
0.0729907
-1.78994
0.0829089
-2.27033
0.0755613
-2.32126
0.0611721
-2.33045
0.0444503
-2.33858
0.0245964
-2.34779
0.0025242
-2.35856
-0.0198133
-2.37255
-0.0381706
-2.36002
-2.01624
0.0737135
-1.86365
0.0734127
-2.27003
0.0585697
-2.30642
0.0439654
-2.31584
0.0300018
-2.32462
0.0156971
-2.33348
-0.000131253
-2.34273
-0.0198153
-2.35287
-0.0338613
-2.34597
-2.0501
0.074655
-1.93831
0.0789638
-2.27434
0.0725003
-2.29995
0.0596611
-2.30301
0.0422602
-2.30722
0.0217365
-2.31296
0.000435501
-2.32143
-0.0210637
-2.33137
-0.0390686
-2.32797
-2.08917
0.0763668
-2.01467
0.0745532
-2.27252
0.060772
-2.28617
0.0455996
-2.28783
0.0282814
-2.2899
0.0106351
-2.29531
-0.00693999
-2.30386
-0.0261278
-2.31218
-0.0393456
-2.31475
-2.12851
0.0827008
-2.09738
0.0850605
-2.27488
0.0753973
-2.27651
0.0592262
-2.27166
0.0400976
-2.27077
0.0183304
-2.27355
-0.00553914
-2.27999
-0.0292695
-2.28845
-0.0479701
-2.29605
-2.17648
0.0877214
-2.1851
0.075789
-2.26295
0.0570359
-2.25776
0.0414837
-2.25611
0.0279997
-2.25728
0.0136373
-2.25919
-0.0040793
-2.26227
-0.0254708
-2.26706
-0.04695
-2.27457
-2.22343
0.0654752
0.0530976
0.0459122
0.0403744
0.0336615
0.0250483
0.0133476
-0.00313817
-0.0271371
)
;

boundaryField
{
    wall-4
    {
        type            calculated;
        value           uniform 0;
    }
    pressure-outlet-7
    {
        type            calculated;
        value           nonuniform List<scalar> 
20
(
0.109692
0.386835
0.741269
1.1492
1.57749
2.01297
2.47552
2.98832
3.57825
4.30176
4.61825
4.52737
5.0688
5.04875
4.41239
3.67308
2.83864
1.87631
0.902777
0.225681
)
;
    }
    velocity-inlet-6
    {
        type            calculated;
        value           nonuniform List<scalar> 10(-2.25057 -2.25057 -2.25057 -2.25057 -2.25057 -2.25057 -2.25057 -2.25057 -2.25057 -2.25057);
    }
    velocity-inlet-5
    {
        type            calculated;
        value           nonuniform List<scalar> 
20
(
-0.577988
-0.693586
-0.832303
-0.998764
-1.19852
-1.43822
-1.72586
-2.07104
-2.48524
-2.98229
-2.98229
-2.48524
-2.07104
-1.72586
-1.43822
-1.19852
-0.998764
-0.832303
-0.693586
-0.577988
)
;
    }
    frontAndBackPlanes
    {
        type            empty;
        value           nonuniform List<scalar> 0();
    }
}


// ************************************************************************* //
