/*--------------------------------*- C++ -*----------------------------------*\
  =========                 |
  \\      /  F ield         | OpenFOAM: The Open Source CFD Toolbox
   \\    /   O peration     | Website:  https://openfoam.org
    \\  /    A nd           | Version:  9
     \\/     M anipulation  |
\*---------------------------------------------------------------------------*/
FoamFile
{
    format      ascii;
    class       volVectorField;
    location    "42";
    object      U;
}
// * * * * * * * * * * * * * * * * * * * * * * * * * * * * * * * * * * * * * //

dimensions      [0 1 -1 0 0 0 0];

internalField   nonuniform List<vector> 
2200
(
(0.87886 -0.030414 0)
(1.0058 -0.0512823 0)
(1.00332 -0.0353903 0)
(1.0003 -0.0244348 0)
(0.999869 -0.0166575 0)
(1.00003 -0.0107344 0)
(1.00006 -0.00687807 0)
(1.00005 -0.00425333 0)
(1.00004 -0.00228699 0)
(1.00017 -0.000709769 0)
(1.00005 0.000895633 0)
(1.00005 0.00253393 0)
(1.00006 0.00453307 0)
(1.00007 0.00712168 0)
(1.00007 0.0108596 0)
(0.999895 0.0166898 0)
(1.00027 0.0244208 0)
(1.0035 0.0350086 0)
(1.00594 0.0513621 0)
(0.879001 0.0303308 0)
(0.711971 -0.0327701 0)
(0.996628 -0.0630349 0)
(1.03328 -0.0562039 0)
(1.02486 -0.0464844 0)
(1.01587 -0.0361835 0)
(1.0096 -0.026433 0)
(1.00584 -0.0181727 0)
(1.0037 -0.0114404 0)
(1.00252 -0.00606563 0)
(1.00197 -0.00154313 0)
(1.00198 0.00266005 0)
(1.00251 0.00707214 0)
(1.00363 0.01224 0)
(1.00563 0.0188278 0)
(1.00935 0.0271359 0)
(1.01562 0.0368641 0)
(1.02469 0.0472833 0)
(1.03306 0.0576164 0)
(0.996647 0.063156 0)
(0.711772 0.0329867 0)
(0.535486 -0.0238965 0)
(0.969858 -0.0569448 0)
(1.0564 -0.0547465 0)
(1.05223 -0.0487721 0)
(1.03627 -0.0404693 0)
(1.02448 -0.0323039 0)
(1.01588 -0.0240541 0)
(1.0104 -0.0162065 0)
(1.00724 -0.00898068 0)
(1.00576 -0.00243095 0)
(1.00568 0.00389789 0)
(1.00705 0.010345 0)
(1.01012 0.0174143 0)
(1.01573 0.0251526 0)
(1.02426 0.0332598 0)
(1.03604 0.0412389 0)
(1.05204 0.0493248 0)
(1.05633 0.053661 0)
(0.969224 0.0575536 0)
(0.534444 0.0239317 0)
(0.392194 -0.0136563 0)
(0.911704 -0.0464249 0)
(1.05739 -0.0469476 0)
(1.06947 -0.0443948 0)
(1.05482 -0.0382674 0)
(1.03933 -0.0316498 0)
(1.02756 -0.0248112 0)
(1.01904 -0.0175628 0)
(1.01365 -0.0100632 0)
(1.01098 -0.00249976 0)
(1.01086 0.00511464 0)
(1.01333 0.0125261 0)
(1.01862 0.0197756 0)
(1.02692 0.0267035 0)
(1.03853 0.0330009 0)
(1.05407 0.0394429 0)
(1.06847 0.0454872 0)
(1.05573 0.0480991 0)
(0.910119 0.0469179 0)
(0.390179 0.0137509 0)
(0.307469 -0.00452906 0)
(0.84646 -0.0324347 0)
(1.04922 -0.0400401 0)
(1.0793 -0.0382904 0)
(1.06802 -0.0336458 0)
(1.05155 -0.028072 0)
(1.03827 -0.0227555 0)
(1.02805 -0.0167236 0)
(1.02099 -0.00985784 0)
(1.01717 -0.00233408 0)
(1.01694 0.00549153 0)
(1.02039 0.0128144 0)
(1.0272 0.019406 0)
(1.03721 0.0250505 0)
(1.05039 0.0301811 0)
(1.06676 0.0354743 0)
(1.07778 0.0398723 0)
(1.04728 0.0415061 0)
(0.843222 0.0329078 0)
(0.304171 0.00470482 0)
(0.263977 9.5731e-05 0)
(0.788674 -0.0201013 0)
(1.03324 -0.031521 0)
(1.08348 -0.0321044 0)
(1.07723 -0.0288401 0)
(1.06073 -0.0239435 0)
(1.04717 -0.0194886 0)
(1.0363 -0.0144747 0)
(1.02846 -0.0084568 0)
(1.02405 -0.00147036 0)
(1.02378 0.00587066 0)
(1.02767 0.0125628 0)
(1.03498 0.0181123 0)
(1.04551 0.0227399 0)
(1.05871 0.0265806 0)
(1.07501 0.0310786 0)
(1.08069 0.033869 0)
(1.02973 0.0330472 0)
(0.78346 0.0206509 0)
(0.259453 8.76344e-05 0)
(0.23997 0.00106269 0)
(0.73788 -0.0123124 0)
(1.01334 -0.025082 0)
(1.0838 -0.026914 0)
(1.08281 -0.0246639 0)
(1.06766 -0.020509 0)
(1.05409 -0.0165434 0)
(1.0433 -0.0121128 0)
(1.03523 -0.00685335 0)
(1.03038 -0.000614528 0)
(1.02986 0.00601673 0)
(1.03386 0.0119569 0)
(1.0414 0.0167167 0)
(1.05168 0.0205944 0)
(1.06515 0.0241268 0)
(1.07996 0.0277133 0)
(1.08044 0.0294152 0)
(1.00819 0.0269776 0)
(0.729947 0.0130477 0)
(0.23394 -0.000863793 0)
(0.225548 0.000945717 0)
(0.694804 -0.00810628 0)
(0.992547 -0.0208825 0)
(1.08189 -0.023291 0)
(1.08666 -0.0215232 0)
(1.07314 -0.0180541 0)
(1.0596 -0.0142649 0)
(1.04901 -0.0100079 0)
(1.04108 -0.00507297 0)
(1.03629 0.000555284 0)
(1.0358 0.00644622 0)
(1.03949 0.0115629 0)
(1.04647 0.0158753 0)
(1.05642 0.0194597 0)
(1.06959 0.0225598 0)
(1.08238 0.0252973 0)
(1.0763 0.0263201 0)
(0.984355 0.0231083 0)
(0.683501 0.00900134 0)
(0.217793 -0.000734507 0)
(0.21582 0.000603861 0)
(0.659143 -0.00574169 0)
(0.971973 -0.0178377 0)
(1.07904 -0.0205783 0)
(1.08973 -0.0190697 0)
(1.07785 -0.0160238 0)
(1.0645 -0.012483 0)
(1.05406 -0.00833472 0)
(1.04624 -0.00360535 0)
(1.04123 0.00163555 0)
(1.04021 0.00693898 0)
(1.04368 0.0117573 0)
(1.05052 0.0156429 0)
(1.06021 0.0188858 0)
(1.07306 0.0216285 0)
(1.08417 0.0238585 0)
(1.07195 0.0244208 0)
(0.960882 0.0205494 0)
(0.643988 0.00687561 0)
(0.205955 -0.000371105 0)
(0.208497 0.000288864 0)
(0.630236 -0.00424972 0)
(0.952311 -0.0150805 0)
(1.07553 -0.0180788 0)
(1.0928 -0.0168985 0)
(1.08232 -0.0141361 0)
(1.06893 -0.01065 0)
(1.05855 -0.00663801 0)
(1.05086 -0.00202471 0)
(1.04607 0.00301158 0)
(1.04516 0.00789079 0)
(1.04812 0.0122637 0)
(1.05412 0.0158681 0)
(1.06333 0.01885 0)
(1.07604 0.0212489 0)
(1.08494 0.0229286 0)
(1.06492 0.0229767 0)
(0.936543 0.0184921 0)
(0.609977 0.00566837 0)
(0.195979 -1.83907e-06 0)
(0.202683 8.87446e-05 0)
(0.607149 -0.0031593 0)
(0.935018 -0.0126168 0)
(1.07239 -0.0157492 0)
(1.09558 -0.014674 0)
(1.08666 -0.012085 0)
(1.07333 -0.00879663 0)
(1.06275 -0.00500949 0)
(1.0548 -0.00060096 0)
(1.0495 0.00422379 0)
(1.04785 0.00896556 0)
(1.05051 0.0130682 0)
(1.05683 0.0163295 0)
(1.06608 0.0188139 0)
(1.07836 0.0209164 0)
(1.08574 0.0222884 0)
(1.05909 0.0218751 0)
(0.91412 0.016743 0)
(0.581013 0.00489466 0)
(0.186958 0.000262609 0)
(0.197915 2.43015e-06 0)
(0.588283 -0.00232417 0)
(0.918234 -0.0104293 0)
(1.06888 -0.0137109 0)
(1.09897 -0.0127367 0)
(1.09133 -0.0100463 0)
(1.07763 -0.00660324 0)
(1.06667 -0.00288765 0)
(1.05834 0.00125373 0)
(1.05288 0.00588864 0)
(1.05126 0.0105405 0)
(1.05361 0.0142492 0)
(1.05908 0.016928 0)
(1.06828 0.0191116 0)
(1.08075 0.0208644 0)
(1.08573 0.0218478 0)
(1.05007 0.0209373 0)
(0.890309 0.0152464 0)
(0.554822 0.00442395 0)
(0.178283 0.000432212 0)
(0.194426 6.93728e-06 0)
(0.574012 -0.00151087 0)
(0.904764 -0.00796555 0)
(1.06635 -0.0110504 0)
(1.10219 -0.0101047 0)
(1.09603 -0.00761221 0)
(1.08226 -0.00422382 0)
(1.07087 -0.0006536 0)
(1.06213 0.00353241 0)
(1.05611 0.00803513 0)
(1.05361 0.0123884 0)
(1.05554 0.0156283 0)
(1.06166 0.0179626 0)
(1.07084 0.0196576 0)
(1.0828 0.0212959 0)
(1.0853 0.0217601 0)
(1.04293 0.0203277 0)
(0.86905 0.0141312 0)
(0.532154 0.00412435 0)
(0.170152 0.000523962 0)
(0.192282 4.45364e-05 0)
(0.563683 -0.000718871 0)
(0.892398 -0.00585662 0)
(1.06332 -0.00866444 0)
(1.10569 -0.00767622 0)
(1.10113 -0.00500008 0)
(1.08718 -0.00168838 0)
(1.07533 0.00195917 0)
(1.06613 0.00594503 0)
(1.05972 0.0102751 0)
(1.05685 0.014365 0)
(1.05807 0.0174899 0)
(1.06303 0.0194532 0)
(1.0724 0.0207385 0)
(1.08381 0.0215863 0)
(1.08396 0.0217898 0)
(1.03132 0.0198017 0)
(0.845201 0.013095 0)
(0.510282 0.00390223 0)
(0.16203 0.000559152 0)
(0.19153 7.87504e-05 0)
(0.556291 -0.000112146 0)
(0.88292 -0.00351332 0)
(1.06155 -0.0058336 0)
(1.10892 -0.00465764 0)
(1.10576 -0.00210968 0)
(1.09201 0.0014247 0)
(1.07981 0.00506067 0)
(1.06992 0.00930789 0)
(1.06257 0.01368 0)
(1.05896 0.0173713 0)
(1.05995 0.0197452 0)
(1.06538 0.0211778 0)
(1.07429 0.0220625 0)
(1.08419 0.0224739 0)
(1.08195 0.0220931 0)
(1.02204 0.0195838 0)
(0.824718 0.0124575 0)
(0.491281 0.00382789 0)
(0.154498 0.000576376 0)
(0.192174 -2.98115e-05 0)
(0.553026 0.00091854 0)
(0.876287 -0.00144801 0)
(1.06022 -0.00317153 0)
(1.11264 -0.00160582 0)
(1.11091 0.00142073 0)
(1.09716 0.00493913 0)
(1.08472 0.00902107 0)
(1.07445 0.0131559 0)
(1.06632 0.0170382 0)
(1.06167 0.0199626 0)
(1.06165 0.0221014 0)
(1.06579 0.0230966 0)
(1.07437 0.0235352 0)
(1.08356 0.0237298 0)
(1.07768 0.0230484 0)
(1.00786 0.019718 0)
(0.800468 0.0121923 0)
(0.471161 0.00391069 0)
(0.146425 0.000626089 0)
(0.194315 0.000279317 0)
(0.553676 0.00155197 0)
(0.872394 0.00113614 0)
(1.06119 0.000396138 0)
(1.11727 0.00235624 0)
(1.11631 0.0053073 0)
(1.10261 0.0092978 0)
(1.08983 0.0133633 0)
(1.07883 0.0177196 0)
(1.06975 0.0218618 0)
(1.06455 0.0247575 0)
(1.06389 0.0260356 0)
(1.06761 0.0264888 0)
(1.07522 0.0262634 0)
(1.08267 0.0254552 0)
(1.07395 0.023919 0)
(0.996647 0.0200976 0)
(0.780273 0.0122381 0)
(0.453556 0.00405542 0)
(0.138709 0.000674096 0)
(0.198423 0.000667974 0)
(0.556883 0.00240939 0)
(0.873248 0.00375773 0)
(1.06303 0.00370463 0)
(1.12225 0.00625874 0)
(1.12239 0.00992233 0)
(1.10828 0.0139843 0)
(1.09482 0.0184684 0)
(1.08304 0.0229609 0)
(1.07286 0.0268495 0)
(1.06552 0.0291865 0)
(1.0629 0.0299985 0)
(1.06542 0.0296696 0)
(1.07312 0.0289485 0)
(1.07997 0.02803 0)
(1.06712 0.0257238 0)
(0.979669 0.020994 0)
(0.754735 0.0124033 0)
(0.433161 0.00424169 0)
(0.12989 0.000720415 0)
(0.205305 0.000854133 0)
(0.564873 0.00371588 0)
(0.877661 0.00641893 0)
(1.06755 0.00816862 0)
(1.12824 0.0114406 0)
(1.12885 0.0152018 0)
(1.11412 0.0199594 0)
(1.09937 0.024686 0)
(1.08595 0.0294515 0)
(1.07399 0.0337375 0)
(1.06605 0.036325 0)
(1.06362 0.036615 0)
(1.06595 0.0353755 0)
(1.07248 0.0333486 0)
(1.07681 0.0308336 0)
(1.06004 0.027691 0)
(0.964883 0.022153 0)
(0.733218 0.0128965 0)
(0.415084 0.00458501 0)
(0.121414 0.000774038 0)
(0.213939 0.00101943 0)
(0.57705 0.00506043 0)
(0.886639 0.00983548 0)
(1.07425 0.0130181 0)
(1.13525 0.0169229 0)
(1.13644 0.0218237 0)
(1.12067 0.0272049 0)
(1.10477 0.0325907 0)
(1.08992 0.0376628 0)
(1.07616 0.041545 0)
(1.06551 0.0428239 0)
(1.05997 0.0416887 0)
(1.06061 0.0395506 0)
(1.06715 0.037042 0)
(1.07134 0.0347634 0)
(1.0499 0.030507 0)
(0.944091 0.0236047 0)
(0.705253 0.0136521 0)
(0.392799 0.00499587 0)
(0.111309 0.000806628 0)
(0.227053 0.00141863 0)
(0.597516 0.00710569 0)
(0.90317 0.0145481 0)
(1.08501 0.0197814 0)
(1.14412 0.0247302 0)
(1.14527 0.029768 0)
(1.1287 0.0359196 0)
(1.11141 0.0419683 0)
(1.09473 0.0475119 0)
(1.07863 0.0515392 0)
(1.0661 0.05269 0)
(1.06079 0.0514242 0)
(1.06095 0.0481808 0)
(1.06542 0.0440597 0)
(1.06501 0.0393375 0)
(1.0381 0.0338289 0)
(0.924709 0.0258475 0)
(0.681129 0.0150786 0)
(0.372178 0.00566159 0)
(0.101351 0.000847418 0)
(0.243287 0.00199785 0)
(0.622876 0.00879053 0)
(0.924936 0.0188296 0)
(1.09928 0.0261705 0)
(1.15488 0.0323278 0)
(1.15579 0.0392551 0)
(1.13756 0.0464307 0)
(1.11863 0.0533792 0)
(1.09995 0.0594419 0)
(1.08154 0.0633456 0)
(1.06591 0.0631022 0)
(1.05602 0.0597774 0)
(1.05262 0.0550133 0)
(1.05619 0.0501003 0)
(1.05687 0.0454513 0)
(1.02411 0.038663 0)
(0.899028 0.0289298 0)
(0.64862 0.01709 0)
(0.344903 0.00638396 0)
(0.0890005 0.000868621 0)
(0.265863 0.00284626 0)
(0.657446 0.012563 0)
(0.953927 0.0253439 0)
(1.11806 0.0353719 0)
(1.16838 0.0433338 0)
(1.16762 0.0514609 0)
(1.14735 0.0598584 0)
(1.1257 0.0677867 0)
(1.10372 0.0743303 0)
(1.08155 0.0779417 0)
(1.06321 0.0772028 0)
(1.05331 0.0732023 0)
(1.05111 0.0675661 0)
(1.05273 0.0608314 0)
(1.04607 0.0534857 0)
(1.0059 0.044603 0)
(0.872824 0.0333366 0)
(0.61811 0.0198484 0)
(0.317868 0.0073391 0)
(0.0765438 0.00090255 0)
(0.297584 0.00373299 0)
(0.70379 0.0156763 0)
(0.99269 0.0332905 0)
(1.14285 0.0466156 0)
(1.18497 0.0565806 0)
(1.18174 0.067552 0)
(1.1578 0.0775843 0)
(1.13286 0.0862492 0)
(1.10741 0.0925326 0)
(1.08202 0.0949728 0)
(1.0604 0.0920516 0)
(1.04606 0.0856356 0)
(1.03866 0.0774227 0)
(1.03789 0.0692076 0)
(1.03301 0.0618929 0)
(0.986005 0.0518458 0)
(0.839101 0.0383085 0)
(0.57583 0.0228966 0)
(0.281446 0.00810887 0)
(0.0610665 0.000891462 0)
(0.33421 0.00720906 0)
(0.762341 0.0248233 0)
(1.04042 0.0463408 0)
(1.17335 0.063601 0)
(1.2063 0.0763393 0)
(1.198 0.0896409 0)
(1.1697 0.100696 0)
(1.14054 0.109539 0)
(1.11059 0.115175 0)
(1.0802 0.115935 0)
(1.05453 0.111023 0)
(1.0391 0.102406 0)
(1.03348 0.0931043 0)
(1.03253 0.0834518 0)
(1.01751 0.0728137 0)
(0.959936 0.0598452 0)
(0.802975 0.0442663 0)
(0.534213 0.0260725 0)
(0.24611 0.00891325 0)
(0.046332 0.000766288 0)
(0.415133 0.0108696 0)
(0.849169 0.0358961 0)
(1.10444 0.0667719 0)
(1.21171 0.0888329 0)
(1.23137 0.103612 6.78118e-34)
(1.21626 0.119658 -3.03623e-34)
(1.18175 0.130702 0)
(1.14767 0.138336 0)
(1.11307 0.141782 0)
(1.07885 0.139592 0)
(1.04998 0.131403 0)
(1.03058 0.119804 0)
(1.01923 0.107684 0)
(1.01249 0.0951509 0)
(0.998481 0.084034 0)
(0.931855 0.0697801 0)
(0.756709 0.0506907 0)
(0.476628 0.029122 0)
(0.197636 0.00881966 0)
(0.0282245 0.000705278 0)
(0.486409 0.0261138 5.12611e-20)
(0.950031 0.0595001 -3.87569e-20)
(1.17243 0.100492 0)
(1.25099 0.12602 2.96426e-20)
(1.25893 0.141927 -2.40314e-20)
(1.23363 0.15936 3.20345e-34)
(1.1923 0.168544 0)
(1.15263 0.174285 1.68493e-20)
(1.11241 0.175532 -5.5221e-20)
(1.07241 0.170865 1.12383e-20)
(1.0381 0.159241 0)
(1.0164 0.144614 -2.83069e-20)
(1.00673 0.130276 -3.38408e-20)
(1.00203 0.117651 5.91606e-20)
(0.972559 0.102806 -4.67249e-20)
(0.885068 0.0828792 0)
(0.690077 0.0588333 -1.68962e-20)
(0.402357 0.0310986 0)
(0.144284 0.00933808 -9.30424e-20)
(0.0105364 0.000793464 1.0969e-19)
(0.521603 0.0538436 -6.69584e-21)
(1.01262 0.102636 1.18765e-19)
(1.22165 0.150689 -7.41956e-21)
(1.28434 0.173741 -7.50264e-20)
(1.28298 0.191141 -5.09254e-20)
(1.24847 0.206532 8.27723e-20)
(1.20091 0.213153 0)
(1.15554 0.216461 0)
(1.10978 0.214872 8.80478e-20)
(1.06454 0.206327 0)
(1.02618 0.192046 1.02641e-19)
(0.999821 0.175468 3.03717e-20)
(0.983058 0.160064 3.62866e-22)
(0.965889 0.142955 -6.46775e-20)
(0.935996 0.126392 0)
(0.84048 0.104276 0)
(0.633862 0.072042 -2.76672e-19)
(0.353306 0.0382897 6.9369e-19)
(0.12283 0.0112819 -4.1142e-19)
(0.00297711 0.000824898 -4.84892e-19)
(0.528701 0.0763943 -7.18994e-20)
(1.04879 0.159475 2.69891e-20)
(1.25753 0.211012 1.42068e-20)
(1.31084 0.232509 1.31301e-19)
(1.30191 0.248242 1.42871e-20)
(1.25971 0.259381 -2.16349e-19)
(1.20627 0.262178 7.33689e-20)
(1.155 0.262332 0)
(1.10284 0.257597 -1.86553e-19)
(1.05153 0.247226 1.64679e-19)
(1.00747 0.230591 -2.77073e-19)
(0.977086 0.21089 1.29762e-19)
(0.959569 0.193174 -8.39236e-20)
(0.947107 0.176626 1.89039e-19)
(0.905202 0.156619 0)
(0.801925 0.126877 -6.92278e-20)
(0.602315 0.0883047 0)
(0.343489 0.0461783 3.82782e-19)
(0.123264 0.0165282 -9.07989e-19)
(0.00542042 0.000391989 5.68755e-19)
(0.522617 0.108267 2.12468e-19)
(1.06784 0.216314 -9.20788e-20)
(1.27932 0.276406 -1.91424e-20)
(1.32834 0.297241 0)
(1.31409 0.310437 -9.65454e-20)
(1.26647 0.316143 1.18838e-19)
(1.2085 0.314236 -7.85103e-20)
(1.15253 0.310583 0)
(1.0965 0.302094 1.32633e-19)
(1.04155 0.287352 -1.15802e-19)
(0.992861 0.265647 2.40282e-19)
(0.958593 0.24641 0)
(0.934378 0.226857 -1.78427e-19)
(0.907829 0.205801 1.00587e-19)
(0.871097 0.184302 2.53827e-19)
(0.774912 0.155002 -2.23329e-19)
(0.587338 0.111349 3.56746e-19)
(0.345286 0.0625311 -7.89451e-19)
(0.136854 0.0244447 4.98542e-19)
(0.0138174 0.00232524 -6.23699e-19)
(0.510181 0.132498 -8.13276e-20)
(1.07421 0.270211 5.85732e-20)
(1.28993 0.341913 -6.33155e-20)
(1.33778 0.362203 1.22394e-19)
(1.31999 0.373191 -1.13316e-19)
(1.26864 0.374165 3.7949e-20)
(1.20698 0.367881 3.65628e-21)
(1.14668 0.36023 -1.51848e-19)
(1.08534 0.347993 -1.3925e-19)
(1.02333 0.329667 -2.48806e-19)
(0.970218 0.308273 -5.16523e-19)
(0.932436 0.283977 -1.58789e-19)
(0.906682 0.262045 2.41696e-21)
(0.888792 0.241971 -3.44265e-19)
(0.843384 0.219126 -6.2455e-21)
(0.745463 0.181597 3.24869e-19)
(0.570724 0.133088 -9.81976e-20)
(0.347557 0.0791334 -5.70417e-20)
(0.149991 0.0341094 0)
(0.0221942 0.00516078 1.32561e-18)
(0.493009 0.153194 0)
(1.06833 0.320202 -8.02012e-21)
(1.2925 0.405639 -1.26395e-20)
(1.34044 0.426476 -1.27306e-20)
(1.31999 0.435876 1.10916e-19)
(1.26607 0.432198 -8.78073e-20)
(1.20173 0.421679 8.59643e-20)
(1.13838 0.410187 2.48944e-19)
(1.07433 0.39385 -7.72939e-20)
(1.01177 0.371811 1.23559e-19)
(0.956358 0.344324 2.77582e-19)
(0.913407 0.318152 3.45912e-19)
(0.881705 0.294882 -2.07964e-19)
(0.849512 0.27119 3.7231e-19)
(0.810976 0.245754 -2.94858e-19)
(0.725145 0.211933 0)
(0.565671 0.158542 -7.44882e-19)
(0.356336 0.0990606 1.0026e-18)
(0.16457 0.0460167 7.48311e-20)
(0.0307355 0.00886173 -1.39915e-18)
(0.47835 0.173427 -5.13782e-21)
(1.05956 0.368162 3.0024e-20)
(1.28958 0.466211 9.27406e-20)
(1.3382 0.487913 -1.12732e-19)
(1.31568 0.496083 9.0072e-20)
(1.25996 0.488679 -8.58168e-20)
(1.19373 0.474663 1.71153e-19)
(1.12802 0.459358 -7.54771e-20)
(1.06091 0.43927 -3.12561e-19)
(0.992466 0.413836 1.82722e-23)
(0.930252 0.383264 -3.01227e-19)
(0.885547 0.354096 -3.71422e-19)
(0.856229 0.327398 2.29194e-19)
(0.832547 0.305029 -1.33859e-19)
(0.786817 0.278747 3.19817e-19)
(0.700437 0.237045 0)
(0.551394 0.182671 -4.6128e-19)
(0.358007 0.117579 6.81221e-19)
(0.173838 0.0577162 1.29115e-18)
(0.0368072 0.0125082 -1.51895e-18)
(0.463887 0.190879 -1.1318e-20)
(1.04669 0.412707 -1.02456e-21)
(1.28259 0.523911 -6.86172e-20)
(1.33187 0.547131 1.17255e-19)
(1.30771 0.554479 1.17924e-20)
(1.25078 0.543414 -1.69299e-19)
(1.1831 0.525984 -9.8511e-20)
(1.1154 0.507411 -9.51606e-20)
(1.04564 0.483932 -1.75513e-19)
(0.974872 0.45426 2.82911e-19)
(0.913657 0.419686 3.05169e-19)
(0.866825 0.387537 5.89455e-19)
(0.829814 0.361565 0)
(0.796146 0.331621 6.07402e-21)
(0.758441 0.303451 -8.76255e-19)
(0.683349 0.267157 2.04112e-19)
(0.545262 0.207344 9.94809e-19)
(0.361414 0.137625 -2.93436e-19)
(0.181 0.0692315 6.11993e-19)
(0.0411708 0.0160067 -5.10613e-20)
(0.454204 0.209301 5.87894e-21)
(1.03485 0.455593 2.39668e-20)
(1.27327 0.578688 -3.5938e-20)
(1.3229 0.603274 1.41625e-19)
(1.29736 0.609654 -1.93905e-19)
(1.23951 0.595618 1.69119e-19)
(1.17075 0.575608 1.02071e-19)
(1.10154 0.553974 2.85533e-19)
(1.03025 0.527403 3.53951e-19)
(0.957971 0.494543 -3.24672e-19)
(0.892177 0.45794 0)
(0.841129 0.421851 -2.22027e-19)
(0.806618 0.388916 2.54909e-19)
(0.779634 0.362833 3.20582e-19)
(0.736584 0.334125 -1.85306e-19)
(0.659175 0.288933 -4.52308e-19)
(0.528354 0.229764 -1.3516e-19)
(0.355655 0.153656 -1.48954e-21)
(0.180913 0.0786088 0)
(0.0427194 0.0182794 0)
(0.445764 0.224813 -5.07327e-20)
(1.02199 0.495473 0)
(1.26184 0.630233 -2.24411e-20)
(1.31161 0.656721 -3.79691e-21)
(1.28501 0.662468 2.17168e-19)
(1.22657 0.645601 -5.57726e-20)
(1.1571 0.622951 1.03603e-19)
(1.08693 0.598557 -1.93734e-19)
(1.0137 0.568908 2.6829e-19)
(0.937777 0.532747 -1.05381e-19)
(0.8678 0.490601 1.74263e-19)
(0.818586 0.44977 7.03405e-19)
(0.781609 0.41856 1.40089e-20)
(0.745142 0.387004 -3.34263e-19)
(0.708589 0.354092 6.18266e-19)
(0.640487 0.316187 4.24413e-21)
(0.51715 0.249888 1.44601e-19)
(0.348804 0.168769 -6.90164e-19)
(0.175972 0.0856775 7.08406e-19)
(0.0418688 0.0196367 -8.36936e-19)
(0.439065 0.243162 2.42658e-23)
(1.01023 0.533943 0)
(1.24972 0.679138 0)
(1.2991 0.707325 -1.09798e-20)
(1.27157 0.712047 -6.66118e-20)
(1.21269 0.692739 8.06317e-20)
(1.14271 0.668111 -1.95538e-19)
(1.07156 0.641432 0)
(0.996798 0.609532 -3.95086e-19)
(0.919904 0.570861 4.69336e-19)
(0.851532 0.525597 4.94524e-19)
(0.797197 0.483407 -2.58075e-19)
(0.756199 0.445457 -3.11215e-19)
(0.729706 0.414128 7.29201e-19)
(0.687203 0.382696 -2.19533e-19)
(0.616745 0.332079 -2.62252e-19)
(0.497953 0.26744 -1.57115e-19)
(0.338314 0.180189 -7.43803e-19)
(0.169664 0.0899582 1.07916e-19)
(0.0394666 0.0205183 9.03262e-19)
(0.434992 0.261605 -2.80716e-20)
(0.998853 0.569937 -3.40057e-20)
(1.23652 0.724628 2.35883e-20)
(1.28547 0.754971 -1.39868e-22)
(1.25724 0.759173 -6.12095e-20)
(1.19807 0.737652 1.35508e-19)
(1.12764 0.710943 0)
(1.05557 0.682061 1.1615e-19)
(0.979437 0.647597 -9.15857e-20)
(0.899907 0.605277 7.81733e-19)
(0.824815 0.556028 -1.12831e-19)
(0.767379 0.509253 1.28013e-19)
(0.732526 0.470981 0)
(0.694381 0.435166 -3.94553e-19)
(0.660039 0.397186 4.77153e-19)
(0.597299 0.35556 0)
(0.483755 0.281246 -3.38999e-19)
(0.324694 0.18971 9.96444e-19)
(0.1604 0.0922444 1.17434e-19)
(0.0358274 0.0204947 -1.11149e-18)
(0.432763 0.278454 -7.49448e-20)
(0.989013 0.604704 9.64672e-20)
(1.2234 0.767926 0)
(1.27147 0.799924 -4.93821e-21)
(1.24258 0.803253 0)
(1.18315 0.779795 -1.70262e-19)
(1.1125 0.751583 0)
(1.03999 0.720945 0)
(0.962843 0.684967 -1.19676e-19)
(0.881375 0.64139 -7.42697e-19)
(0.806758 0.590346 -9.13065e-19)
(0.751051 0.540014 1.49094e-19)
(0.705005 0.495399 5.36906e-19)
(0.678619 0.457586 4.33819e-19)
(0.639198 0.422218 -1.53082e-18)
(0.573214 0.365455 -6.1516e-19)
(0.461283 0.293415 3.59982e-19)
(0.309031 0.194361 0)
(0.150255 0.0927001 1.00985e-18)
(0.0318608 0.0195642 -1.19721e-18)
(0.431248 0.294094 9.26333e-20)
(0.979004 0.636821 -1.14704e-19)
(1.20993 0.807864 0)
(1.25714 0.841907 -1.08879e-20)
(1.22771 0.844947 8.09416e-21)
(1.16822 0.819841 0)
(1.0974 0.789986 5.96478e-20)
(1.0242 0.757654 7.94141e-20)
(0.945551 0.719639 -2.26256e-19)
(0.861799 0.67293 9.88365e-20)
(0.781993 0.617262 0)
(0.71952 0.563692 6.17617e-19)
(0.681179 0.517852 4.74493e-21)
(0.643133 0.47597 2.33957e-19)
(0.610333 0.430777 2.77817e-19)
(0.551901 0.383983 0)
(0.444744 0.300492 -5.8971e-19)
(0.292555 0.197827 1.15782e-18)
(0.139505 0.0915327 -1.2247e-18)
(0.0278987 0.0182688 2.57812e-18)
(0.430124 0.309022 0)
(0.970214 0.668172 0)
(1.19706 0.845896 -5.39585e-20)
(1.24301 0.881455 0)
(1.21303 0.883825 0)
(1.15341 0.857262 -1.46129e-19)
(1.08257 0.826285 6.11315e-20)
(1.00893 0.792586 1.75282e-20)
(0.929136 0.753435 -5.20954e-20)
(0.843164 0.706173 0)
(0.762302 0.650417 -1.38426e-19)
(0.701173 0.592636 -5.03609e-19)
(0.652385 0.540202 -6.05495e-19)
(0.625586 0.49404 -2.4308e-19)
(0.588402 0.452208 3.0122e-19)
(0.527262 0.386327 -7.10402e-19)
(0.420475 0.306397 1.26895e-18)
(0.274999 0.196546 3.10411e-21)
(0.128743 0.0890645 -1.17559e-18)
(0.024442 0.0167347 -1.73924e-19)
(0.429053 0.323644 0)
(0.9614 0.697363 -9.5415e-20)
(1.18426 0.880935 6.81665e-20)
(1.22897 0.918254 0)
(1.19852 0.920481 0)
(1.13894 0.892724 2.95474e-19)
(1.068 0.860513 0)
(0.993683 0.825548 0)
(0.912528 0.784926 -4.95765e-19)
(0.824924 0.735341 1.35335e-19)
(0.740221 0.675455 -1.22877e-18)
(0.671454 0.614812 0)
(0.628006 0.56197 -6.55794e-19)
(0.587863 0.510454 1.07552e-20)
(0.55688 0.453463 -9.66934e-19)
(0.503816 0.398596 3.82405e-19)
(0.404211 0.304809 1.98745e-21)
(0.260527 0.194173 -1.33722e-18)
(0.120009 0.0855704 6.34148e-19)
(0.021118 0.0150593 1.86096e-19)
(0.428152 0.337903 0)
(0.95375 0.725906 -1.38115e-19)
(1.17219 0.914443 7.20742e-20)
(1.21542 0.952969 7.85252e-20)
(1.18449 0.954611 -1.9943e-20)
(1.12479 0.925762 3.05145e-20)
(1.05388 0.892755 -3.88913e-20)
(0.979287 0.856808 4.83999e-19)
(0.897412 0.815479 5.30329e-19)
(0.807688 0.765935 1.03378e-18)
(0.71977 0.706607 1.02104e-18)
(0.650954 0.644225 1.78908e-19)
(0.596944 0.582802 9.43467e-19)
(0.567784 0.52506 5.81602e-19)
(0.532221 0.471135 6.94189e-19)
(0.47764 0.390641 -4.1896e-19)
(0.379723 0.300888 -4.8881e-19)
(0.246583 0.183051 5.7262e-19)
(0.114412 0.0836576 -3.39803e-19)
(0.0228255 0.0196427 6.02324e-19)
(0.427282 0.35175 1.97928e-19)
(0.946125 0.752343 2.15653e-19)
(1.16026 0.945292 4.28469e-20)
(1.20213 0.985187 1.62418e-20)
(1.17077 0.986728 3.11282e-20)
(1.11119 0.95703 -8.24161e-20)
(1.04034 0.923148 3.78707e-20)
(0.965344 0.886311 -2.05884e-20)
(0.882251 0.844008 -6.166e-19)
(0.790717 0.792843 -1.12127e-18)
(0.700037 0.730377 7.1015e-20)
(0.62406 0.665503 0)
(0.573046 0.604735 0)
(0.526193 0.541688 -3.03054e-19)
(0.49464 0.465434 -1.13444e-18)
(0.448951 0.39377 9.02452e-19)
(0.367773 0.279344 5.35422e-19)
(0.252094 0.165229 0)
(0.126532 0.0591329 1.08361e-18)
(0.0163841 -0.00535252 -6.44108e-19)
(0.426558 0.364963 -1.04826e-19)
(0.939358 0.777957 9.31255e-20)
(1.14904 0.974825 -1.05126e-19)
(1.18945 1.01561 -7.89245e-20)
(1.15769 1.01658 -4.909e-21)
(1.09809 0.986059 -2.59828e-20)
(1.02742 0.951674 0)
(0.952254 0.914218 -6.08118e-19)
(0.86841 0.871404 7.59074e-20)
(0.774768 0.820431 0)
(0.681129 0.75995 0)
(0.603121 0.695127 1.13472e-19)
(0.538675 0.626319 1.52069e-19)
(0.502426 0.554923 -3.26866e-19)
(0.463435 0.482781 8.14488e-19)
(0.413007 0.372088 -9.83112e-19)
(0.334168 0.258714 -1.14522e-18)
(0.251933 0.142633 1.01335e-18)
(0.176823 0.0960299 -3.86522e-19)
(0.113335 0.081201 2.25093e-19)
(0.425685 0.377425 1.33946e-19)
(0.932499 0.80152 0)
(1.13795 1.00189 0)
(1.17707 1.04372 -2.04586e-20)
(1.145 1.04462 1.65623e-20)
(1.08562 1.01349 -2.09212e-20)
(1.01513 0.97852 1.64924e-19)
(0.939662 0.940463 6.24818e-19)
(0.854786 0.897081 1.11902e-18)
(0.7601 0.845388 -8.3972e-20)
(0.664317 0.783265 1.72945e-19)
(0.578551 0.716217 -1.01493e-18)
(0.517155 0.64989 -1.00765e-18)
(0.456041 0.575815 -1.75133e-19)
(0.411899 0.473455 0)
(0.368763 0.376606 -8.77229e-21)
(0.30575 0.194329 6.29227e-19)
(0.270955 0.0415869 -1.0617e-18)
(0.231885 -0.0796432 8.07487e-19)
(0.0825004 -0.0966188 6.70779e-19)
(0.424837 0.389398 -2.96839e-19)
(0.92621 0.824278 -1.34805e-19)
(1.12748 1.02794 6.92626e-21)
(1.16526 1.07052 4.98812e-20)
(1.13286 1.07092 0)
(1.0735 1.03922 -9.86529e-20)
(1.00318 1.00405 -2.35072e-19)
(0.92761 0.965792 -3.14779e-22)
(0.8423 0.922353 -5.86691e-19)
(0.745583 0.871127 -8.23569e-20)
(0.645536 0.810868 7.64946e-20)
(0.558637 0.746749 8.91335e-19)
(0.479432 0.67529 9.83607e-19)
(0.428308 0.59148 1.70222e-19)
(0.374287 0.502162 8.70564e-19)
(0.297755 0.34775 0)
(0.181833 0.180892 0)
(0.0107371 0.217818 7.33233e-19)
(-0.0768084 0.629344 -3.08977e-20)
(0.00568501 1.53192 -8.97817e-19)
(0.423774 0.400756 1.64435e-19)
(0.919889 0.845387 3.74009e-19)
(1.11709 1.05198 -5.05202e-19)
(1.15363 1.09554 2.44949e-19)
(1.12091 1.0961 -2.41943e-21)
(1.06173 1.06419 -5.60153e-20)
(0.991574 1.02888 0)
(0.915778 0.990544 -5.22112e-19)
(0.829604 0.947251 0)
(0.73184 0.896203 1.16456e-18)
(0.630265 0.836031 -9.23925e-20)
(0.53503 0.771463 1.03597e-19)
(0.460482 0.705061 1.12224e-18)
(0.374726 0.62896 -3.68461e-19)
(0.282652 0.502922 -4.43612e-19)
(0.201903 0.405356 0)
(0.0927352 0.520662 0)
(0.027576 1.31558 0)
(0.0733282 2.45661 -4.16815e-19)
(0.101456 2.90757 -2.55941e-19)
(0.422618 0.411529 0)
(0.914025 0.86565 0)
(1.10731 1.07522 1.85003e-19)
(1.14262 1.11956 -1.97899e-19)
(1.10954 1.11986 7.87836e-20)
(1.05034 1.08772 6.05838e-20)
(0.980345 1.05262 2.99861e-20)
(0.904511 1.01466 -2.33467e-20)
(0.817968 0.971942 8.22731e-20)
(0.718093 0.922024 -1.3365e-18)
(0.61188 0.864255 1.67916e-19)
(0.515869 0.804509 8.87427e-19)
(0.41957 0.739054 -1.11854e-18)
(0.345636 0.648697 -1.22248e-18)
(0.268945 0.565679 4.12012e-19)
(0.195175 0.695236 0)
(0.126504 1.54361 5.7404e-19)
(0.126606 2.68884 6.3454e-19)
(0.13466 3.0864 -7.09701e-19)
(0.125947 3.22146 7.65583e-19)
(0.421248 0.421901 0)
(0.908174 0.884356 3.35695e-19)
(1.09765 1.0965 -4.62048e-20)
(1.13183 1.14182 2.84681e-19)
(1.09842 1.14251 -8.26961e-20)
(1.03941 1.1105 0)
(0.969577 1.07561 0)
(0.89357 1.03797 0)
(0.8063 0.995978 4.67901e-19)
(0.70588 0.94726 6.20846e-20)
(0.599263 0.891474 0)
(0.494997 0.833021 -8.83124e-19)
(0.410458 0.773676 0)
(0.295826 0.700361 8.75372e-19)
(0.207857 0.770014 -5.8837e-19)
(0.158839 1.45906 -4.73983e-19)
(0.160851 2.67706 -1.11595e-18)
(0.18214 3.12664 -5.89561e-19)
(0.172887 3.26812 -8.06321e-19)
(0.158598 3.30851 6.20613e-19)
(0.41988 0.431428 -1.17967e-19)
(0.902705 0.902209 1.53549e-20)
(1.08859 1.11717 -5.17795e-20)
(1.1217 1.16332 -2.18638e-19)
(1.08794 1.16392 0)
(1.0289 1.13194 0)
(0.95921 1.09758 0)
(0.883216 1.06071 3.62808e-20)
(0.795707 1.01979 -5.91044e-19)
(0.693431 0.972868 0)
(0.581952 0.919601 0)
(0.47974 0.867267 0)
(0.366359 0.809928 0)
(0.306359 0.791371 6.38497e-19)
(0.274078 1.17233 1.57016e-18)
(0.253966 2.37482 4.66294e-19)
(0.266312 3.08302 9.43842e-19)
(0.260651 3.28477 -7.24673e-19)
(0.211451 3.35088 2.68962e-19)
(0.178583 3.3635 0)
(0.418344 0.44066 1.21744e-19)
(0.897084 0.919117 -7.49329e-19)
(1.0794 1.13652 -1.99804e-19)
(1.11153 1.18367 -4.33062e-20)
(1.07746 1.18488 1.89124e-20)
(1.01864 1.15328 -4.37986e-20)
(0.949132 1.11935 -5.8489e-21)
(0.873014 1.08305 -4.14735e-19)
(0.785016 1.04326 0)
(0.682822 0.998381 -7.78249e-20)
(0.572893 0.948828 7.07967e-20)
(0.462908 0.898738 0)
(0.376366 0.857241 0)
(0.320035 0.975867 -7.98437e-19)
(0.277876 1.85338 9.86123e-20)
(0.273786 2.94115 -3.50547e-19)
(0.295126 3.28925 7.3256e-19)
(0.267972 3.38823 5.3504e-19)
(0.201787 3.41283 -7.31477e-19)
(0.176783 3.42214 3.63597e-19)
(0.416509 0.450051 2.40555e-19)
(0.891207 0.936654 7.32831e-19)
(1.07002 1.15709 2.3918e-19)
(1.10121 1.20507 0)
(1.06687 1.20618 0)
(1.00809 1.1746 3.48608e-20)
(0.938813 1.14126 8.98426e-20)
(0.862931 1.10587 3.70341e-19)
(0.775068 1.06739 2.3625e-20)
(0.671552 1.02469 1.00219e-18)
(0.557173 0.977442 -1.17148e-18)
(0.446779 0.930563 0)
(0.369036 0.928473 0)
(0.337219 1.34035 -5.44676e-19)
(0.339424 2.48074 -6.54616e-19)
(0.381864 3.19865 0)
(0.406545 3.3722 -7.43686e-19)
(0.3367 3.43528 4.68048e-20)
(0.266317 3.47978 3.57981e-19)
(0.243431 3.50516 -1.20291e-19)
(0.414239 0.459864 -4.58579e-19)
(0.884523 0.954815 -3.52475e-19)
(1.05951 1.1778 0)
(1.08981 1.22669 0)
(1.05529 1.22843 0)
(0.996922 1.19716 0)
(0.92804 1.16412 -1.03763e-19)
(0.852286 1.12916 3.31482e-19)
(0.764332 1.09179 0)
(0.661728 1.05136 -9.12902e-19)
(0.551291 1.00874 2.10249e-18)
(0.443326 0.974593 8.54698e-20)
(0.390537 1.05846 1.1269e-19)
(0.388898 1.74682 8.89166e-19)
(0.405339 2.89739 -4.7835e-19)
(0.442688 3.32232 0)
(0.425584 3.44692 2.08349e-19)
(0.339629 3.53495 9.28672e-20)
(0.262592 3.59936 1.49306e-19)
(0.18729 3.57887 -7.76886e-21)
(0.41148 0.470055 2.18651e-19)
(0.877133 0.974141 -3.62415e-19)
(1.04842 1.20058 0)
(1.07789 1.25013 -6.28377e-20)
(1.04321 1.25147 2.12755e-19)
(0.985035 1.21992 0)
(0.916642 1.1873 0)
(0.841542 1.15314 -5.77829e-19)
(0.754277 1.11697 -5.92057e-20)
(0.651287 1.07872 8.97814e-19)
(0.534478 1.03807 -9.99351e-19)
(0.44392 1.01821 5.79696e-19)
(0.406491 1.23049 0)
(0.42771 2.1813 -4.71742e-19)
(0.470271 3.14534 3.08799e-19)
(0.532483 3.42675 1.94222e-19)
(0.525257 3.52382 0)
(0.461562 3.60673 -3.71891e-20)
(0.390428 3.64855 -4.13892e-19)
(0.309187 3.61974 -9.61204e-20)
(0.408078 0.480579 -4.3817e-19)
(0.868742 0.994311 5.19588e-19)
(1.03593 1.22334 3.56281e-19)
(1.06465 1.27351 -8.79511e-20)
(1.02991 1.27543 -3.25757e-19)
(0.972416 1.24406 0)
(0.904758 1.21152 -5.26657e-21)
(0.830124 1.17753 2.11056e-19)
(0.743255 1.14224 3.28868e-20)
(0.642024 1.10602 -7.75648e-19)
(0.530105 1.07172 -5.33904e-20)
(0.452123 1.08434 -6.5443e-19)
(0.447259 1.46958 7.1087e-19)
(0.498847 2.54719 1.55385e-19)
(0.564358 3.30783 -2.73257e-19)
(0.617203 3.47906 1.40658e-19)
(0.577572 3.53182 0)
(0.518711 3.53636 0)
(0.423629 3.50184 -6.87037e-19)
(0.192792 3.29348 1.26827e-18)
(0.403981 0.491036 2.10534e-19)
(0.859249 1.0155 5.13904e-19)
(1.02279 1.24854 -3.65802e-19)
(1.05088 1.29914 3.20393e-19)
(1.01612 1.3002 3.44857e-19)
(0.959088 1.26818 0)
(0.89228 1.23577 1.5335e-20)
(0.818814 1.2024 1.8085e-19)
(0.733342 1.16804 0)
(0.632809 1.13356 0)
(0.523091 1.10452 0)
(0.458628 1.15686 0)
(0.487072 1.69539 -8.02158e-19)
(0.558751 2.85062 -2.06272e-19)
(0.633718 3.39846 0)
(0.676945 3.49361 -2.33778e-20)
(0.675256 3.49928 0)
(0.752017 3.3412 1.45123e-19)
(0.847836 2.97339 -1.81004e-18)
(0.450572 2.59606 1.8941e-18)
(0.3989 0.501396 -4.30617e-19)
(0.848548 1.03781 -3.30126e-19)
(1.00787 1.27349 -2.4416e-19)
(1.03544 1.32437 -2.99655e-19)
(1.00084 1.32594 -1.69041e-19)
(0.944891 1.29394 0)
(0.879264 1.26137 8.06136e-21)
(0.8067 1.2278 -4.53727e-20)
(0.722164 1.19399 -2.46027e-19)
(0.624108 1.16109 0)
(0.522265 1.14163 5.23028e-20)
(0.479565 1.2562 -5.94834e-20)
(0.537258 1.95484 0)
(0.633042 3.07872 2.69766e-19)
(0.723694 3.44142 0)
(0.756459 3.47857 -1.04093e-19)
(0.76045 3.38998 2.86402e-19)
(0.753393 3.01044 -1.43229e-19)
(0.508658 2.00193 2.81804e-19)
(-0.34549 0.503455 -6.88215e-19)
(0.392456 0.511767 -1.33884e-20)
(0.835981 1.06069 -1.69673e-19)
(0.991922 1.30146 3.36155e-19)
(1.0192 1.35283 -1.94562e-20)
(0.984756 1.35314 -5.5094e-20)
(0.929564 1.32017 0)
(0.865172 1.28758 5.15643e-20)
(0.794324 1.25467 -9.93347e-20)
(0.71198 1.22175 4.42202e-19)
(0.612512 1.19024 -5.29672e-19)
(0.523241 1.18116 -6.23017e-19)
(0.501314 1.36729 0)
(0.591828 2.24424 4.09081e-19)
(0.698734 3.21516 -5.56385e-20)
(0.772354 3.42236 3.03635e-20)
(0.779384 3.4158 0)
(0.709478 3.1847 -1.50609e-19)
(0.540159 2.40981 1.61626e-19)
(0.106515 0.647856 -1.91852e-19)
(-0.252079 -0.403284 -1.7747e-19)
(0.384405 0.521874 4.04641e-19)
(0.822026 1.08502 -1.66697e-19)
(0.973629 1.3289 2.38849e-19)
(1.00076 1.38047 1.83951e-19)
(0.966737 1.38149 1.11382e-19)
(0.913109 1.34868 2.05327e-19)
(0.850423 1.31597 -1.20273e-19)
(0.780998 1.28273 3.59195e-20)
(0.700106 1.25038 -3.30636e-19)
(0.60386 1.22156 3.17729e-20)
(0.528175 1.22828 9.80541e-20)
(0.534031 1.51596 -4.0805e-19)
(0.646395 2.51534 1.11102e-19)
(0.759207 3.29153 -2.15923e-19)
(0.82225 3.39747 3.27326e-20)
(0.801063 3.31972 8.29148e-20)
(0.674947 2.87612 -2.17754e-19)
(0.41514 1.65539 1.41353e-19)
(0.0621381 0.0546074 0)
(-0.0797499 -0.164788 -3.05058e-19)
(0.374636 0.530951 0)
(0.805192 1.1085 -6.3308e-19)
(0.953963 1.35951 2.38101e-20)
(0.981412 1.41204 -3.00885e-19)
(0.947771 1.41145 0)
(0.895355 1.37742 -1.52615e-19)
(0.834402 1.34456 1.27097e-19)
(0.767359 1.31215 -3.3602e-20)
(0.68977 1.28076 2.40421e-19)
(0.596316 1.25496 3.82329e-19)
(0.531989 1.28024 4.83314e-19)
(0.566569 1.66748 4.74003e-20)
(0.703802 2.7531 -3.01e-19)
(0.813019 3.32146 1.3776e-20)
(0.848327 3.35458 3.57977e-21)
(0.772804 3.14532 8.29743e-20)
(0.535537 2.34212 9.29397e-20)
(0.119056 0.455781 -1.10151e-19)
(-0.135993 -0.245854 0)
(-0.115242 -0.20794 0)
(0.36292 0.539028 -3.91661e-19)
(0.786635 1.1335 6.29682e-19)
(0.931461 1.38881 0)
(0.959351 1.44168 0)
(0.926462 1.44208 0)
(0.876321 1.40841 0)
(0.817755 1.37555 -7.01015e-20)
(0.752836 1.34257 -1.58331e-20)
(0.677475 1.3118 -3.29256e-20)
(0.591048 1.2895 4.01507e-20)
(0.540382 1.34389 -4.0634e-19)
(0.604941 1.8483 2.92201e-19)
(0.75712 2.94434 0)
(0.851427 3.32309 3.66848e-20)
(0.871487 3.29339 6.42622e-20)
(0.733843 2.88146 -2.4551e-20)
(0.403505 1.7081 1.08955e-19)
(0.0147419 -0.0323621 6.13138e-20)
(-0.159777 -0.204112 -2.5669e-19)
(-0.0588329 -0.138243 -3.00531e-19)
(0.348001 0.544608 1.98863e-19)
(0.763374 1.15467 2.94429e-19)
(0.907388 1.42099 -9.23949e-21)
(0.936202 1.47597 1.60618e-19)
(0.903911 1.47434 0)
(0.855735 1.43921 2.95104e-19)
(0.799478 1.40591 -5.87504e-20)
(0.737739 1.37386 1.61126e-20)
(0.66548 1.34377 -3.54624e-20)
(0.585833 1.32654 2.95021e-20)
(0.550954 1.41129 2.73728e-19)
(0.647234 2.04522 -1.37435e-19)
(0.80802 3.06723 -1.15429e-19)
(0.889987 3.31273 2.15201e-21)
(0.873306 3.19298 -3.38613e-20)
(0.642547 2.53538 1.51438e-19)
(0.199106 0.776782 -8.57046e-20)
(-0.0806368 -0.276817 1.25681e-19)
(-0.133018 -0.226297 -3.81603e-19)
(-0.0603954 -0.129427 2.66442e-19)
(0.33011 0.548002 -1.86015e-19)
(0.73797 1.1769 0)
(0.880115 1.45066 -2.1586e-19)
(0.909578 1.50667 -3.10166e-19)
(0.878528 1.5064 0)
(0.833705 1.47189 -2.31025e-19)
(0.780547 1.43877 0)
(0.721701 1.40571 -1.05014e-19)
(0.651069 1.37627 -2.95914e-20)
(0.582932 1.36457 8.6359e-20)
(0.565588 1.49335 -1.39515e-19)
(0.689796 2.24917 7.58075e-20)
(0.849726 3.13936 1.82825e-19)
(0.915858 3.2868 1.22931e-20)
(0.856111 3.05094 -3.42729e-20)
(0.542182 2.1093 -5.09371e-20)
(0.0826977 0.138187 1.28908e-19)
(-0.178162 -0.276677 -1.45013e-19)
(-0.104442 -0.211754 5.15796e-22)
(-0.0424234 -0.0736499 -2.7848e-20)
(0.308389 0.546769 3.70732e-19)
(0.707718 1.1932 -2.83106e-19)
(0.850799 1.4818 2.3084e-19)
(0.881385 1.54261 1.49572e-19)
(0.851582 1.54001 2.78131e-20)
(0.809834 1.50379 1.47325e-19)
(0.759474 1.46982 0)
(0.704868 1.43765 -3.73347e-20)
(0.638177 1.40933 0)
(0.578992 1.40483 -8.07692e-20)
(0.580178 1.57523 1.37726e-19)
(0.733765 2.41837 -5.24165e-21)
(0.890281 3.18445 -6.68631e-20)
(0.940653 3.25056 4.12203e-20)
(0.824279 2.86702 -1.32577e-20)
(0.402505 1.5736 6.32044e-20)
(-0.0500129 -0.122018 -1.95213e-19)
(-0.225865 -0.265169 -1.12532e-19)
(-0.124926 -0.243695 -4.54002e-20)
(-0.0600286 -0.0740152 2.09912e-19)
(0.283749 0.541144 4.29244e-21)
(0.675349 1.21005 1.45679e-19)
(0.817173 1.50826 0)
(0.848744 1.57227 2.81268e-19)
(0.821572 1.57214 -3.99266e-19)
(0.784303 1.53681 1.49282e-19)
(0.737693 1.5033 -9.88576e-20)
(0.686983 1.46952 8.73362e-20)
(0.623595 1.44222 -7.55799e-20)
(0.575179 1.44527 -3.85936e-21)
(0.598501 1.66504 3.84033e-20)
(0.77511 2.58011 5.86997e-20)
(0.91975 3.19405 3.70486e-20)
(0.946512 3.19852 -6.27846e-20)
(0.76504 2.63526 -6.4496e-20)
(0.293045 1.08445 1.25076e-19)
(-0.0708823 -0.239828 -1.24188e-19)
(-0.23634 -0.299627 8.09671e-20)
(-0.130428 -0.281366 1.0085e-21)
(-0.0735327 -0.0977484 -1.88683e-19)
(0.25478 0.526444 6.91039e-19)
(0.636137 1.21494 -1.45459e-19)
(0.780742 1.53443 -3.94874e-19)
(0.814335 1.60701 3.20565e-19)
(0.790015 1.60551 -1.74185e-19)
(0.756397 1.56822 2.88507e-19)
(0.713083 1.53346 1.52635e-19)
(0.668129 1.50043 0)
(0.610598 1.47461 8.67009e-20)
(0.570346 1.48687 -1.24189e-20)
(0.612613 1.74776 -1.63111e-20)
(0.815264 2.69116 -1.40162e-20)
(0.944757 3.19684 2.134e-20)
(0.954597 3.13856 9.92382e-21)
(0.709744 2.43771 -1.05064e-19)
(0.17652 0.524113 -4.68237e-20)
(-0.0699481 -0.273386 1.36428e-19)
(-0.162385 -0.327712 5.87011e-20)
(-0.124553 -0.294346 1.85859e-20)
(-0.0634652 -0.116569 1.64517e-19)
(0.22242 0.502963 0)
(0.594147 1.21863 1.3543e-19)
(0.738644 1.55293 -1.79103e-19)
(0.775033 1.63193 3.112e-19)
(0.755495 1.63544 -3.8178e-19)
(0.726371 1.59956 1.58954e-19)
(0.687819 1.56559 0)
(0.647436 1.53045 0)
(0.597414 1.50452 0)
(0.563149 1.52635 1.71268e-20)
(0.629812 1.8247 -1.60525e-20)
(0.844586 2.78663 1.73642e-20)
(0.961764 3.19573 5.40013e-20)
(0.94885 3.07079 5.32399e-20)
(0.64668 2.21265 -9.13609e-20)
(0.13325 0.265449 7.99823e-20)
(-0.091067 -0.258011 2.15637e-22)
(-0.119888 -0.333844 -1.333e-19)
(-0.0948095 -0.264741 1.55884e-20)
(-0.0355663 -0.101038 0)
(0.185493 0.463963 6.3457e-19)
(0.54313 1.20037 -1.26643e-19)
(0.693646 1.56812 4.62682e-21)
(0.734416 1.66204 0)
(0.718735 1.66515 -1.83269e-19)
(0.693411 1.62841 1.82492e-20)
(0.658994 1.59263 0)
(0.62581 1.55817 4.60468e-20)
(0.582825 1.53288 -3.63347e-20)
(0.55716 1.56283 0)
(0.638423 1.88478 0)
(0.874065 2.83914 -3.27985e-20)
(0.974864 3.19667 -8.00387e-20)
(0.942743 3.0082 -1.02536e-20)
(0.609911 2.04359 -1.93109e-20)
(0.0617081 0.0794356 3.15275e-20)
(-0.12868 -0.253564 0)
(-0.118347 -0.344372 -7.50717e-20)
(-0.0868266 -0.25316 -1.2011e-19)
(-0.00316544 -0.0583681 2.78562e-19)
(0.145427 0.409722 5.23943e-19)
(0.489511 1.17757 -1.21431e-19)
(0.641584 1.56982 1.70788e-19)
(0.688058 1.67755 -4.24352e-19)
(0.67863 1.68877 0)
(0.658598 1.65575 0)
(0.629802 1.62087 0)
(0.601952 1.58412 4.85547e-20)
(0.567744 1.55664 -3.83061e-20)
(0.546725 1.59183 0)
(0.648973 1.93156 0)
(0.888242 2.87804 1.1128e-19)
(0.979811 3.20537 -5.02987e-20)
(0.907182 2.97829 6.88344e-20)
(0.517802 1.84639 7.67086e-20)
(-0.0793759 0.129056 0)
(-0.287076 -0.153044 -3.05947e-20)
(-0.268882 -0.295677 -2.08679e-20)
(-0.143727 -0.237063 2.20742e-19)
(0.00701267 0.042421 -2.62491e-19)
(0.102868 0.333166 -4.87077e-19)
(0.424315 1.11594 1.2824e-19)
(0.586962 1.56294 3.61037e-19)
(0.640757 1.69703 2.43121e-19)
(0.634735 1.71 -1.96876e-19)
(0.6205 1.67926 -1.2854e-19)
(0.596017 1.64194 8.65926e-20)
(0.576144 1.60613 0)
(0.550645 1.57737 0)
(0.53544 1.61206 0)
(0.646785 1.94636 -6.54446e-20)
(0.914355 2.88413 -1.16249e-19)
(0.998123 3.22275 5.45648e-20)
(0.88464 3.00475 -1.97251e-20)
(0.467263 1.86574 7.78913e-20)
(-0.154212 0.462678 0)
(-0.413013 -0.242543 1.22671e-19)
(-0.474281 -0.665876 -4.02915e-19)
(-0.414988 -0.745049 9.32643e-19)
(-0.103923 -0.261789 -5.1561e-19)
(0.0560611 0.23542 5.15437e-19)
(0.355976 1.04441 -4.23461e-19)
(0.521642 1.52978 0)
(0.585842 1.69457 1.20851e-19)
(0.589078 1.72347 8.66047e-20)
(0.580865 1.69935 1.80876e-19)
(0.562238 1.66332 -8.09437e-20)
(0.54778 1.62431 0)
(0.531469 1.59232 0)
(0.520015 1.62294 -1.29465e-19)
(0.640395 1.93474 -3.02026e-21)
(0.922896 2.85443 7.74361e-20)
(1.04562 3.22066 3.92041e-20)
(0.975408 3.08017 2.9352e-19)
(0.597759 1.97174 -6.34005e-19)
(0.0756435 0.512565 9.80107e-19)
(-0.345049 -0.3237 -6.93627e-19)
(-0.516542 -0.9513 0)
(-0.510226 -1.28864 -3.97006e-20)
(-0.295911 -0.971269 1.40743e-18)
(0.0176589 0.146331 5.27927e-19)
(0.26922 0.90694 0)
(0.45545 1.47952 0)
(0.530221 1.69152 0)
(0.538603 1.73048 7.16261e-20)
(0.536749 1.71327 -1.79584e-19)
(0.522288 1.67541 -7.79146e-20)
(0.514987 1.63745 0)
(0.508206 1.6008 0)
(0.503938 1.62324 8.12309e-20)
(0.620559 1.89309 2.70945e-20)
(0.946293 2.78427 -3.62718e-20)
(1.15057 3.18221 4.02565e-20)
(1.21669 3.06525 1.42009e-19)
(1.09201 2.43239 -3.45298e-19)
(0.704307 1.23028 3.93869e-19)
(0.214419 0.274439 -4.53737e-19)
(-0.0750521 -0.717841 0)
(-0.380834 -1.50837 3.79506e-20)
(-0.293742 -1.40309 6.74258e-19)
(-0.0019895 0.0796926 -4.92297e-19)
(0.182341 0.752756 1.69617e-19)
(0.374475 1.37311 2.6073e-19)
(0.467137 1.65403 -1.62528e-20)
(0.488639 1.72905 -1.56669e-19)
(0.491661 1.72259 -9.80305e-20)
(0.482634 1.68793 2.18216e-19)
(0.478144 1.64532 -6.34233e-21)
(0.478515 1.60145 0)
(0.47968 1.60996 2.17403e-20)
(0.581445 1.81429 -6.88321e-21)
(0.906954 2.61024 2.51314e-20)
(1.18672 3.0574 0)
(1.24215 2.95211 -4.83983e-20)
(1.17706 2.55976 0)
(0.986527 1.71303 -5.94396e-20)
(0.597807 0.73771 2.86503e-20)
(0.28164 -0.225414 0)
(0.0459643 -0.866988 0)
(-0.145445 -1.23871 -1.04659e-19)
(-0.00267005 0.018894 3.93719e-19)
(0.0891057 0.454456 -1.47556e-19)
(0.309299 1.23614 1.16387e-19)
(0.405073 1.60003 -1.82656e-19)
(0.43198 1.71125 7.12901e-20)
(0.439927 1.71854 -2.35801e-20)
(0.435126 1.69272 1.40464e-20)
(0.432916 1.64873 -2.96002e-20)
(0.440076 1.59511 -1.80873e-20)
(0.45072 1.58478 -1.08944e-20)
(0.513102 1.70626 6.13169e-21)
(0.762907 2.37263 0)
(1.06848 2.87196 1.62391e-20)
(1.1308 2.83307 0)
(1.09193 2.59215 0)
(0.999183 2.07785 0)
(0.706559 1.26623 5.02343e-19)
(0.423913 0.468613 -1.20081e-18)
(0.157652 -0.302927 7.62862e-21)
(0.014933 -0.583593 8.6992e-19)
(0.00627374 -0.0384376 6.95675e-20)
(0.0250271 0.181642 6.52807e-20)
(0.208446 0.956967 -5.31886e-20)
(0.336556 1.48965 -3.97215e-20)
(0.377733 1.68627 3.21115e-20)
(0.388192 1.71275 2.2011e-20)
(0.386281 1.69641 1.50288e-20)
(0.379626 1.64867 0)
(0.383324 1.5841 -7.16619e-21)
(0.393424 1.54987 -3.25921e-21)
(0.416059 1.60594 3.79636e-21)
(0.522139 2.03715 0)
(0.821991 2.72282 1.63086e-20)
(0.842707 2.74297 -3.61945e-20)
(0.835959 2.63356 0)
(0.771672 2.34717 0)
(0.604657 1.80276 -3.38928e-20)
(0.397669 1.16822 0)
(0.199009 0.553968 -2.6428e-20)
(0.0450568 0.102735 0)
(0.0059619 -0.0757234 0)
(0.003263 0.0268504 0)
(0.0988528 0.604083 0)
(0.248622 1.29128 0)
(0.308193 1.60995 -7.88198e-34)
(0.326141 1.6924 5.7611e-34)
(0.327674 1.68882 0)
(0.32279 1.64908 0)
(0.319931 1.5765 0)
(0.324956 1.5245 0)
(0.330353 1.55143 0)
(0.348043 1.85561 0)
(0.597382 2.55169 0)
(0.611598 2.72926 0)
(0.593827 2.70548 0)
(0.553881 2.5685 0)
(0.464916 2.2437 0)
(0.306174 1.70355 0)
(0.152878 1.18535 0)
(0.0350365 0.660335 0)
(-0.00296675 -0.0787679 0)
(0.00578366 -0.0560052 0)
(0.0351392 0.258024 0)
(0.179467 1.08232 0)
(0.239086 1.5277 0)
(0.260392 1.66729 0)
(0.2644 1.67779 0)
(0.262788 1.64844 0)
(0.256194 1.5731 0)
(0.25983 1.5115 0)
(0.266754 1.53064 0)
(0.237612 1.78047 0)
(0.434931 2.45749 0)
(0.456552 2.7445 0)
(0.426873 2.77483 0)
(0.392338 2.7134 0)
(0.335285 2.49756 0)
(0.220312 2.05941 0)
(0.101837 1.57392 0)
(0.0187427 0.969305 0)
(-0.00173487 -0.0937122 0)
(0.0254672 -0.111645 0)
(0.0241769 0.0966571 0)
(0.111835 0.859341 0)
(0.173874 1.42702 0)
(0.193877 1.63489 0)
(0.199585 1.6649 0)
(0.201637 1.64441 0)
(0.196956 1.57327 0)
(0.200187 1.51137 0)
(0.215684 1.52813 0)
(0.159621 1.74312 0)
(0.304526 2.3955 0)
(0.331684 2.76381 0)
(0.293241 2.84272 0)
(0.263056 2.8225 0)
(0.220383 2.67569 0)
(0.143103 2.31316 0)
(0.0580244 1.85091 0)
(0.00721772 1.16517 0)
(0.00376123 -0.152243 0)
(0.0326945 -0.186755 0)
(0.0247376 0.0455586 0)
(0.0513246 0.754902 0)
(0.10075 1.36176 0)
(0.119836 1.60518 0)
(0.131501 1.6528 0)
(0.140194 1.63846 0)
(0.142492 1.57315 0)
(0.144688 1.51782 0)
(0.170072 1.53461 0)
(0.104341 1.72398 0)
(0.204924 2.35495 0)
(0.232396 2.77895 0)
(0.198347 2.90018 0)
(0.168299 2.90651 0)
(0.140225 2.80682 0)
(0.0851428 2.50042 0)
(0.0271542 2.05321 0)
(-0.00554302 1.27065 0)
(0.00609209 -0.214854 0)
(0.0236771 -0.230081 0)
(0.0106381 0.0662317 0)
(-0.00734288 0.723904 0)
(0.0230934 1.32295 0)
(0.041433 1.57957 0)
(0.0633272 1.63556 0)
(0.0812014 1.62755 0)
(0.0916526 1.57047 0)
(0.0951702 1.52184 0)
(0.127598 1.54008 0)
(0.0664128 1.70961 0)
(0.132405 2.33177 0)
(0.152923 2.79733 0)
(0.123606 2.94643 0)
(0.0987099 2.96991 0)
(0.0781127 2.89413 0)
(0.0404119 2.61559 0)
(0.00153727 2.15734 0)
(-0.0104728 1.26761 0)
(0.0044076 -0.246247 0)
(0.00298414 -0.224454 0)
(-0.0244559 0.147083 0)
(-0.0584515 0.76214 0)
(-0.0473146 1.30379 0)
(-0.028969 1.54968 0)
(0.00129955 1.6127 0)
(0.0281697 1.61174 0)
(0.049146 1.56089 0)
(0.0536193 1.51861 0)
(0.0895451 1.54418 0)
(0.0377679 1.70189 0)
(0.0834826 2.31092 0)
(0.093802 2.80633 0)
(0.0686371 2.97877 0)
(0.0485424 3.01581 0)
(0.0358573 2.95307 0)
(0.0114494 2.69407 0)
(-0.0111216 2.23122 0)
(-0.0153585 1.23927 0)
(-0.00170338 -0.231269 0)
(-0.0217872 -0.147549 0)
(-0.0615284 0.250301 0)
(-0.0975953 0.825278 0)
(-0.0960578 1.2867 0)
(-0.0784493 1.50583 0)
(-0.0458067 1.57488 0)
(-0.015639 1.58604 0)
(0.0151009 1.54251 0)
(0.0195921 1.50959 0)
(0.0568536 1.54503 0)
(0.0165102 1.69931 0)
(0.0475589 2.3014 0)
(0.050048 2.81546 0)
(0.0287504 3.00342 0)
(0.0137425 3.05046 0)
(0.00336405 2.99367 0)
(-0.0139365 2.73475 0)
(-0.0289062 2.23812 0)
(-0.0172042 1.17083 0)
(-0.00690199 -0.169864 0)
(-0.0345244 -0.0409826 0)
(-0.0789957 0.35233 0)
(-0.114013 0.878152 0)
(-0.116693 1.26624 0)
(-0.101405 1.45788 0)
(-0.071972 1.52988 0)
(-0.0448325 1.55103 0)
(-0.0110865 1.51986 0)
(-0.00724035 1.49589 0)
(0.030819 1.54259 0)
(-0.00044392 1.6972 0)
(0.0223885 2.29255 0)
(0.019194 2.8203 0)
(0.0020372 3.01942 0)
(-0.0103392 3.07252 0)
(-0.0187529 3.01717 0)
(-0.0297582 2.75612 0)
(-0.0348009 2.2256 0)
(-0.0195361 1.06796 0)
(-0.00834874 -0.0897263 0)
(-0.0369728 0.0821486 0)
(-0.0813533 0.458105 0)
(-0.115005 0.926127 0)
(-0.118582 1.24943 0)
(-0.106054 1.41614 0)
(-0.0818269 1.4879 0)
(-0.0610282 1.51504 0)
(-0.0294168 1.4953 0)
(-0.0260578 1.47863 0)
(0.0117753 1.53791 0)
(-0.0124472 1.70044 0)
(0.000748527 2.2934 0)
(-0.00456082 2.82583 0)
(-0.0157404 3.03204 0)
(-0.026734 3.08883 0)
(-0.0330171 3.03122 0)
(-0.0413054 2.75936 0)
(-0.0388993 2.19504 0)
(-0.018649 0.958832 0)
(-0.00759262 -0.00993244 0)
(-0.0333861 0.196308 0)
(-0.0729465 0.548197 0)
(-0.102901 0.964521 0)
(-0.107169 1.23986 0)
(-0.0972725 1.38762 0)
(-0.0786602 1.45704 0)
(-0.0644134 1.48534 0)
(-0.0364861 1.4726 0)
(-0.0359009 1.46275 0)
(-0.000860217 1.53095 0)
(-0.0216115 1.70009 0)
(-0.0130723 2.29496 0)
(-0.0204254 2.83454 0)
(-0.0290705 3.04359 0)
(-0.0364495 3.10019 0)
(-0.0406179 3.03853 0)
(-0.0443642 2.75338 0)
(-0.0389953 2.1418 0)
(-0.0143812 0.853286 0)
(-0.00569788 0.0594866 0)
(-0.0266934 0.299952 0)
(-0.0598802 0.632534 0)
(-0.0855247 1.00417 0)
(-0.0906382 1.24021 0)
(-0.0849859 1.3704 0)
(-0.0718396 1.43555 0)
(-0.0607915 1.46362 0)
(-0.036934 1.45554 0)
(-0.0395743 1.45088 0)
(-0.00867572 1.52667 0)
(-0.0306228 1.70327 0)
(-0.023 2.29735 0)
(-0.0312368 2.84154 0)
(-0.0368671 3.05324 0)
(-0.042306 3.10867 0)
(-0.0445514 3.04238 0)
(-0.0452576 2.74334 0)
(-0.035969 2.08612 0)
(-0.00961265 0.763796 0)
(-0.00361803 0.110219 0)
(-0.0188005 0.3792 0)
(-0.0447277 0.697225 0)
(-0.0648476 1.03577 0)
(-0.0710125 1.24678 0)
(-0.0696863 1.36409 0)
(-0.0621997 1.42447 0)
(-0.0553452 1.45034 0)
(-0.0353131 1.44478 0)
(-0.0411989 1.44297 0)
(-0.0138641 1.52444 0)
(-0.0361346 1.70775 0)
(-0.0305318 2.3048 0)
(-0.0376412 2.85077 0)
(-0.041501 3.06162 0)
(-0.0449774 3.11581 0)
(-0.0444935 3.04133 0)
(-0.0436068 2.72195 0)
(-0.0316339 2.01943 0)
(-0.00611777 0.688602 0)
(-0.00204534 0.14495 0)
(-0.0123088 0.440873 0)
(-0.0319269 0.752787 0)
(-0.0479358 1.066 0)
(-0.0534636 1.25838 0)
(-0.0553776 1.36427 0)
(-0.0527681 1.4186 0)
(-0.0486697 1.44162 0)
(-0.0343816 1.43884 0)
(-0.041928 1.43732 0)
(-0.0173854 1.52168 0)
(-0.0383246 1.71199 0)
(-0.0331 2.30853 0)
(-0.0396985 2.85609 0)
(-0.0422602 3.06641 0)
(-0.0438978 3.11784 0)
(-0.0431427 3.03807 0)
(-0.039558 2.70596 0)
(-0.0269476 1.96447 0)
(-0.0029171 0.631042 0)
(-0.00100966 0.165601 0)
(-0.00744939 0.481619 0)
(-0.0216353 0.790807 0)
(-0.0335406 1.08642 0)
(-0.0388727 1.26863 0)
(-0.0419035 1.36792 0)
(-0.0422075 1.41764 0)
(-0.0420008 1.43719 0)
(-0.0328959 1.43513 0)
(-0.0413595 1.43384 0)
(-0.0197289 1.51999 0)
(-0.0375542 1.71809 0)
(-0.0349746 2.31503 0)
(-0.0397693 2.86138 0)
(-0.0424781 3.06887 0)
(-0.0434381 3.11728 0)
(-0.0424041 3.02943 0)
(-0.0386665 2.67211 0)
(-0.0229993 1.88965 0)
(-0.00114436 0.58276 0)
(-0.000523037 0.17871 0)
(-0.00471327 0.512664 0)
(-0.0154477 0.82375 0)
(-0.0253803 1.10681 0)
(-0.0305427 1.27923 0)
(-0.0333772 1.37221 0)
(-0.0348324 1.41759 0)
(-0.035193 1.43481 0)
(-0.0292781 1.43339 0)
(-0.0372305 1.43106 0)
(-0.0201375 1.51953 0)
(-0.0347047 1.72097 0)
(-0.0331988 2.31838 0)
(-0.0408659 2.86457 0)
(-0.0430651 3.07065 0)
(-0.0432184 3.11615 0)
(-0.0424205 3.02283 0)
(-0.0358185 2.65188 0)
(-0.0198251 1.83499 0)
(0.000185511 0.548634 0)
(-0.000310967 0.186217 0)
(-0.00308438 0.532413 0)
(-0.0110898 0.845696 0)
(-0.0183065 1.1214 0)
(-0.0240495 1.28824 0)
(-0.0266284 1.37695 0)
(-0.0284722 1.41945 0)
(-0.0297371 1.43494 0)
(-0.02531 1.43245 0)
(-0.0331492 1.43026 0)
(-0.0198758 1.51956 0)
(-0.0339423 1.72638 0)
(-0.032397 2.32518 0)
(-0.038023 2.86842 0)
(-0.0418216 3.0717 0)
(-0.0424603 3.11445 0)
(-0.0400703 3.00981 0)
(-0.0351916 2.61053 0)
(-0.0165679 1.76099 0)
(0.000744742 0.516733 0)
(-0.000220686 0.191969 0)
(-0.00210106 0.54918 0)
(-0.00853402 0.865766 0)
(-0.0142301 1.13539 0)
(-0.0191887 1.29733 0)
(-0.0218558 1.38148 0)
(-0.0242691 1.42096 0)
(-0.0246419 1.43505 0)
(-0.0203915 1.43255 0)
(-0.0292473 1.42967 0)
(-0.0188567 1.5199 0)
(-0.0314789 1.72976 0)
(-0.0319848 2.32914 0)
(-0.0391771 2.87247 0)
(-0.0415306 3.0741 0)
(-0.0433473 3.11329 0)
(-0.0407093 3.00197 0)
(-0.0337363 2.58738 0)
(-0.0146568 1.70783 0)
(0.00109721 0.495842 0)
(-0.000172325 0.195219 0)
(-0.00147899 0.559478 0)
(-0.00647921 0.879169 0)
(-0.0103444 1.14427 0)
(-0.0141487 1.30549 0)
(-0.0171761 1.38648 0)
(-0.020332 1.42287 0)
(-0.021585 1.4349 0)
(-0.0185171 1.4333 0)
(-0.0271601 1.43117 0)
(-0.0183361 1.52112 0)
(-0.0324998 1.73561 0)
(-0.0327302 2.33693 0)
(-0.0411876 2.88002 0)
(-0.0440969 3.07646 0)
(-0.0436346 3.11072 0)
(-0.0416973 2.98557 0)
(-0.0340011 2.54009 0)
(-0.0134126 1.63252 0)
(0.000987297 0.471599 0)
(-0.000142699 0.198369 0)
(-0.00108765 0.569541 0)
(-0.00533855 0.891829 0)
(-0.00854474 1.15066 0)
(-0.0102052 1.31176 0)
(-0.0132832 1.3917 0)
(-0.0160802 1.42598 0)
(-0.0174192 1.43608 0)
(-0.0156742 1.43463 0)
(-0.02532 1.43248 0)
(-0.0187426 1.52249 0)
(-0.0311228 1.74145 0)
(-0.0375057 2.3428 0)
(-0.0439415 2.88555 0)
(-0.0468105 3.07843 0)
(-0.046587 3.10904 0)
(-0.0405712 2.97463 0)
(-0.0325856 2.51285 0)
(-0.0123293 1.58716 0)
(0.00172521 0.457346 0)
(-0.000197389 0.200197 0)
(-0.00110977 0.5758 0)
(-0.00443374 0.901306 0)
(-0.00782748 1.15495 0)
(-0.00863353 1.31655 0)
(-0.0111324 1.39609 0)
(-0.0141095 1.42789 0)
(-0.0158979 1.43705 0)
(-0.0148064 1.43726 0)
(-0.0246304 1.4357 0)
(-0.0194794 1.52437 0)
(-0.0313553 1.75152 0)
(-0.039457 2.35423 0)
(-0.045093 2.89118 0)
(-0.0489653 3.07764 0)
(-0.047923 3.10328 0)
(-0.0446083 2.95242 0)
(-0.0346135 2.45612 0)
(-0.0125778 1.50832 0)
(0.00171857 0.436173 0)
(-0.00022313 0.203145 0)
(-0.00126969 0.583502 0)
(-0.00432638 0.910745 0)
(-0.00744724 1.15883 0)
(-0.00792391 1.31939 0)
(-0.0096738 1.39989 0)
(-0.0113544 1.43132 0)
(-0.0150763 1.43965 0)
(-0.0147216 1.43996 0)
(-0.0230655 1.43832 0)
(-0.0202457 1.52646 0)
(-0.0325535 1.76081 0)
(-0.0453814 2.36232 0)
(-0.053585 2.89753 0)
(-0.0538291 3.07848 0)
(-0.0529955 3.09978 0)
(-0.0497739 2.93878 0)
(-0.0368927 2.42351 0)
(-0.0128292 1.45798 0)
(0.00119854 0.423242 0)
(-0.000314474 0.205483 0)
(-0.00142212 0.589211 0)
(-0.00411597 0.918823 0)
(-0.00810396 1.16322 0)
(-0.00845481 1.32109 0)
(-0.00950638 1.40209 0)
(-0.0107251 1.43339 0)
(-0.0146017 1.44173 0)
(-0.0133755 1.4425 0)
(-0.0228139 1.44275 0)
(-0.02181 1.52937 0)
(-0.0291698 1.77374 0)
(-0.0428816 2.37562 0)
(-0.051898 2.9062 0)
(-0.0568227 3.07893 0)
(-0.0547651 3.09268 0)
(-0.048259 2.9111 0)
(-0.0386643 2.35915 0)
(-0.0125314 1.37155 0)
(0.00179792 0.401778 0)
(-0.000353691 0.209349 0)
(-0.00192873 0.596637 0)
(-0.00430261 0.927994 0)
(-0.00741094 1.16864 0)
(-0.00863914 1.32252 0)
(-0.00882955 1.40375 0)
(-0.00945301 1.43771 0)
(-0.0154359 1.44653 0)
(-0.0152495 1.445 0)
(-0.0239603 1.44686 0)
(-0.0244289 1.53011 0)
(-0.0278815 1.78478 0)
(-0.050017 2.38625 0)
(-0.0563838 2.91282 0)
(-0.060613 3.0809 0)
(-0.0612873 3.08992 0)
(-0.055045 2.89512 0)
(-0.0406483 2.3213 0)
(-0.0134061 1.32058 0)
(0.00248984 0.390428 0)
(-0.000414617 0.212925 0)
(-0.00161664 0.603038 0)
(-0.00415577 0.933745 0)
(-0.00760148 1.17401 0)
(-0.00874703 1.32342 0)
(-0.00853786 1.40405 0)
(-0.00873752 1.43975 0)
(-0.0138197 1.44945 0)
(-0.0146646 1.44788 0)
(-0.0255225 1.4525 0)
(-0.0289199 1.52984 0)
(-0.0225531 1.79794 0)
(-0.0497668 2.40708 0)
(-0.0582284 2.9277 0)
(-0.0648003 3.0836 0)
(-0.0638047 3.08416 0)
(-0.057233 2.8621 0)
(-0.0423672 2.24356 0)
(-0.012793 1.21725 0)
(0.00286825 0.36889 0)
(-0.000397113 0.216669 0)
(-0.0026597 0.608901 0)
(-0.00485777 0.942123 0)
(-0.00686167 1.17998 0)
(-0.00773475 1.3245 0)
(-0.00766194 1.40467 0)
(-0.00649318 1.44363 0)
(-0.0134233 1.45664 0)
(-0.0172712 1.45367 0)
(-0.028672 1.45881 0)
(-0.0300727 1.52767 0)
(-0.0225703 1.80406 0)
(-0.0479851 2.41978 0)
(-0.0592155 2.9357 0)
(-0.0690858 3.08457 0)
(-0.0706347 3.08242 0)
(-0.0643171 2.84334 0)
(-0.0482732 2.19818 0)
(-0.00994166 1.16407 0)
(-0.000605937 0.361547 0)
(-0.000375023 0.224319 0)
(-0.00202138 0.620226 0)
(-0.00382541 0.947709 0)
(-0.0043451 1.18168 0)
(-0.0050627 1.3234 0)
(-0.00393104 1.40215 0)
(-0.00239116 1.44296 0)
(-0.0030007 1.46268 0)
(-0.00886169 1.46497 0)
(-0.0203805 1.46995 0)
(-0.0284884 1.53042 0)
(-0.0278943 1.8209 0)
(-0.0518205 2.45832 0)
(-0.0650605 2.95805 0)
(-0.0725477 3.09291 0)
(-0.0719922 3.07398 0)
(-0.0649724 2.78992 0)
(-0.0469972 2.07528 0)
(-0.0118072 1.03578 0)
(-0.00357413 0.321282 0)
(-0.240677 1.58131 1.26173e-22)
(0.397852 3.23902 2.31816e-20)
(0.0921308 3.46874 6.03377e-20)
(0.199566 3.43685 0)
(0.159781 3.39039 0)
(0.154203 3.34298 -3.89625e-19)
(0.156555 3.31672 4.09758e-19)
(0.129129 3.27256 -4.2642e-19)
(0.114523 3.17804 7.84009e-21)
(0.0988947 2.56762 5.82244e-19)
(-0.105052 2.33186 9.47956e-24)
(0.132705 3.29399 1.67757e-19)
(0.0108887 3.43973 0)
(0.0979863 3.39228 0)
(0.0739727 3.34597 1.15768e-20)
(0.0792632 3.30818 8.08027e-19)
(0.0751856 3.27626 -4.50478e-19)
(0.0512155 3.24054 -7.56887e-21)
(0.0509584 3.08257 7.22233e-21)
(0.000759611 2.0858 0)
(-0.027583 2.07743 1.86807e-19)
(0.086519 3.14341 -1.97097e-19)
(0.0252903 3.34706 0)
(0.0729762 3.32573 3.72026e-19)
(0.0527073 3.30346 -1.38213e-21)
(0.0537061 3.28163 -4.20059e-19)
(0.0463174 3.2666 -5.20637e-19)
(0.0310082 3.2456 -2.16659e-22)
(0.0410951 3.1189 7.45833e-21)
(-0.016683 2.21119 0)
(-0.040392 2.02132 -4.85656e-20)
(0.0282359 3.1198 0)
(-0.0133161 3.31 -1.96249e-19)
(0.0217003 3.30793 -1.61904e-19)
(0.016665 3.28437 1.46352e-20)
(0.0229018 3.2617 -2.71427e-19)
(0.0275563 3.24614 2.42257e-19)
(0.021721 3.2335 -8.67171e-21)
(0.0421747 3.12522 1.14754e-20)
(0.00730085 2.2502 2.97919e-19)
(-0.0526144 2.02565 -1.52474e-19)
(0.0138298 3.09079 0)
(-0.0073063 3.26736 4.23501e-19)
(0.011848 3.26241 -2.33852e-19)
(0.0143038 3.24848 -7.06712e-22)
(0.0172803 3.23764 -1.73628e-21)
(0.0214023 3.23338 -1.55124e-20)
(0.0220925 3.2241 -3.07819e-19)
(0.043083 3.1275 8.4624e-21)
(-0.00311742 2.31205 -6.23654e-19)
(-0.0499039 2.08593 0)
(-0.0100953 3.08643 -2.32587e-19)
(-0.0284109 3.24322 1.89766e-20)
(-0.0147666 3.2472 -1.61725e-20)
(-0.00538077 3.23246 1.65824e-20)
(0.00340992 3.21988 2.75399e-19)
(0.0159467 3.21114 2.88001e-19)
(0.0210607 3.20545 6.0528e-19)
(0.0427352 3.12399 3.35236e-19)
(0.0106206 2.35417 -1.66398e-20)
(-0.0511804 2.14093 0)
(-0.019786 3.08212 2.40574e-19)
(-0.0189642 3.21403 -2.52514e-19)
(-0.0114997 3.21285 -1.74609e-20)
(-0.000243 3.20252 3.61034e-20)
(0.00767587 3.19593 3.68152e-22)
(0.0164995 3.19551 -1.94141e-20)
(0.0219032 3.19098 -3.16298e-19)
(0.0423807 3.12148 -3.26348e-19)
(0.00384331 2.41973 -1.72536e-20)
(-0.0476994 2.22902 2.77094e-19)
(-0.0285927 3.0856 -1.28596e-20)
(-0.0320459 3.19404 8.88379e-21)
(-0.0236186 3.19553 0)
(-0.0133143 3.18562 0)
(-0.00132821 3.17791 0)
(0.0133704 3.17173 0)
(0.0206607 3.16935 3.52157e-19)
(0.0411545 3.11259 -3.63163e-19)
(0.0153785 2.46388 3.58807e-19)
(-0.0462858 2.30601 2.65207e-20)
(-0.0329793 3.08468 2.94336e-19)
(-0.021034 3.1696 0)
(-0.0146765 3.16542 -1.9858e-20)
(-0.00404788 3.15766 2.03093e-20)
(0.00529647 3.15323 0)
(0.0147805 3.15416 -1.10071e-20)
(0.0207405 3.15274 -3.41792e-19)
(0.0401782 3.10929 3.64253e-19)
(0.0104054 2.53303 0)
(-0.0437509 2.40399 1.59833e-20)
(-0.0358834 3.08621 -4.516e-19)
(-0.0300468 3.14977 0)
(-0.0225718 3.14691 0)
(-0.0136944 3.13914 2.17668e-20)
(-0.002162 3.13358 -1.83612e-19)
(0.0116809 3.12896 -2.29659e-20)
(0.0191666 3.12933 1.95655e-19)
(0.0385367 3.09614 0)
(0.0192521 2.58106 0)
(-0.0399449 2.49004 -4.77375e-19)
(-0.038632 3.08211 1.61815e-19)
(-0.0206452 3.12419 0)
(-0.0130221 3.11619 0)
(-0.00349423 3.10949 0)
(0.00555038 3.10657 3.78035e-19)
(0.0142945 3.10879 0)
(0.0201756 3.11059 -2.08736e-19)
(0.0378873 3.0905 1.28945e-20)
(0.0149357 2.65381 2.18321e-19)
(-0.0377625 2.58976 1.70204e-19)
(-0.0398779 3.07563 -1.65397e-20)
(-0.0296647 3.1012 1.98118e-19)
(-0.021142 3.09498 1.92541e-19)
(-0.0124614 3.0884 0)
(-0.000801679 3.08417 -1.94196e-19)
(0.0126016 3.08127 0)
(0.0210311 3.08451 0)
(0.0384877 3.07217 0)
(0.0223165 2.70643 -2.19334e-19)
(-0.0350708 2.67777 -1.79898e-19)
(-0.0430504 3.0621 1.85758e-19)
(-0.0235434 3.07198 -1.86755e-19)
(-0.0131042 3.0621 -2.94325e-19)
(-0.00282555 3.05694 0)
(0.00716757 3.0555 2.63187e-20)
(0.0167002 3.05881 -1.34354e-20)
(0.0248074 3.06308 1.00123e-19)
(0.0417209 3.06163 1.24319e-19)
(0.020818 2.78042 -1.27935e-19)
(-0.0345427 2.77314 1.84587e-19)
(-0.0462218 3.04523 -1.78052e-19)
(-0.0327957 3.04587 1.26825e-20)
(-0.020768 3.04036 7.4934e-20)
(-0.0110773 3.03626 -1.07488e-19)
(0.000300171 3.03377 0)
(0.0139283 3.03192 1.15514e-19)
(0.0256355 3.0356 4.95051e-21)
(0.0446039 3.0366 -2.40597e-19)
(0.0286938 2.83262 -6.55151e-21)
(-0.0294201 2.85479 -5.26318e-20)
(-0.0441091 3.02149 1.28761e-20)
(-0.0232043 3.01775 -6.68209e-20)
(-0.011207 3.01438 2.7367e-20)
(-0.00222073 3.01406 1.31031e-19)
(0.00628025 3.01344 -5.56631e-20)
(0.0143451 3.01434 -5.54372e-20)
(0.0233671 3.01699 -5.76137e-20)
(0.0418405 3.02183 1.23549e-19)
(0.0248082 2.90031 6.04395e-20)
(-0.0177036 2.94072 4.23109e-20)
(-0.026079 3.00083 1.87041e-20)
(-0.0161052 3.00087 3.68249e-20)
(-0.00933699 3.00159 -7.55126e-20)
(-0.00412824 3.00262 2.55121e-20)
(0.000683172 3.00215 5.18558e-20)
(0.00554649 3.00062 -5.41033e-20)
(0.0107222 2.99899 -5.65421e-20)
(0.0218022 2.99715 7.65025e-21)
(0.0165315 2.94915 5.42703e-20)
)
;

boundaryField
{
    wall-4
    {
        type            noSlip;
    }
    pressure-outlet-7
    {
        type            zeroGradient;
    }
    velocity-inlet-6
    {
        type            fixedValue;
        value           uniform (0 3 0);
    }
    velocity-inlet-5
    {
        type            fixedValue;
        value           uniform (1 0 0);
    }
    frontAndBackPlanes
    {
        type            empty;
    }
}


// ************************************************************************* //
