/*--------------------------------*- C++ -*----------------------------------*\
  =========                 |
  \\      /  F ield         | OpenFOAM: The Open Source CFD Toolbox
   \\    /   O peration     | Website:  https://openfoam.org
    \\  /    A nd           | Version:  9
     \\/     M anipulation  |
\*---------------------------------------------------------------------------*/
FoamFile
{
    format      ascii;
    class       volVectorField;
    location    "15";
    object      U;
}
// * * * * * * * * * * * * * * * * * * * * * * * * * * * * * * * * * * * * * //

dimensions      [0 1 -1 0 0 0 0];

internalField   nonuniform List<vector> 
2200
(
(0.878441 -0.030273 0)
(1.00564 -0.0512675 0)
(1.00303 -0.0352214 0)
(1.00011 -0.0242088 0)
(0.999529 -0.0163017 0)
(0.999632 -0.0103325 0)
(0.999925 -0.00646522 0)
(1.0002 -0.00390398 0)
(1.00024 -0.00210745 0)
(1.00014 -0.000680259 0)
(1.00008 0.000834693 0)
(1.00026 0.00233379 0)
(1.00022 0.00409713 0)
(0.999915 0.00661662 0)
(0.999614 0.0104212 0)
(0.999513 0.0163687 0)
(1.00011 0.0242627 0)
(1.00306 0.0352709 0)
(1.00565 0.0512799 0)
(0.878438 0.0302916 0)
(0.713164 -0.0327847 0)
(0.996871 -0.0626407 0)
(1.03399 -0.0559047 0)
(1.02555 -0.0462873 0)
(1.01667 -0.0360369 0)
(1.00993 -0.0261094 0)
(1.00559 -0.0181361 0)
(1.00318 -0.0117212 0)
(1.00201 -0.00636167 0)
(1.00195 -0.00183741 0)
(1.00186 0.00248322 0)
(1.00196 0.00687426 0)
(1.00307 0.0121352 0)
(1.00545 0.0184585 0)
(1.00982 0.0264424 0)
(1.01659 0.0363224 0)
(1.02546 0.0465183 0)
(1.03384 0.0560538 0)
(0.996754 0.0627856 0)
(0.713021 0.0328121 0)
(0.535948 -0.0238618 0)
(0.970646 -0.0565817 0)
(1.05568 -0.0540227 0)
(1.05157 -0.048198 0)
(1.03609 -0.0401417 0)
(1.0247 -0.0321897 0)
(1.01627 -0.0238434 0)
(1.01074 -0.0156683 0)
(1.00759 -0.00856439 0)
(1.0061 -0.00232364 0)
(1.0061 0.00325435 0)
(1.00747 0.00948038 0)
(1.01056 0.0164808 0)
(1.01615 0.0246501 0)
(1.02456 0.0328382 0)
(1.03593 0.0406788 0)
(1.05139 0.0486206 0)
(1.05547 0.0543838 0)
(0.970206 0.0567847 0)
(0.535315 0.0239258 0)
(0.395202 -0.0128836 0)
(0.913814 -0.0451546 0)
(1.05868 -0.045373 0)
(1.06889 -0.0419307 0)
(1.05374 -0.0357229 0)
(1.03882 -0.0297391 0)
(1.02731 -0.023444 0)
(1.01892 -0.0166463 0)
(1.01366 -0.00961395 0)
(1.01109 -0.00262805 0)
(1.01093 0.00407845 0)
(1.01336 0.0110225 0)
(1.01859 0.0179293 0)
(1.02686 0.0244608 0)
(1.03829 0.0306207 0)
(1.05317 0.0364275 0)
(1.06827 0.0424837 0)
(1.0579 0.0457745 0)
(0.912762 0.0453924 0)
(0.393997 0.0129462 0)
(0.315894 -0.00379163 0)
(0.853171 -0.0305223 0)
(1.05221 -0.0370991 0)
(1.08042 -0.0352485 0)
(1.06798 -0.0300194 0)
(1.05143 -0.0248525 0)
(1.03786 -0.0200273 0)
(1.02738 -0.0149548 0)
(1.02015 -0.00921959 0)
(1.01631 -0.00260232 0)
(1.0162 0.00458125 0)
(1.01985 0.0109423 0)
(1.0268 0.0164182 0)
(1.03715 0.0213541 0)
(1.05065 0.0259099 0)
(1.06715 0.030937 0)
(1.07951 0.0360191 0)
(1.05102 0.0376882 0)
(0.851394 0.0308292 0)
(0.314121 0.00385256 0)
(0.276078 0.000476504 0)
(0.798628 -0.0179123 0)
(1.03786 -0.0284074 0)
(1.08547 -0.028772 0)
(1.0777 -0.0251531 0)
(1.06069 -0.0203404 0)
(1.04739 -0.016011 0)
(1.0369 -0.0118235 0)
(1.02882 -0.00715457 0)
(1.02425 -0.00181422 0)
(1.02404 0.00447922 0)
(1.02826 0.00951632 0)
(1.03606 0.0139013 0)
(1.0464 0.0177855 0)
(1.05959 0.0219307 0)
(1.07658 0.0264649 0)
(1.08413 0.0298463 0)
(1.03588 0.0291992 0)
(0.795666 0.0182728 0)
(0.273614 -0.0003937 0)
(0.257323 0.00155776 0)
(0.754934 -0.00883049 0)
(1.01962 -0.0194216 0)
(1.08495 -0.0211826 0)
(1.08221 -0.0196255 0)
(1.06602 -0.0163219 0)
(1.0523 -0.0132086 0)
(1.04165 -0.00968834 0)
(1.03391 -0.00547337 0)
(1.02977 -0.000920161 0)
(1.02941 0.00430305 0)
(1.03298 0.00869612 0)
(1.04032 0.0126037 0)
(1.05071 0.0157173 0)
(1.06428 0.0182896 0)
(1.08027 0.0212199 0)
(1.08266 0.0223983 0)
(1.01647 0.0202388 0)
(0.750617 0.00919994 0)
(0.254071 -0.00144664 0)
(0.251884 0.00136414 0)
(0.726691 -0.00255914 0)
(1.00252 -0.0103349 0)
(1.08015 -0.0125921 0)
(1.08158 -0.013012 0)
(1.06662 -0.0120418 0)
(1.05296 -0.0107012 0)
(1.04267 -0.00804953 0)
(1.03546 -0.00442945 0)
(1.03168 -0.000139646 0)
(1.03123 0.00434996 0)
(1.0343 0.00836697 0)
(1.04098 0.0114818 0)
(1.0507 0.0133433 0)
(1.06416 0.0142807 0)
(1.07883 0.0148005 0)
(1.07686 0.0139582 0)
(0.998135 0.011236 0)
(0.72124 0.00296709 0)
(0.247651 -0.00124759 0)
(0.252621 0.000992635 0)
(0.713815 0.000428378 0)
(0.990091 -0.00389438 0)
(1.07413 -0.0062371 0)
(1.079 -0.007675 0)
(1.06618 -0.00836657 0)
(1.05346 -0.0081558 0)
(1.04406 -0.00635127 0)
(1.03727 -0.00345391 0)
(1.0335 0.000570134 0)
(1.03293 0.00464594 0)
(1.03578 0.00824441 0)
(1.04197 0.0105637 0)
(1.05081 0.0118333 0)
(1.06311 0.0113891 0)
(1.0754 0.0100471 0)
(1.06988 0.00807483 0)
(0.984463 0.00513759 0)
(0.706622 0.000175838 0)
(0.247499 -0.000816777 0)
(0.255538 0.000416074 0)
(0.709947 0.000719844 0)
(0.983164 -0.00147762 0)
(1.06978 -0.00377397 0)
(1.07729 -0.00539938 0)
(1.06713 -0.00642531 0)
(1.05643 -0.00626559 0)
(1.0479 -0.00481357 0)
(1.04153 -0.00233156 0)
(1.03761 0.00139747 0)
(1.03668 0.0051465 0)
(1.03909 0.00843781 0)
(1.04444 0.0103332 0)
(1.05237 0.0110509 0)
(1.06242 0.0103126 0)
(1.07222 0.00852373 0)
(1.06396 0.00616663 0)
(0.975659 0.00305694 0)
(0.700777 -1.38911e-05 0)
(0.248723 -0.000193746 0)
(0.256998 1.45301e-05 0)
(0.708992 0.000480126 0)
(0.979228 -0.000782814 0)
(1.06591 -0.00302857 0)
(1.07509 -0.0047229 0)
(1.06713 -0.00558984 0)
(1.05863 -0.00531401 0)
(1.05164 -0.00362297 0)
(1.04626 -0.00104587 0)
(1.04264 0.0026183 0)
(1.04142 0.00614048 0)
(1.04297 0.00912473 0)
(1.04678 0.0106402 0)
(1.05236 0.0110706 0)
(1.06105 0.010396 0)
(1.06833 0.00850733 0)
(1.058 0.00593135 0)
(0.968831 0.00274112 0)
(0.697087 0.000522992 0)
(0.24849 7.91795e-05 0)
(0.257992 0.000123337 0)
(0.70906 0.000614583 0)
(0.974914 5.04657e-05 0)
(1.06128 -0.00192851 0)
(1.07183 -0.00358485 0)
(1.0661 -0.00465024 0)
(1.05889 -0.00412825 0)
(1.05292 -0.00244256 0)
(1.04814 0.000242278 0)
(1.04472 0.00382675 0)
(1.04341 0.0072489 0)
(1.04431 0.0100011 0)
(1.04701 0.0111301 0)
(1.05185 0.0112826 0)
(1.05815 0.010381 0)
(1.06291 0.00813879 0)
(1.05094 0.00533684 0)
(0.962158 0.00227862 0)
(0.693392 0.000582874 0)
(0.24716 0.000121822 0)
(0.259663 0.000319341 0)
(0.709898 0.000909999 0)
(0.972364 0.00124747 0)
(1.05706 -9.09974e-05 0)
(1.06872 -0.00135008 0)
(1.06489 -0.00224108 0)
(1.05926 -0.00184004 0)
(1.0541 -0.000408942 0)
(1.04964 0.00203199 0)
(1.0461 0.00520775 0)
(1.04439 0.00831314 0)
(1.04479 0.0105289 0)
(1.0469 0.0113411 0)
(1.05042 0.0111757 0)
(1.05453 0.00978674 0)
(1.05718 0.00738236 0)
(1.04385 0.00456685 0)
(0.956028 0.00182928 0)
(0.690181 0.000509961 0)
(0.245873 0.000121966 0)
(0.26197 0.00030292 0)
(0.71211 0.00111358 0)
(0.972304 0.00192956 0)
(1.05483 0.00122706 0)
(1.06736 0.0005862 0)
(1.0651 0.000142668 0)
(1.06094 0.000766898 0)
(1.05667 0.00217708 0)
(1.05253 0.00444975 0)
(1.04879 0.0072168 0)
(1.04641 0.00983866 0)
(1.04597 0.0113249 0)
(1.04687 0.0117021 0)
(1.04911 0.0107959 0)
(1.05155 0.00913481 0)
(1.05237 0.00679504 0)
(1.03792 0.00424612 0)
(0.951065 0.00191874 0)
(0.687428 0.00071306 0)
(0.244581 0.000189425 0)
(0.264821 0.00030919 0)
(0.71608 0.00139132 0)
(0.973199 0.00234954 0)
(1.05445 0.00258919 0)
(1.06696 0.00251134 0)
(1.06579 0.00273437 0)
(1.06274 0.00360203 0)
(1.05919 0.00508378 0)
(1.05533 0.00721385 0)
(1.05138 0.00963184 0)
(1.04822 0.0116816 0)
(1.04668 0.0124807 0)
(1.04644 0.0122112 0)
(1.04733 0.0109562 0)
(1.04841 0.00915423 0)
(1.04796 0.00689965 0)
(1.03279 0.0045956 0)
(0.946428 0.00248177 0)
(0.683975 0.00110656 0)
(0.242537 0.000290557 0)
(0.267721 0.000360343 0)
(0.71982 0.00155045 0)
(0.975275 0.00282806 0)
(1.05547 0.00342541 0)
(1.06803 0.00408112 0)
(1.06725 0.00498527 0)
(1.06462 0.00644475 0)
(1.06132 0.00831353 0)
(1.05742 0.01055 0)
(1.05308 0.0127687 0)
(1.04918 0.0142182 0)
(1.04657 0.0143304 0)
(1.04543 0.013238 0)
(1.045 0.011665 0)
(1.04507 0.00947839 0)
(1.04369 0.00713974 0)
(1.02802 0.00490165 0)
(0.941869 0.00290795 0)
(0.679968 0.00137492 0)
(0.239883 0.000341091 0)
(0.271972 0.000531252 0)
(0.726101 0.00211901 0)
(0.979359 0.00405576 0)
(1.05763 0.00543523 0)
(1.07004 0.00667266 0)
(1.06953 0.00810042 0)
(1.06704 0.00985329 0)
(1.06365 0.011963 0)
(1.05935 0.0142571 0)
(1.05422 0.0163012 0)
(1.0492 0.0172175 0)
(1.04534 0.0166638 0)
(1.04308 0.0149912 0)
(1.04173 0.012915 0)
(1.04096 0.0105091 0)
(1.03896 0.00811851 0)
(1.02291 0.00583476 0)
(0.936536 0.00368553 0)
(0.674586 0.00173989 0)
(0.236398 0.000424693 0)
(0.276618 0.000673059 0)
(0.732166 0.00254714 0)
(0.984226 0.00488979 0)
(1.06152 0.00676035 0)
(1.07345 0.00882636 0)
(1.07277 0.0110929 0)
(1.07008 0.0137088 0)
(1.06633 0.0164197 0)
(1.06137 0.019035 0)
(1.05521 0.0210108 0)
(1.04891 0.021405 0)
(1.04387 0.0200763 0)
(1.04059 0.0177197 0)
(1.03844 0.0149048 0)
(1.03699 0.0119526 0)
(1.03439 0.00913429 0)
(1.01774 0.00652887 0)
(0.930676 0.0042037 0)
(0.66855 0.00204754 0)
(0.232407 0.000499853 0)
(0.28392 0.000895387 0)
(0.742652 0.00357279 0)
(0.99186 0.00681424 0)
(1.06695 0.00955791 0)
(1.07836 0.0120237 0)
(1.07746 0.0149435 0)
(1.07435 0.0180586 0)
(1.06988 0.0213931 0)
(1.06389 0.0244715 0)
(1.05627 0.0265348 0)
(1.04827 0.0265259 0)
(1.04173 0.0244264 0)
(1.03718 0.0213147 0)
(1.03403 0.017835 0)
(1.0318 0.0144698 0)
(1.02867 0.0113275 0)
(1.01157 0.00844233 0)
(0.923793 0.00560675 0)
(0.660843 0.00267681 0)
(0.227209 0.000635364 0)
(0.291757 0.00119068 0)
(0.753254 0.00422571 0)
(1.00049 0.00817372 0)
(1.07413 0.0116131 0)
(1.08478 0.0154161 0)
(1.08331 0.0194558 0)
(1.0794 0.0237279 0)
(1.07384 0.0279236 0)
(1.06634 0.0315363 0)
(1.05684 0.0336803 0)
(1.0468 0.0331689 0)
(1.0386 0.0301799 0)
(1.03282 0.0261322 0)
(1.02882 0.0217333 0)
(1.02602 0.0174594 0)
(1.02236 0.0135063 0)
(1.00427 0.00982598 0)
(0.9147 0.00646491 0)
(0.651021 0.00315104 0)
(0.220976 0.000768491 0)
(0.304128 0.00156503 0)
(0.769859 0.00614805 0)
(1.01307 0.0113937 0)
(1.08363 0.016045 0)
(1.09322 0.0202375 0)
(1.09089 0.0253118 0)
(1.08588 0.0305478 0)
(1.07882 0.035709 0)
(1.0694 0.04007 0)
(1.05757 0.0423405 0)
(1.04512 0.0412866 0)
(1.03493 0.0373036 0)
(1.02763 0.032098 0)
(1.0225 0.0266385 0)
(1.01888 0.0215007 0)
(1.01457 0.0168385 0)
(0.995835 0.012686 0)
(0.905155 0.00852473 0)
(0.640062 0.00408538 0)
(0.213283 0.000934631 0)
(0.318097 0.00218695 0)
(0.78903 0.00719821 0)
(1.02814 0.0139526 0)
(1.09594 0.0198033 0)
(1.10432 0.0261362 0)
(1.10062 0.0329762 0)
(1.09392 0.0396576 0)
(1.0846 0.0461309 0)
(1.07252 0.0511836 0)
(1.05765 0.0534665 0)
(1.04221 0.0516091 0)
(1.02964 0.046364 0)
(1.02061 0.0398403 0)
(1.01427 0.0330988 0)
(1.00978 0.0267054 0)
(1.0047 0.0207757 0)
(0.984316 0.0151417 0)
(0.890456 0.00995368 0)
(0.623916 0.0047534 0)
(0.203583 0.00113532 0)
(0.339508 0.00313156 0)
(0.815246 0.0113876 0)
(1.0484 0.0198978 0)
(1.11157 0.027628 0)
(1.11812 0.034837 0)
(1.11257 0.0432953 0)
(1.10345 0.0516148 0)
(1.09134 0.0591944 0)
(1.07595 0.0647598 0)
(1.05755 0.0667402 0)
(1.03879 0.0637607 0)
(1.02363 0.0569484 0)
(1.01275 0.0487451 0)
(1.00508 0.0404207 0)
(0.999583 0.0325563 0)
(0.993546 0.0255741 0)
(0.972048 0.0193623 0)
(0.876595 0.0130206 0)
(0.60835 0.00623052 0)
(0.192534 0.00136038 0)
(0.368556 0.00433306 0)
(0.852182 0.0135029 0)
(1.07466 0.0260232 0)
(1.13169 0.035709 0)
(1.13616 0.0468017 0)
(1.12726 0.0575965 0)
(1.11478 0.067682 0)
(1.09879 0.0763919 0)
(1.0793 0.0822882 0)
(1.05666 0.0835515 0)
(1.03397 0.0790345 0)
(1.01573 0.0703677 0)
(1.00254 0.0603837 0)
(0.993093 0.0503934 0)
(0.986254 0.0410154 0)
(0.97892 0.0320699 0)
(0.954611 0.0235206 0)
(0.853266 0.0154462 0)
(0.582001 0.00708319 0)
(0.177412 0.00153992 0)
(0.404382 0.00854932 0)
(0.895216 0.0236375 0)
(1.10884 0.0381632 0)
(1.15805 0.0513335 0)
(1.15771 0.0649666 0)
(1.14448 0.077585 0)
(1.12734 0.0891825 0)
(1.10643 0.0984193 0)
(1.08206 0.1037 0)
(1.05453 0.103514 0)
(1.02761 0.0968138 0)
(1.00617 0.0857498 0)
(0.990691 0.0735278 0)
(0.979513 0.0614101 0)
(0.971143 0.0499566 0)
(0.962208 0.0397186 0)
(0.935765 0.0300324 0)
(0.832863 0.020221 0)
(0.560584 0.00966257 0)
(0.163766 0.00168417 0)
(0.489789 0.012117 0)
(0.968602 0.0330791 0)
(1.15392 0.0574253 0)
(1.18995 0.0739863 0)
(1.18342 0.0914354 2.79101e-35)
(1.16357 0.10591 -3.01117e-35)
(1.14041 0.117952 0)
(1.11379 0.126399 0)
(1.08378 0.130115 0)
(1.05104 0.127566 0)
(1.0197 0.117941 0)
(0.994864 0.104125 0)
(0.976735 0.0896298 0)
(0.963384 0.0757502 0)
(0.953168 0.0627919 0)
(0.941922 0.0503879 0)
(0.910713 0.0384654 0)
(0.796092 0.0258654 0)
(0.51219 0.0109796 0)
(0.137133 0.00158601 0)
(0.552401 0.0275194 -1.20294e-20)
(1.05185 0.0580466 8.37049e-21)
(1.20421 0.0895616 0)
(1.2258 0.110079 -1.2664e-21)
(1.20962 0.13045 1.02595e-21)
(1.18249 0.144145 3.17688e-35)
(1.15281 0.154826 0)
(1.11973 0.161655 3.8643e-21)
(1.08346 0.163245 -1.42272e-20)
(1.04475 0.157795 3.21798e-21)
(1.00807 0.145105 0)
(0.978934 0.128555 -1.1205e-20)
(0.9573 0.111724 -1.41702e-20)
(0.940878 0.0955093 2.49581e-20)
(0.927685 0.0803997 -2.01429e-20)
(0.912735 0.0663715 0)
(0.874122 0.0514207 -7.84861e-21)
(0.747348 0.0352892 0)
(0.468777 0.0195431 -4.24175e-20)
(0.119994 0.00319014 5.04008e-20)
(0.574227 0.0540668 2.08048e-22)
(1.0974 0.103938 -5.84601e-20)
(1.24586 0.141971 1.37384e-20)
(1.25847 0.160094 2.4493e-20)
(1.23322 0.178563 3.01247e-21)
(1.19938 0.189779 -4.14526e-21)
(1.16286 0.198975 0)
(1.123 0.203999 0)
(1.0804 0.203271 2.20468e-20)
(1.03538 0.195257 0)
(0.992852 0.18 3.792e-20)
(0.958626 0.161261 1.2021e-20)
(0.932454 0.142959 3.96017e-22)
(0.911839 0.126046 -2.81058e-20)
(0.894601 0.110378 0)
(0.875791 0.0961445 0)
(0.836082 0.0819867 -1.33704e-19)
(0.71852 0.0641292 3.3705e-19)
(0.457525 0.0366646 -2.00375e-19)
(0.122449 0.0118018 -2.39525e-19)
(0.575226 0.0851984 9.251e-20)
(1.12423 0.163699 -2.73421e-20)
(1.27666 0.207228 -7.68654e-21)
(1.28483 0.220922 -4.60463e-20)
(1.2527 0.234731 1.35774e-20)
(1.21252 0.241978 1.66053e-20)
(1.16949 0.248243 -1.30354e-21)
(1.12354 0.25009 0)
(1.07506 0.246162 -4.50644e-20)
(1.0239 0.235121 5.37351e-20)
(0.975556 0.217133 -1.0388e-19)
(0.936337 0.196857 5.11117e-20)
(0.906225 0.178132 -3.88017e-20)
(0.882199 0.161458 8.45411e-20)
(0.86198 0.146929 0)
(0.841107 0.133173 -3.36676e-20)
(0.802557 0.119858 0)
(0.695342 0.0986686 1.94479e-19)
(0.456839 0.062754 -4.61755e-19)
(0.136303 0.020304 2.90195e-19)
(0.560305 0.115996 -4.23751e-19)
(1.13594 0.224789 1.69809e-19)
(1.2954 0.277169 2.74426e-20)
(1.30268 0.286178 0)
(1.26572 0.295595 2.71738e-20)
(1.22061 0.298675 -3.05394e-20)
(1.17237 0.300849 1.65113e-21)
(1.12137 0.298692 0)
(1.06754 0.291185 3.16481e-20)
(1.01105 0.276974 -3.66395e-20)
(0.958083 0.256491 9.11692e-20)
(0.915153 0.234593 0)
(0.8816 0.214951 -8.13859e-20)
(0.854807 0.198055 4.47418e-20)
(0.833115 0.183949 1.23085e-19)
(0.812349 0.170885 -1.08205e-19)
(0.77667 0.156509 1.80722e-19)
(0.680433 0.133379 -4.02654e-19)
(0.459982 0.0887192 2.56192e-19)
(0.145613 0.0298294 -3.22466e-19)
(0.540128 0.14068 2.56694e-19)
(1.13475 0.281008 -1.89012e-19)
(1.30432 0.345579 8.60298e-20)
(1.31239 0.351901 -1.21016e-19)
(1.27182 0.358078 8.38941e-20)
(1.22337 0.357029 -1.54485e-20)
(1.17135 0.354935 3.75351e-21)
(1.11622 0.348627 -1.47111e-20)
(1.05767 0.337439 -3.06633e-20)
(0.996379 0.319679 -7.82406e-20)
(0.938622 0.295893 -1.96559e-19)
(0.892024 0.272024 -6.74067e-20)
(0.857519 0.251825 2.8386e-21)
(0.830976 0.234334 -1.6149e-19)
(0.809165 0.219646 -6.25263e-21)
(0.789105 0.207397 1.58567e-19)
(0.756672 0.192033 -4.94932e-20)
(0.668786 0.167732 -2.91906e-20)
(0.458892 0.113427 0)
(0.149 0.0384606 6.88051e-19)
(0.519904 0.163458 0)
(1.12551 0.333341 5.75037e-20)
(1.30558 0.410176 4.03056e-20)
(1.31498 0.41565 -1.20692e-20)
(1.27186 0.419876 -9.98023e-20)
(1.22134 0.415031 2.64849e-20)
(1.16666 0.408985 -5.90627e-21)
(1.10827 0.398724 2.86262e-20)
(1.0461 0.383792 -1.89026e-20)
(0.981536 0.362215 3.32435e-20)
(0.921824 0.335467 1.05938e-19)
(0.87498 0.309349 1.49684e-19)
(0.838587 0.286895 -9.40571e-20)
(0.810026 0.268412 1.74994e-19)
(0.787926 0.252853 -1.40941e-19)
(0.768069 0.241311 0)
(0.737923 0.224702 -3.79671e-19)
(0.65505 0.199 5.10371e-19)
(0.453531 0.135174 3.8846e-20)
(0.147921 0.0457457 -7.24465e-19)
(0.502465 0.18454 -5.99211e-21)
(1.11391 0.383244 -3.90723e-19)
(1.30144 0.471505 -3.03172e-19)
(1.31217 0.476553 2.55429e-19)
(1.2672 0.47938 -6.10157e-20)
(1.21549 0.471285 3.61386e-20)
(1.15899 0.461843 -2.56923e-20)
(1.09815 0.448033 2.97722e-21)
(1.03332 0.429582 -6.21225e-20)
(0.965809 0.40443 1.11125e-21)
(0.902358 0.374054 -1.15122e-19)
(0.851508 0.344694 -1.58945e-19)
(0.81552 0.320933 1.06495e-19)
(0.788874 0.301261 -6.28484e-20)
(0.767012 0.285118 1.53501e-19)
(0.747397 0.272371 0)
(0.719522 0.255474 -2.35315e-19)
(0.63972 0.225849 3.48241e-19)
(0.443194 0.15453 6.6981e-19)
(0.144355 0.0512104 -7.84389e-19)
(0.487792 0.203738 -7.3806e-19)
(1.09964 0.430307 3.73144e-19)
(1.2936 0.530166 2.9339e-19)
(1.3055 0.534728 -2.76328e-19)
(1.25922 0.536058 1.11052e-20)
(1.20684 0.525071 9.2051e-20)
(1.14895 0.512811 7.42112e-21)
(1.0862 0.495949 -1.00636e-20)
(1.01914 0.474222 -3.98666e-20)
(0.948904 0.445326 7.24973e-20)
(0.883856 0.411212 1.0668e-19)
(0.834225 0.379694 2.4848e-19)
(0.795993 0.353065 0)
(0.766517 0.331742 5.3961e-21)
(0.744792 0.313393 -4.28296e-19)
(0.726067 0.300464 9.81646e-20)
(0.699468 0.282605 5.05251e-19)
(0.622745 0.249055 -1.47678e-19)
(0.430267 0.1703 3.18944e-19)
(0.139266 0.0557445 -2.60197e-20)
(0.477345 0.222213 6.70099e-21)
(1.08587 0.475149 3.4332e-19)
(1.28334 0.586195 2.21407e-19)
(1.29618 0.590136 -4.87313e-19)
(1.24887 0.589735 3.18621e-19)
(1.19605 0.576053 -1.10321e-19)
(1.137 0.561461 -1.14365e-20)
(1.07274 0.54199 1.32854e-20)
(1.00398 0.517225 6.62181e-20)
(0.931665 0.484993 -9.7146e-20)
(0.864082 0.448044 0)
(0.810209 0.411948 -9.92993e-20)
(0.772358 0.382887 1.14004e-19)
(0.745075 0.359587 1.55847e-19)
(0.723713 0.341583 -8.93016e-20)
(0.704763 0.325373 -2.27039e-19)
(0.678386 0.306032 -6.92529e-20)
(0.603265 0.269564 -1.25023e-21)
(0.415902 0.183378 0)
(0.133054 0.0594034 0)
(0.468596 0.239604 -3.6073e-19)
(1.07195 0.517201 0)
(1.27157 0.638907 2.52414e-19)
(1.28531 0.643048 -1.15266e-19)
(1.23729 0.640822 -3.33065e-19)
(1.18396 0.624403 9.14968e-20)
(1.12377 0.607653 -1.82348e-20)
(1.05811 0.585858 2.76135e-22)
(0.987658 0.558427 3.65139e-20)
(0.912639 0.52346 -4.30747e-20)
(0.84199 0.482012 5.95918e-20)
(0.788045 0.443834 3.08883e-19)
(0.749194 0.412156 1.32066e-20)
(0.720179 0.386142 -1.58333e-19)
(0.699287 0.36404 3.09016e-19)
(0.682638 0.348062 4.46695e-21)
(0.658934 0.328337 7.40925e-20)
(0.58578 0.287524 -3.62719e-19)
(0.400405 0.194297 3.68632e-19)
(0.126128 0.061813 -4.39113e-19)
(0.462657 0.259703 3.58613e-23)
(1.05933 0.557175 0)
(1.2589 0.688089 0)
(1.27317 0.693126 1.08658e-19)
(1.22468 0.689305 1.29143e-19)
(1.17095 0.670378 -7.93812e-20)
(1.10971 0.651564 6.33007e-20)
(1.04287 0.627668 0)
(0.970926 0.597986 -6.41564e-20)
(0.89392 0.560313 1.42571e-19)
(0.822284 0.516732 1.8532e-19)
(0.766906 0.474936 -1.17297e-19)
(0.727251 0.439338 -1.48544e-19)
(0.69984 0.411435 3.5209e-19)
(0.678839 0.389143 -1.09259e-19)
(0.659935 0.36923 -1.33155e-19)
(0.633669 0.345615 -8.18978e-20)
(0.561695 0.301864 -3.94136e-19)
(0.383657 0.202552 5.47138e-20)
(0.118099 0.0633098 4.77767e-19)
(0.459021 0.278708 -1.43684e-19)
(1.04754 0.594578 -2.26727e-19)
(1.2456 0.733794 2.38688e-20)
(1.26047 0.740139 2.58381e-22)
(1.21178 0.73522 4.59122e-20)
(1.15769 0.71411 -2.06015e-19)
(1.09555 0.693367 0)
(1.02768 0.667518 4.1708e-21)
(0.954459 0.635727 -3.28879e-21)
(0.875679 0.595819 2.19743e-19)
(0.801009 0.548937 -4.8109e-20)
(0.741875 0.502555 5.26293e-20)
(0.699936 0.46446 0)
(0.669224 0.432062 -1.92642e-19)
(0.650182 0.406402 2.41875e-19)
(0.636348 0.386267 0)
(0.614895 0.362202 -1.80199e-19)
(0.543885 0.315489 5.2625e-19)
(0.36597 0.208752 6.3103e-20)
(0.109548 0.0633979 -5.93212e-19)
(0.456598 0.295941 -3.18077e-19)
(1.03665 0.630006 4.06661e-19)
(1.23195 0.776434 0)
(1.24708 0.783962 2.68793e-19)
(1.19824 0.778195 0)
(1.14409 0.755429 1.96607e-19)
(1.08139 0.733048 0)
(1.01283 0.70547 0)
(0.938249 0.671866 -2.40045e-20)
(0.857051 0.630205 -2.1631e-19)
(0.779103 0.580588 -3.45265e-19)
(0.719853 0.532858 6.79814e-20)
(0.679593 0.491058 2.56794e-19)
(0.653378 0.457326 2.17994e-19)
(0.630775 0.429172 -7.76466e-19)
(0.6118 0.402818 -3.23091e-19)
(0.585778 0.377006 1.87542e-19)
(0.51625 0.323819 0)
(0.346922 0.212361 5.46801e-19)
(0.100058 0.0624076 -6.44969e-19)
(0.454585 0.311992 3.50406e-19)
(1.02572 0.662964 -4.46166e-19)
(1.2183 0.815998 0)
(1.23372 0.824759 -9.93893e-21)
(1.18479 0.818349 -1.11107e-19)
(1.13059 0.794222 0)
(1.06744 0.770524 -2.05131e-20)
(0.998178 0.741476 1.42263e-20)
(0.9222 0.706419 -2.19724e-20)
(0.839109 0.663145 1.84678e-20)
(0.759829 0.611251 0)
(0.696091 0.55924 2.68885e-19)
(0.648646 0.5129 3.68766e-21)
(0.614623 0.472828 1.18731e-19)
(0.597354 0.439338 1.43551e-19)
(0.585649 0.417879 0)
(0.56666 0.384646 -3.19565e-19)
(0.496367 0.331351 6.26487e-19)
(0.32731 0.21367 -6.69419e-19)
(0.0906235 0.0601025 1.40447e-18)
(0.452778 0.327274 0)
(1.01554 0.694649 0)
(1.20491 0.853079 -2.44594e-19)
(1.22025 0.862818 0)
(1.17109 0.855704 0)
(1.11698 0.830467 2.74891e-19)
(1.05353 0.805724 -2.47937e-20)
(0.983866 0.775522 1.6636e-20)
(0.906845 0.73933 2.40549e-21)
(0.821974 0.694986 0)
(0.73899 0.642132 -5.62301e-20)
(0.6719 0.588903 -2.23829e-19)
(0.626403 0.541158 -2.84243e-19)
(0.598693 0.497925 -1.19145e-19)
(0.576979 0.464662 1.5874e-19)
(0.559482 0.427031 -3.77779e-19)
(0.533735 0.396805 6.93312e-19)
(0.466638 0.335543 8.78449e-21)
(0.306349 0.212636 -6.48519e-19)
(0.0806494 0.0567265 -9.64237e-20)
(0.450954 0.342014 0)
(1.00554 0.724205 -3.46154e-19)
(1.19198 0.887599 2.72961e-19)
(1.20721 0.898416 0)
(1.15784 0.890669 0)
(1.10377 0.864343 -6.05247e-19)
(1.04005 0.838719 0)
(0.970041 0.807565 0)
(0.892019 0.770563 -2.40543e-20)
(0.8053 0.725413 4.17295e-20)
(0.719119 0.670777 -4.34158e-19)
(0.649519 0.613792 0)
(0.597376 0.560514 -3.08553e-19)
(0.557778 0.513598 1.18258e-20)
(0.537595 0.467663 -5.06772e-19)
(0.528096 0.437012 2.05139e-19)
(0.512541 0.396784 4.49448e-21)
(0.445981 0.334651 -7.45474e-19)
(0.286764 0.208692 3.53976e-19)
(0.0731833 0.0528718 1.03162e-19)
(0.449195 0.356058 0)
(0.996459 0.752618 -4.06736e-19)
(1.17949 0.920072 2.89925e-19)
(1.19433 0.931732 6.15655e-19)
(1.14475 0.923298 1.28054e-19)
(1.09083 0.896006 -9.07912e-20)
(1.02697 0.869663 5.80954e-20)
(0.956741 0.837691 -1.48224e-19)
(0.877834 0.800081 2.57311e-20)
(0.789466 0.754601 2.31587e-19)
(0.700954 0.699725 3.59907e-19)
(0.626827 0.642386 7.11118e-20)
(0.572528 0.587293 4.49193e-19)
(0.539476 0.535122 2.95273e-19)
(0.515462 0.489977 3.66411e-19)
(0.49794 0.443856 -2.30937e-19)
(0.476827 0.403398 -2.7601e-19)
(0.414177 0.331904 3.25344e-19)
(0.263274 0.201354 -1.93524e-19)
(0.0672894 0.0489399 3.38421e-19)
(0.447302 0.369405 5.37791e-19)
(0.987521 0.778869 6.45968e-19)
(1.16741 0.950307 1.58652e-19)
(1.18196 0.962908 1.59923e-20)
(1.1323 0.953892 -4.41305e-19)
(1.07855 0.925666 1.74845e-19)
(1.01453 0.898656 -6.58783e-20)
(0.944106 0.866011 -2.14089e-20)
(0.864342 0.828123 -6.08413e-21)
(0.774645 0.78243 -2.62497e-19)
(0.683068 0.727094 2.03799e-20)
(0.603844 0.668087 0)
(0.54413 0.611965 0)
(0.495262 0.55528 -1.49197e-19)
(0.468766 0.497461 -6.02382e-19)
(0.459045 0.450029 5.0137e-19)
(0.448217 0.38662 3.09382e-19)
(0.395595 0.312853 0)
(0.258249 0.179616 6.16709e-19)
(0.0616053 0.033318 -3.69189e-19)
(0.445406 0.381834 -2.8767e-19)
(0.979228 0.803905 2.46754e-19)
(1.15573 0.978681 -3.53827e-19)
(1.16985 0.991981 -3.8439e-19)
(1.12017 0.982368 -1.7275e-19)
(1.06669 0.953371 4.22248e-20)
(1.00267 0.92585 0)
(0.932172 0.89271 2.07245e-19)
(0.851843 0.854616 5.20696e-21)
(0.76046 0.809212 0)
(0.665894 0.754859 0)
(0.582731 0.697839 5.08642e-20)
(0.515687 0.638763 8.03619e-20)
(0.474969 0.577354 -1.60589e-19)
(0.441463 0.52285 4.36255e-19)
(0.41829 0.449006 -5.52074e-19)
(0.400397 0.386351 -6.68234e-19)
(0.365405 0.292942 5.96162e-19)
(0.27184 0.184156 -2.22873e-19)
(0.136059 0.102826 1.27316e-19)
(0.443151 0.393397 3.3164e-19)
(0.9709 0.826846 0)
(1.14437 1.00502 0)
(1.15826 1.01911 -1.30112e-19)
(1.10869 1.009 1.05297e-19)
(1.0555 0.979263 -2.07033e-20)
(0.991506 0.951302 -2.53262e-19)
(0.921037 0.917703 -2.94596e-19)
(0.84023 0.879583 -4.57801e-20)
(0.747909 0.834406 -2.18901e-20)
(0.651344 0.780167 5.58546e-20)
(0.564475 0.721781 -4.09453e-19)
(0.494856 0.663546 -4.62261e-19)
(0.428234 0.605256 -8.53864e-20)
(0.384289 0.530876 0)
(0.362893 0.464843 -1.36104e-20)
(0.351759 0.350886 3.6552e-19)
(0.321318 0.204087 -6.28285e-19)
(0.292999 0.0323095 4.62474e-19)
(0.09026 -0.0711347 3.67451e-19)
(0.440843 0.404339 -7.22266e-19)
(0.963031 0.848714 -3.08454e-19)
(1.13337 1.02979 5.65455e-21)
(1.1469 1.0445 1.63448e-19)
(1.0974 1.03394 0)
(1.04455 1.00371 5.0947e-19)
(0.980656 0.975492 3.18035e-19)
(0.910176 0.941658 -4.9366e-20)
(0.828837 0.903802 3.96784e-20)
(0.735082 0.859087 -2.01894e-20)
(0.634973 0.807144 1.87523e-20)
(0.543685 0.752845 3.62583e-19)
(0.462645 0.69486 4.52124e-19)
(0.408355 0.630142 8.19429e-20)
(0.358224 0.570038 4.58638e-19)
(0.30349 0.473689 0)
(0.213598 0.359543 0)
(0.0756385 0.336598 4.69016e-19)
(-0.0518969 0.634637 -3.24681e-20)
(-0.00270961 1.46755 -6.0975e-19)
(0.43815 0.41498 3.91381e-19)
(0.955214 0.868931 9.26412e-19)
(1.12262 1.05304 -1.39523e-18)
(1.13594 1.06857 8.46315e-19)
(1.08658 1.05773 -1.01424e-19)
(1.03398 1.02712 6.58806e-19)
(0.970162 0.998859 0)
(0.899784 0.965118 2.94818e-19)
(0.818079 0.927716 0)
(0.723505 0.884248 1.48998e-19)
(0.621932 0.834071 -3.24335e-20)
(0.526015 0.779962 3.63659e-20)
(0.446256 0.725494 4.95842e-19)
(0.357746 0.671105 -1.87038e-19)
(0.275173 0.59885 -2.42486e-19)
(0.206351 0.542173 0)
(0.113399 0.626969 0)
(0.0524374 1.19952 0)
(0.0854765 2.40019 -2.64139e-19)
(0.118258 2.88005 -1.63867e-19)
(0.435543 0.424835 0)
(0.94784 0.888124 0)
(1.11226 1.07492 4.98706e-19)
(1.12527 1.09112 -7.06059e-19)
(1.07596 1.08008 4.90106e-19)
(1.02369 1.04935 -6.04671e-19)
(0.960043 1.02122 -3.71334e-20)
(0.889764 0.987715 2.89129e-20)
(0.807859 0.951123 -1.67865e-21)
(0.712309 0.909262 -1.68042e-19)
(0.608008 0.861207 4.64691e-20)
(0.510898 0.812781 3.3391e-19)
(0.415738 0.764302 -4.87485e-19)
(0.343166 0.703955 -5.75911e-19)
(0.278387 0.663891 2.03357e-19)
(0.214523 0.777194 0)
(0.158748 1.45298 2.93338e-19)
(0.160454 2.65098 3.34599e-19)
(0.162139 3.07394 -3.74394e-19)
(0.15343 3.21673 4.21344e-19)
(0.432765 0.433652 0)
(0.940508 0.905704 7.50237e-19)
(1.10219 1.09543 -1.29416e-19)
(1.11506 1.11248 8.85445e-19)
(1.06591 1.10137 -5.14437e-19)
(1.01388 1.07054 0)
(0.95037 1.04266 0)
(0.880237 1.00958 0)
(0.798213 0.974157 -1.30288e-19)
(0.702072 0.933979 -3.66147e-21)
(0.596302 0.888581 0)
(0.490815 0.842856 -3.2406e-19)
(0.402856 0.798177 0)
(0.294178 0.763331 4.08621e-19)
(0.226183 0.839572 -2.63428e-19)
(0.180219 1.41698 -2.22139e-19)
(0.195353 2.64174 -5.50452e-19)
(0.214112 3.12356 -2.70077e-19)
(0.202577 3.27549 -2.93578e-19)
(0.187101 3.31769 2.64818e-19)
(0.430083 0.44185 -2.53214e-19)
(0.933565 0.922337 1.45703e-20)
(1.09256 1.11471 -1.39272e-19)
(1.10516 1.13248 -7.09521e-19)
(1.05605 1.12136 0)
(1.00435 1.0907 0)
(0.94105 1.06323 0)
(0.871183 1.03082 -2.04697e-20)
(0.789181 0.996529 1.54153e-19)
(0.692446 0.958471 0)
(0.585107 0.91672 0)
(0.485944 0.878164 0)
(0.381798 0.844945 0)
(0.319207 0.841307 2.62406e-19)
(0.292756 1.17143 6.89226e-19)
(0.294873 2.29587 2.164e-19)
(0.306222 3.07643 3.7939e-19)
(0.297311 3.29684 -2.22774e-19)
(0.244072 3.36804 8.2231e-20)
(0.209193 3.38142 0)
(0.427176 0.449478 2.56344e-19)
(0.926445 0.937955 -1.6152e-18)
(1.08298 1.13329 -4.57417e-19)
(1.09552 1.152 -1.12216e-19)
(1.0466 1.14098 1.31575e-19)
(0.995178 1.11041 -9.37427e-19)
(0.932111 1.08336 6.43885e-20)
(0.862514 1.05158 4.80352e-19)
(0.780704 1.01873 0)
(0.684309 0.9833 -9.27671e-21)
(0.576742 0.945973 8.43902e-21)
(0.464129 0.910081 0)
(0.377302 0.883853 0)
(0.333745 1.00228 -3.23454e-19)
(0.3181 1.79728 -1.35325e-20)
(0.311727 2.90612 -1.00083e-19)
(0.330011 3.29696 1.39114e-19)
(0.302152 3.40737 6.94963e-21)
(0.232638 3.43669 2.07933e-19)
(0.20535 3.44529 -1.05534e-19)
(0.423924 0.457139 4.93146e-19)
(0.919041 0.954153 1.5433e-18)
(1.07297 1.15231 5.63058e-19)
(1.08531 1.17169 0)
(1.03656 1.16071 0)
(0.985566 1.13034 7.18128e-19)
(0.922869 1.10372 -4.55034e-19)
(0.853781 1.07269 -4.40595e-19)
(0.772401 1.0412 -1.83995e-20)
(0.675765 1.00803 -5.94756e-20)
(0.567241 0.973965 -1.77968e-19)
(0.464322 0.943571 0)
(0.385454 0.958189 0)
(0.35853 1.3258 -1.68399e-19)
(0.379314 2.37923 -2.2167e-19)
(0.4236 3.19426 0)
(0.453531 3.39609 1.82433e-19)
(0.38273 3.46675 2.44047e-19)
(0.302715 3.51082 -5.87672e-19)
(0.275031 3.5371 3.31732e-19)
(0.41995 0.464794 -9.34895e-19)
(0.910555 0.9706 -7.33858e-19)
(1.06198 1.17216 0)
(1.07448 1.19242 0)
(1.02615 1.18142 0)
(0.97557 1.15099 0)
(0.913344 1.12461 4.86788e-19)
(0.844869 1.09418 -5.55166e-19)
(0.764185 1.06399 0)
(0.668734 1.03356 6.04921e-20)
(0.56228 1.00514 2.75737e-19)
(0.455366 0.983913 1.68173e-20)
(0.401035 1.05876 3.18747e-20)
(0.427789 1.67152 2.37682e-19)
(0.460909 2.84518 -3.46415e-20)
(0.496013 3.33382 0)
(0.478181 3.47386 -1.11819e-19)
(0.382725 3.5644 1.08987e-19)
(0.287256 3.64329 3.9234e-19)
(0.208266 3.62714 -3.5518e-19)
(0.415391 0.472724 4.42862e-19)
(0.901431 0.988344 -7.19702e-19)
(1.05006 1.19305 0)
(1.06248 1.21369 -1.80862e-19)
(1.01456 1.20253 6.89079e-19)
(0.964626 1.17208 0)
(0.903186 1.14592 0)
(0.835661 1.11597 1.0345e-18)
(0.755968 1.08709 2.18695e-20)
(0.66139 1.05884 -1.7719e-19)
(0.554307 1.03335 -1.04868e-19)
(0.461584 1.02666 1.0469e-19)
(0.427216 1.22403 0)
(0.468466 2.05778 -1.05052e-19)
(0.528741 3.11143 9.83385e-20)
(0.589467 3.44282 -7.5047e-20)
(0.586623 3.5587 0)
(0.505801 3.67363 -2.32576e-19)
(0.425249 3.72253 -8.44695e-19)
(0.337661 3.69487 -2.12935e-19)
(0.409817 0.480425 -8.57271e-19)
(0.890742 1.00599 1.02385e-18)
(1.03692 1.21471 7.62746e-19)
(1.04983 1.23608 -1.98047e-19)
(1.0026 1.22466 -1.05109e-18)
(0.953287 1.1939 0)
(0.892588 1.16766 4.14559e-19)
(0.826126 1.13821 -4.20895e-19)
(0.747771 1.11045 -4.39473e-20)
(0.654931 1.08461 1.51722e-19)
(0.550104 1.06577 4.65396e-21)
(0.468429 1.08039 -1.15709e-19)
(0.477702 1.38606 9.12572e-20)
(0.566213 2.43878 -3.57307e-20)
(0.637316 3.29259 1.76847e-19)
(0.695412 3.51615 -4.33573e-19)
(0.652427 3.5931 0)
(0.578339 3.61613 0)
(0.464602 3.59209 -9.55361e-19)
(0.203681 3.39731 1.91231e-18)
(0.403395 0.488279 4.06285e-19)
(0.879305 1.02533 9.85755e-19)
(1.02257 1.23758 -7.5015e-19)
(1.03576 1.25901 7.39512e-19)
(0.989199 1.24707 1.03706e-18)
(0.940832 1.21601 0)
(0.881534 1.18971 -4.51675e-19)
(0.816527 1.16039 -5.76586e-19)
(0.73985 1.13374 0)
(0.648852 1.11006 0)
(0.547533 1.09676 0)
(0.481732 1.14856 0)
(0.522817 1.62739 -8.80895e-20)
(0.625454 2.70912 8.99016e-20)
(0.713686 3.40292 0)
(0.765872 3.54284 2.59861e-19)
(0.76153 3.56073 0)
(0.823584 3.4286 4.04502e-19)
(0.919215 3.07952 -2.83725e-18)
(0.48136 2.74375 2.74972e-18)
(0.395612 0.495508 -7.91245e-19)
(0.865514 1.04379 -6.24686e-19)
(1.00671 1.26088 -4.81625e-19)
(1.02111 1.28318 -6.91676e-19)
(0.97539 1.27061 -4.91947e-19)
(0.928002 1.23893 0)
(0.86987 1.21215 -1.01463e-19)
(0.80657 1.183 4.49936e-20)
(0.732014 1.15732 3.23426e-19)
(0.644457 1.13593 0)
(0.548829 1.12844 -2.62625e-21)
(0.502146 1.2181 2.98123e-21)
(0.592369 1.79279 0)
(0.729001 2.97701 -8.84519e-20)
(0.826344 3.46648 0)
(0.869886 3.53345 -4.23214e-19)
(0.87028 3.46864 1.08558e-18)
(0.862911 3.11646 -3.97933e-19)
(0.607202 2.16149 6.06139e-19)
(-0.366417 0.598732 -1.50377e-18)
(0.386676 0.502903 -1.23299e-20)
(0.850687 1.06463 -3.06381e-19)
(0.989196 1.28596 6.70009e-19)
(1.00436 1.30819 -1.81962e-20)
(0.959372 1.29478 -1.29429e-19)
(0.913435 1.26263 0)
(0.857321 1.23562 4.53873e-19)
(0.795972 1.20656 4.76219e-19)
(0.723995 1.18179 -6.21907e-19)
(0.638979 1.16267 3.69854e-19)
(0.551411 1.16424 1.83791e-19)
(0.529358 1.31671 0)
(0.649579 2.05611 -1.36692e-19)
(0.798315 3.13913 1.26098e-19)
(0.889425 3.45379 2.5969e-19)
(0.905457 3.47367 0)
(0.844236 3.29513 -5.36974e-19)
(0.662305 2.56831 6.61632e-19)
(0.188671 0.895537 -7.8578e-19)
(-0.281584 -0.46783 -7.10457e-19)
(0.375431 0.509008 7.14785e-19)
(0.832179 1.0829 -2.93781e-19)
(0.969969 1.31095 4.44598e-19)
(0.98691 1.33451 3.51579e-19)
(0.942756 1.32039 2.49709e-19)
(0.898427 1.28744 6.62659e-19)
(0.844157 1.25991 -8.70406e-19)
(0.785257 1.23063 -5.71787e-19)
(0.716487 1.20673 6.5672e-19)
(0.634563 1.19058 7.63218e-20)
(0.558343 1.20142 4.66316e-20)
(0.570098 1.40471 1.29033e-19)
(0.735303 2.28505 -1.5947e-19)
(0.892051 3.25211 2.56115e-19)
(0.969588 3.44054 -3.89285e-19)
(0.958099 3.39426 3.90146e-19)
(0.822987 3.0172 -9.72219e-19)
(0.55033 1.92224 6.00374e-19)
(0.0888778 0.145768 0)
(-0.0995799 -0.214642 -1.11751e-18)
(0.362611 0.514847 0)
(0.812318 1.10379 -1.10291e-18)
(0.948907 1.33817 2.32888e-20)
(0.966562 1.36155 -6.17813e-19)
(0.923223 1.34636 0)
(0.881337 1.31282 -4.72958e-19)
(0.829559 1.28476 7.37146e-19)
(0.773554 1.25554 5.34888e-19)
(0.708331 1.2325 -6.74963e-19)
(0.631564 1.22016 -3.56161e-19)
(0.566623 1.24463 -2.20323e-19)
(0.608123 1.53239 3.83584e-20)
(0.803003 2.51849 1.81324e-19)
(0.948302 3.2911 1.83229e-19)
(1.00431 3.38439 -4.09316e-19)
(0.943422 3.23984 6.28714e-19)
(0.719578 2.60251 4.54938e-19)
(0.260557 0.909516 -5.37667e-19)
(-0.117924 -0.249817 0)
(-0.157485 -0.244696 0)
(0.347046 0.518448 -6.57523e-19)
(0.788481 1.12049 1.06727e-18)
(0.925693 1.36404 0)
(0.945054 1.38955 0)
(0.902965 1.37358 0)
(0.863668 1.33889 0)
(0.814572 1.31039 -3.12824e-19)
(0.761349 1.28085 -1.43558e-20)
(0.700854 1.25835 -7.95435e-20)
(0.630603 1.24842 -4.56579e-20)
(0.578606 1.28614 4.0183e-19)
(0.660007 1.63749 -1.61895e-19)
(0.886125 2.70617 0)
(1.02673 3.32483 4.7706e-20)
(1.06922 3.35456 6.71563e-19)
(0.956423 3.07915 -2.6294e-19)
(0.608848 2.09996 4.4103e-19)
(0.0862936 0.167263 2.59821e-19)
(-0.178271 -0.278987 -1.18057e-18)
(-0.0926966 -0.181383 -1.41715e-18)
(0.329996 0.521412 3.21154e-19)
(0.763624 1.14048 4.96688e-19)
(0.899843 1.39165 -9.88383e-21)
(0.919557 1.41777 2.95342e-19)
(0.879041 1.40054 0)
(0.843667 1.36518 7.49913e-19)
(0.797415 1.33572 -2.07509e-19)
(0.748944 1.30564 7.58033e-20)
(0.694315 1.28277 -2.85329e-20)
(0.631396 1.27528 -4.99821e-20)
(0.591717 1.33628 -2.57291e-19)
(0.710737 1.75728 1.86555e-19)
(0.958036 2.85039 2.19441e-19)
(1.07905 3.30996 1.61513e-19)
(1.08037 3.27585 -4.18285e-19)
(0.880383 2.79002 9.20192e-19)
(0.429051 1.46134 -5.48524e-19)
(-0.0645311 -0.152536 6.99725e-19)
(-0.218152 -0.274183 -2.04557e-18)
(-0.0805064 -0.176692 1.4708e-18)
(0.309755 0.520417 -3.00407e-19)
(0.733486 1.15365 0)
(0.870667 1.41618 -3.69631e-19)
(0.892271 1.44616 -5.60111e-19)
(0.854383 1.42831 0)
(0.822622 1.39133 -5.70286e-19)
(0.779466 1.36068 0)
(0.73465 1.33008 -4.32364e-19)
(0.68464 1.30766 2.42826e-19)
(0.628224 1.30533 -4.82814e-19)
(0.600192 1.38746 3.52904e-19)
(0.765442 1.87431 -6.34312e-20)
(1.03972 2.96258 -5.79917e-19)
(1.14084 3.31615 3.21969e-19)
(1.12171 3.22183 -4.12356e-19)
(0.855501 2.57992 -2.83979e-19)
(0.343619 0.895736 6.91536e-19)
(-0.108153 -0.24248 -8.23298e-19)
(-0.208186 -0.297099 -9.1229e-22)
(-0.0752486 -0.17052 -1.51576e-19)
(0.287909 0.517601 5.80648e-19)
(0.70155 1.16996 -4.55712e-19)
(0.83762 1.4417 3.71582e-19)
(0.860149 1.47332 2.65412e-19)
(0.825493 1.45482 2.44973e-20)
(0.798487 1.41699 3.00443e-19)
(0.758662 1.38525 0)
(0.71944 1.35465 -2.82764e-20)
(0.675913 1.33233 0)
(0.6293 1.33044 4.50995e-19)
(0.625153 1.43044 -3.24057e-19)
(0.820878 1.96395 3.17695e-20)
(1.11638 3.01513 5.20268e-19)
(1.20428 3.30024 3.7479e-19)
(1.11788 3.14411 -1.7641e-19)
(0.726496 2.27843 2.18782e-19)
(0.0688963 0.374671 -9.67117e-19)
(-0.220651 -0.170423 -5.66273e-19)
(-0.222892 -0.288395 -2.74611e-19)
(-0.0820871 -0.139869 1.1214e-18)
(0.262151 0.508337 4.15048e-21)
(0.662569 1.17591 2.25827e-19)
(0.79999 1.46254 0)
(0.825755 1.49955 4.9331e-19)
(0.79608 1.48144 -7.48631e-19)
(0.772421 1.44147 2.89745e-19)
(0.736525 1.40771 -2.09101e-19)
(0.704991 1.37653 3.71216e-19)
(0.671007 1.35154 -3.65534e-19)
(0.637283 1.34366 5.81494e-20)
(0.645161 1.46482 -3.78296e-19)
(0.877024 2.04931 -4.49748e-19)
(1.19051 3.04204 5.96462e-20)
(1.2707 3.28257 -6.73682e-19)
(1.13628 3.09281 -4.94833e-19)
(0.59577 2.01648 9.37958e-19)
(-0.172489 0.255173 -8.52153e-19)
(-0.483824 -0.256255 4.08771e-19)
(-0.437191 -0.458084 -4.64109e-20)
(-0.212861 -0.335419 -1.27505e-18)
(0.235174 0.496636 1.04816e-18)
(0.620763 1.18456 -2.18185e-19)
(0.757235 1.48318 -6.32513e-19)
(0.78626 1.52303 5.13167e-19)
(0.761136 1.5048 -3.37296e-19)
(0.741377 1.46311 5.43214e-19)
(0.712147 1.42807 3.63658e-19)
(0.687013 1.39506 0)
(0.65568 1.36938 4.24399e-19)
(0.635659 1.35945 -6.45489e-20)
(0.64199 1.51792 1.06324e-19)
(0.923617 2.08674 4.66096e-19)
(1.28443 3.04587 1.04207e-19)
(1.37869 3.25569 4.83941e-20)
(1.22929 3.04353 -1.01684e-18)
(0.692444 1.94481 -6.32654e-19)
(-0.13237 0.267605 1.40532e-18)
(-0.638403 -0.511685 6.36578e-19)
(-0.67088 -0.923321 1.5189e-19)
(-0.472631 -0.86399 1.703e-18)
(0.204514 0.476016 0)
(0.571365 1.178 2.02277e-19)
(0.709514 1.49629 -2.88985e-19)
(0.743255 1.54385 4.8742e-19)
(0.723369 1.52622 -6.71687e-19)
(0.708073 1.48209 2.70797e-19)
(0.68539 1.44646 0)
(0.66657 1.41252 0)
(0.638797 1.38931 0)
(0.622617 1.38192 1.15874e-19)
(0.615996 1.53942 -1.08688e-19)
(0.944989 2.06549 7.81287e-20)
(1.3537 3.00827 3.36874e-19)
(1.52195 3.1898 4.73988e-19)
(1.485 2.98807 -8.39523e-19)
(1.06068 2.04127 1.14963e-18)
(0.275044 0.513511 2.51889e-20)
(-0.409434 -0.563114 -1.96697e-18)
(-0.679814 -1.17468 1.81126e-19)
(-0.579093 -1.24094 0)
(0.173679 0.452767 9.36823e-19)
(0.518348 1.17282 -1.89165e-19)
(0.654447 1.50618 1.93567e-21)
(0.69263 1.55884 0)
(0.678786 1.54172 -3.1304e-19)
(0.670008 1.49653 1.58702e-20)
(0.655191 1.45975 0)
(0.64486 1.4276 1.13195e-19)
(0.630403 1.4048 -8.9311e-20)
(0.616218 1.40704 0)
(0.596049 1.52753 0)
(0.950401 2.00319 -2.00795e-19)
(1.42558 2.90906 -3.07187e-19)
(1.65487 3.05628 1.46753e-19)
(1.69533 2.83162 -1.3571e-19)
(1.47186 2.176 4.17725e-19)
(0.890577 0.997397 0)
(0.166177 -0.158323 -8.66766e-19)
(-0.354932 -1.15871 -1.1115e-18)
(-0.563412 -1.41462 2.53612e-18)
(0.140069 0.419303 7.66655e-19)
(0.457647 1.14715 -1.77017e-19)
(0.593455 1.50427 2.58403e-19)
(0.637148 1.56782 -6.38673e-19)
(0.630462 1.55216 0)
(0.628728 1.50547 0)
(0.624738 1.46476 0)
(0.623707 1.43421 1.07878e-19)
(0.624278 1.40904 -8.2656e-20)
(0.62956 1.42515 0)
(0.598663 1.50668 0)
(0.847027 1.89431 2.43743e-19)
(1.38991 2.80102 -7.86485e-20)
(1.61381 2.91481 2.0112e-19)
(1.65212 2.70402 1.20161e-19)
(1.46255 2.19331 0)
(1.07385 1.24515 4.00692e-20)
(0.480021 0.19668 -1.43354e-19)
(-0.0285049 -0.72415 -8.20966e-21)
(-0.260466 -1.02788 -1.00875e-19)
(0.109711 0.386436 -7.0516e-19)
(0.392873 1.12204 1.83679e-19)
(0.523151 1.49465 5.25881e-19)
(0.571956 1.56635 3.73469e-19)
(0.574001 1.55213 -3.00314e-19)
(0.581357 1.50445 -2.09292e-19)
(0.589998 1.46062 1.51444e-19)
(0.602 1.42968 0)
(0.618749 1.40431 0)
(0.658096 1.42132 0)
(0.662858 1.47862 -1.40676e-19)
(0.765227 1.75502 -1.86561e-19)
(1.21241 2.58546 3.78257e-20)
(1.45862 2.7334 -3.5977e-20)
(1.48536 2.58191 -1.05164e-19)
(1.37541 2.21969 0)
(1.11145 1.58429 -1.85279e-19)
(0.607556 0.68432 1.23929e-18)
(0.173495 -0.144541 -2.93962e-18)
(-0.0988631 -0.528068 1.68574e-18)
(0.0797373 0.342711 7.39352e-19)
(0.32399 1.07506 -6.07678e-19)
(0.446339 1.47017 0)
(0.500694 1.55383 1.7899e-19)
(0.51121 1.54236 1.30276e-19)
(0.527126 1.49154 2.91805e-19)
(0.549342 1.44531 -1.41576e-19)
(0.579139 1.40675 0)
(0.617154 1.37547 0)
(0.710984 1.36988 -2.70766e-19)
(0.778776 1.44651 3.1653e-20)
(0.753793 1.72055 9.00089e-20)
(0.998923 2.39491 4.8188e-20)
(1.2161 2.66134 -2.29191e-19)
(1.2006 2.60927 5.98449e-19)
(1.13833 2.37658 -1.05634e-18)
(0.967204 1.88469 8.6452e-19)
(0.595475 1.14789 0)
(0.279365 0.433915 7.02841e-20)
(0.0432778 0.00711001 -2.5425e-18)
(0.0545146 0.301366 7.52516e-19)
(0.255133 1.02891 0)
(0.362435 1.4327 0)
(0.418299 1.52488 0)
(0.436706 1.5165 1.099e-19)
(0.465387 1.46388 -2.76635e-19)
(0.49887 1.41075 -1.28733e-19)
(0.551944 1.35262 0)
(0.616581 1.28511 0)
(0.76223 1.29247 1.5905e-19)
(0.826556 1.45398 4.58902e-20)
(0.780413 1.75945 -3.40282e-20)
(0.825326 2.3587 -5.33859e-20)
(0.958487 2.7095 -1.67202e-19)
(0.932908 2.68539 2.95359e-19)
(0.898752 2.4866 -5.25973e-19)
(0.757562 2.15745 5.45795e-19)
(0.513613 1.60194 0)
(0.299752 0.922809 -6.56168e-20)
(0.106244 0.428625 -1.27235e-18)
(0.0331372 0.249875 -7.07874e-19)
(0.187809 0.966094 2.44365e-19)
(0.273192 1.38154 3.70778e-19)
(0.330449 1.48189 -2.02893e-20)
(0.354963 1.4755 -2.26549e-19)
(0.394444 1.41911 -1.55393e-19)
(0.436753 1.35245 3.60032e-19)
(0.512308 1.26582 -2.77687e-21)
(0.593878 1.1751 0)
(0.760686 1.20803 4.61096e-20)
(0.820904 1.46451 -2.23272e-20)
(0.830279 1.88879 7.49287e-20)
(0.710657 2.42621 0)
(0.784474 2.74868 5.54573e-20)
(0.728994 2.75764 0)
(0.651729 2.70618 1.04878e-19)
(0.519439 2.50913 6.27714e-20)
(0.374437 1.84379 0)
(0.252507 1.26538 0)
(0.105744 0.696713 -1.02858e-18)
(0.0163458 0.189979 5.69271e-19)
(0.131166 0.914997 -2.13467e-19)
(0.190232 1.32505 1.63147e-19)
(0.23942 1.42509 -2.56706e-19)
(0.264351 1.4179 1.00212e-19)
(0.307987 1.35589 -3.5093e-20)
(0.353836 1.27481 2.69358e-20)
(0.428408 1.16435 -4.01942e-20)
(0.494872 1.06932 -3.14972e-20)
(0.647498 1.12326 -6.3216e-20)
(0.70404 1.47926 -1.58323e-20)
(0.769325 2.09165 0)
(0.558979 2.58349 -2.10058e-20)
(0.547377 2.92905 0)
(0.413801 3.07034 0)
(0.324718 3.01259 0)
(0.269226 2.61185 3.90387e-19)
(0.227236 1.93605 -1.04815e-18)
(0.163047 1.49008 1.28456e-21)
(0.0680597 0.818691 7.43172e-19)
(-0.00268477 0.0946006 9.70625e-20)
(0.0803604 0.81802 8.98934e-20)
(0.115731 1.25488 -7.33207e-20)
(0.15179 1.36481 -5.36523e-20)
(0.169876 1.35848 4.33233e-20)
(0.204475 1.29796 3.28089e-20)
(0.234201 1.21347 2.50138e-20)
(0.275084 1.10353 0)
(0.279969 1.01447 -1.39961e-20)
(0.353984 1.08315 -1.51392e-20)
(0.288085 1.56206 7.08138e-20)
(0.38091 2.35501 0)
(0.107153 2.88708 5.38645e-21)
(0.0963486 3.19931 1.68236e-20)
(0.022266 3.28105 0)
(0.0376835 3.0429 0)
(0.0779546 2.49273 -2.00107e-20)
(0.0823066 1.98057 0)
(0.0574644 1.59169 -1.60255e-20)
(0.0189403 0.836293 0)
(-0.0103542 0.0311974 0)
(0.0331803 0.731705 0)
(0.0462663 1.19751 0)
(0.0690599 1.31904 0)
(0.078634 1.31749 -1.04162e-33)
(0.0957835 1.26769 8.25072e-34)
(0.100099 1.19408 0)
(0.0969257 1.10215 0)
(0.0466116 1.02398 0)
(0.0109273 1.10817 0)
(-0.146803 1.5996 0)
(-0.103036 2.50784 0)
(-0.302805 3.00885 0)
(-0.235037 3.22477 0)
(-0.214787 3.18651 0)
(-0.078958 2.88185 0)
(-0.013621 2.33819 0)
(0.0123878 1.98838 0)
(0.00210466 1.62344 0)
(-0.00767098 0.837284 0)
(-0.00805766 0.012214 0)
(0.00312199 0.679693 0)
(0.00357791 1.17144 0)
(0.00802492 1.30749 0)
(0.00252014 1.30983 0)
(0.00054142 1.27207 0)
(-0.0191069 1.21723 0)
(-0.0578453 1.1484 0)
(-0.144599 1.09089 0)
(-0.262586 1.1895 0)
(-0.449487 1.67429 0)
(-0.4185 2.5602 0)
(-0.50639 2.96405 0)
(-0.383913 3.11382 0)
(-0.281344 2.93904 0)
(-0.099203 2.63363 0)
(-0.0303629 2.21905 0)
(-0.0117022 1.96687 0)
(-0.0112618 1.63048 0)
(-0.00990838 0.81415 0)
(-0.0113535 0.0451904 0)
(-0.011338 0.69083 0)
(-0.0237957 1.18482 0)
(-0.0296103 1.32417 0)
(-0.0490651 1.3339 0)
(-0.0685462 1.3092 0)
(-0.10639 1.2739 0)
(-0.169139 1.22922 0)
(-0.277483 1.19848 0)
(-0.436542 1.30228 0)
(-0.615385 1.76934 0)
(-0.572218 2.54081 0)
(-0.56743 2.84807 0)
(-0.370167 2.92608 0)
(-0.242469 2.6649 0)
(-0.0780436 2.4169 0)
(-0.0300902 2.14188 0)
(-0.0199867 1.96058 0)
(-0.0167919 1.61866 0)
(-0.00998592 0.769569 0)
(-0.0105485 0.0986186 0)
(-0.021572 0.730581 0)
(-0.0375581 1.21791 0)
(-0.0513087 1.36047 0)
(-0.0801322 1.37885 0)
(-0.11025 1.36613 0)
(-0.158154 1.34917 0)
(-0.231763 1.32897 0)
(-0.345107 1.3237 0)
(-0.509068 1.42309 0)
(-0.656431 1.84064 0)
(-0.589952 2.47944 0)
(-0.509359 2.69641 0)
(-0.289183 2.6929 0)
(-0.168924 2.44833 0)
(-0.0566433 2.27088 0)
(-0.0279397 2.10163 0)
(-0.026436 1.95415 0)
(-0.0187617 1.59413 0)
(-0.0101307 0.717937 0)
(-0.00861649 0.157718 0)
(-0.0258593 0.788654 0)
(-0.0433184 1.25956 0)
(-0.0599329 1.40667 0)
(-0.0922194 1.43345 0)
(-0.127473 1.43111 0)
(-0.178193 1.42855 0)
(-0.251553 1.4284 0)
(-0.35738 1.44503 0)
(-0.500007 1.53766 0)
(-0.634437 1.86638 0)
(-0.529784 2.37793 0)
(-0.402023 2.51488 0)
(-0.210419 2.47458 0)
(-0.110977 2.29851 0)
(-0.045521 2.18356 0)
(-0.0279087 2.08049 0)
(-0.0279051 1.94435 0)
(-0.0195805 1.56303 0)
(-0.0093316 0.658969 0)
(-0.00642126 0.217321 0)
(-0.0258996 0.851323 0)
(-0.0440801 1.30775 0)
(-0.0606761 1.4587 0)
(-0.0915898 1.49144 0)
(-0.126617 1.49633 0)
(-0.175122 1.50336 0)
(-0.240772 1.51678 0)
(-0.330061 1.54817 0)
(-0.437774 1.63665 0)
(-0.549316 1.87481 0)
(-0.440246 2.25039 0)
(-0.302032 2.34481 0)
(-0.156955 2.30532 0)
(-0.0822094 2.19798 0)
(-0.0440442 2.12913 0)
(-0.0306018 2.06301 0)
(-0.0289501 1.93085 0)
(-0.0187063 1.52149 0)
(-0.00636856 0.607908 0)
(-0.00442475 0.271095 0)
(-0.0227023 0.913949 0)
(-0.0410424 1.35852 0)
(-0.0571328 1.51261 0)
(-0.0846261 1.54926 0)
(-0.116061 1.55821 0)
(-0.158517 1.56967 0)
(-0.212863 1.59023 0)
(-0.28266 1.62771 0)
(-0.359117 1.70915 0)
(-0.428251 1.8773 0)
(-0.35295 2.13679 0)
(-0.228871 2.20729 0)
(-0.127979 2.18381 0)
(-0.0730495 2.12706 0)
(-0.0471635 2.08857 0)
(-0.0338695 2.04202 0)
(-0.0289439 1.908 0)
(-0.0161774 1.47706 0)
(-0.00363983 0.568018 0)
(-0.00278165 0.314822 0)
(-0.0181271 0.970397 0)
(-0.0352264 1.4063 0)
(-0.0502438 1.56357 0)
(-0.0744622 1.60308 0)
(-0.101658 1.6143 0)
(-0.136812 1.62686 0)
(-0.179726 1.64897 0)
(-0.232134 1.68569 0)
(-0.285102 1.75539 0)
(-0.326601 1.8765 0)
(-0.276318 2.04936 0)
(-0.180272 2.10424 0)
(-0.111542 2.09771 0)
(-0.0702263 2.07285 0)
(-0.0490269 2.05304 0)
(-0.0348765 2.01687 0)
(-0.0270018 1.87877 0)
(-0.013231 1.43357 0)
(-0.00196539 0.537425 0)
(-0.00154846 0.347883 0)
(-0.0136124 1.01822 0)
(-0.0285793 1.44838 0)
(-0.0418412 1.60826 0)
(-0.0630039 1.64982 0)
(-0.0862025 1.6624 0)
(-0.114686 1.6747 0)
(-0.148116 1.6952 0)
(-0.186524 1.72767 0)
(-0.222996 1.78449 0)
(-0.246607 1.87323 0)
(-0.21324 1.9874 0)
(-0.14578 2.03053 0)
(-0.0981669 2.03557 0)
(-0.0662452 2.02859 0)
(-0.0470779 2.01949 0)
(-0.0326635 1.98887 0)
(-0.0233486 1.84736 0)
(-0.0103053 1.39375 0)
(-0.000945384 0.514527 0)
(-0.00077863 0.371371 0)
(-0.00975493 1.05732 0)
(-0.0225348 1.48486 0)
(-0.0338094 1.64635 0)
(-0.0517175 1.68902 0)
(-0.0712232 1.70211 0)
(-0.0943145 1.71348 0)
(-0.120589 1.73154 0)
(-0.148465 1.75899 0)
(-0.173771 1.80404 0)
(-0.18646 1.86965 0)
(-0.163633 1.94578 0)
(-0.118366 1.97961 0)
(-0.0844929 1.99018 0)
(-0.0595165 1.99189 0)
(-0.0421976 1.98837 0)
(-0.0286079 1.96064 0)
(-0.0192328 1.81712 0)
(-0.00774233 1.35934 0)
(-0.000424274 0.497824 0)
(-0.000463615 0.387648 0)
(-0.00703612 1.08888 0)
(-0.0179645 1.51627 0)
(-0.0274542 1.67849 0)
(-0.0419725 1.72135 0)
(-0.0577972 1.73392 0)
(-0.076367 1.74363 0)
(-0.0971735 1.75934 0)
(-0.117637 1.78218 0)
(-0.135573 1.81759 0)
(-0.142051 1.86651 0)
(-0.125761 1.91844 0)
(-0.0954995 1.94478 0)
(-0.0707692 1.9567 0)
(-0.0511836 1.96174 0)
(-0.0362535 1.96071 0)
(-0.0243004 1.93449 0)
(-0.0156645 1.79012 0)
(-0.00587495 1.33084 0)
(-0.000274264 0.485563 0)
(-0.000453988 0.399772 0)
(-0.00562908 1.1148 0)
(-0.0151127 1.54259 0)
(-0.0232505 1.70444 0)
(-0.0346088 1.74687 0)
(-0.0468935 1.75823 0)
(-0.0613438 1.76592 0)
(-0.0775227 1.77924 0)
(-0.0928105 1.79804 0)
(-0.105882 1.82617 0)
(-0.109111 1.86319 0)
(-0.0970632 1.89986 0)
(-0.076398 1.92038 0)
(-0.0580435 1.9316 0)
(-0.0427523 1.93733 0)
(-0.0304339 1.93723 0)
(-0.0203995 1.91188 0)
(-0.0128398 1.76725 0)
(-0.00465172 1.30768 0)
(-0.000270128 0.476064 0)
(-0.000453145 0.40992 0)
(-0.00487178 1.13676 0)
(-0.0131616 1.56463 0)
(-0.0202878 1.72505 0)
(-0.0290158 1.76675 0)
(-0.0384985 1.77682 0)
(-0.0493963 1.7828 0)
(-0.0615836 1.79361 0)
(-0.0729491 1.80873 0)
(-0.0825369 1.83118 0)
(-0.0842024 1.85964 0)
(-0.0751769 1.88642 0)
(-0.0606589 1.90247 0)
(-0.0469437 1.91223 0)
(-0.0350347 1.9176 0)
(-0.0250818 1.91771 0)
(-0.0168553 1.89294 0)
(-0.0104392 1.74826 0)
(-0.00372485 1.28892 0)
(-0.000247726 0.468364 0)
(-0.000326356 0.418614 0)
(-0.00400653 1.15569 0)
(-0.0111943 1.58371 0)
(-0.0175295 1.74183 0)
(-0.0241401 1.78237 0)
(-0.031729 1.79129 0)
(-0.0398763 1.79627 0)
(-0.0490239 1.80485 0)
(-0.0573274 1.81684 0)
(-0.0642325 1.83453 0)
(-0.0650871 1.85642 0)
(-0.0583286 1.87638 0)
(-0.0478997 1.88893 0)
(-0.0375757 1.89708 0)
(-0.0282753 1.90181 0)
(-0.0202349 1.9018 0)
(-0.0135986 1.87733 0)
(-0.00826241 1.7327 0)
(-0.00288361 1.2739 0)
(-0.000182131 0.462217 0)
(-0.000170255 0.425413 0)
(-0.0029476 1.17149 0)
(-0.00902132 1.60064 0)
(-0.0147272 1.75603 0)
(-0.0196185 1.79485 0)
(-0.0259385 1.80268 0)
(-0.0319916 1.80707 0)
(-0.0391442 1.81392 0)
(-0.0452449 1.82354 0)
(-0.0501963 1.83737 0)
(-0.0505319 1.85408 0)
(-0.0454042 1.869 0)
(-0.0377054 1.87874 0)
(-0.0298179 1.88534 0)
(-0.0225587 1.88929 0)
(-0.0160516 1.88897 0)
(-0.0107855 1.86456 0)
(-0.00639603 1.72006 0)
(-0.0021641 1.26208 0)
(-0.000123015 0.457509 0)
(-9.25839e-05 0.430288 0)
(-0.00205183 1.18411 0)
(-0.00703988 1.6154 0)
(-0.0121894 1.76794 0)
(-0.0156878 1.80458 0)
(-0.0210264 1.81137 0)
(-0.0253614 1.81519 0)
(-0.0311987 1.82071 0)
(-0.0357485 1.8286 0)
(-0.0394435 1.83957 0)
(-0.0394541 1.85242 0)
(-0.0354991 1.86364 0)
(-0.0296602 1.87119 0)
(-0.0235398 1.87639 0)
(-0.0178897 1.87954 0)
(-0.0126314 1.87882 0)
(-0.00849868 1.85434 0)
(-0.00491364 1.71002 0)
(-0.00162131 1.25299 0)
(-9.04012e-05 0.454 0)
(-7.927e-05 0.433723 0)
(-0.00146815 1.19381 0)
(-0.00546516 1.62785 0)
(-0.0100591 1.77776 0)
(-0.0125286 1.81206 0)
(-0.0170644 1.81801 0)
(-0.0200404 1.8212 0)
(-0.0248862 1.82565 0)
(-0.0282621 1.8321 0)
(-0.0311305 1.84091 0)
(-0.0309512 1.85095 0)
(-0.0278652 1.85953 0)
(-0.0233486 1.86538 0)
(-0.0185458 1.86943 0)
(-0.0141576 1.87185 0)
(-0.00992637 1.87074 0)
(-0.00669607 1.84615 0)
(-0.0037931 1.70205 0)
(-0.00123781 1.24599 0)
(-7.33703e-05 0.451341 0)
(-7.0128e-05 0.436259 0)
(-0.00107672 1.20115 0)
(-0.00419989 1.63811 0)
(-0.00816856 1.78579 0)
(-0.00992483 1.81788 0)
(-0.0137616 1.82321 0)
(-0.0157707 1.82584 0)
(-0.0197832 1.82946 0)
(-0.0222225 1.83467 0)
(-0.0244757 1.84176 0)
(-0.0241773 1.84967 0)
(-0.0217695 1.85629 0)
(-0.0182678 1.86084 0)
(-0.0145096 1.86396 0)
(-0.0111178 1.86577 0)
(-0.00775095 1.86436 0)
(-0.00524226 1.83969 0)
(-0.00293389 1.69582 0)
(-0.000951243 1.24061 0)
(-5.73909e-05 0.449302 0)
(-5.45786e-05 0.438158 0)
(-0.00077833 1.20673 0)
(-0.00317951 1.64646 0)
(-0.00651963 1.79241 0)
(-0.00785991 1.82254 0)
(-0.0110902 1.82743 0)
(-0.0125213 1.82956 0)
(-0.01585 1.8326 0)
(-0.0176134 1.83675 0)
(-0.0193863 1.84241 0)
(-0.0189958 1.84859 0)
(-0.0170929 1.85371 0)
(-0.0143459 1.85723 0)
(-0.011378 1.85965 0)
(-0.0087257 1.86099 0)
(-0.00605238 1.85934 0)
(-0.00408788 1.83462 0)
(-0.00226863 1.69091 0)
(-0.000724467 1.23643 0)
(-4.1888e-05 0.447729 0)
(-3.54596e-05 0.439519 0)
(-0.000541404 1.21082 0)
(-0.00233356 1.65313 0)
(-0.00501516 1.79785 0)
(-0.00608345 1.82638 0)
(-0.00871656 1.83086 0)
(-0.00979155 1.83256 0)
(-0.0125051 1.83512 0)
(-0.0138047 1.83838 0)
(-0.0151861 1.84289 0)
(-0.0147521 1.84771 0)
(-0.013235 1.85166 0)
(-0.0110744 1.85438 0)
(-0.00874545 1.85624 0)
(-0.00669236 1.8572 0)
(-0.00462074 1.85538 0)
(-0.0031083 1.83063 0)
(-0.00171891 1.6871 0)
(-0.000536853 1.23326 0)
(-2.64637e-05 0.446559 0)
(-2.50981e-05 0.440492 0)
(-0.000382155 1.21386 0)
(-0.00174288 1.65821 0)
(-0.00386968 1.80209 0)
(-0.00480811 1.8294 0)
(-0.0069351 1.83353 0)
(-0.00784384 1.83488 0)
(-0.0100306 1.83705 0)
(-0.0110343 1.83963 0)
(-0.0121112 1.84325 0)
(-0.0116792 1.84701 0)
(-0.0104527 1.8501 0)
(-0.00872941 1.85222 0)
(-0.00688184 1.85365 0)
(-0.0052537 1.85434 0)
(-0.00362696 1.85239 0)
(-0.00243091 1.82764 0)
(-0.00134826 1.68418 0)
(-0.000410273 1.2308 0)
(-1.92855e-05 0.445669 0)
(-1.88114e-05 0.441165 0)
(-0.000265156 1.21608 0)
(-0.00124857 1.66226 0)
(-0.00283864 1.80568 0)
(-0.00363224 1.83209 0)
(-0.00525714 1.83583 0)
(-0.00601195 1.83687 0)
(-0.00769673 1.83862 0)
(-0.00848441 1.8406 0)
(-0.00931149 1.84346 0)
(-0.00893288 1.84637 0)
(-0.00796203 1.84877 0)
(-0.006611 1.8504 0)
(-0.0051867 1.85149 0)
(-0.00394063 1.85197 0)
(-0.00271493 1.84992 0)
(-0.00180625 1.82519 0)
(-0.00100423 1.68184 0)
(-0.00030006 1.22891 0)
(-1.33061e-05 0.445017 0)
(-1.34048e-05 0.441665 0)
(-0.000207993 1.21764 0)
(-0.00097769 1.66497 0)
(-0.00220064 1.80808 0)
(-0.00292976 1.83392 0)
(-0.00421466 1.83739 0)
(-0.00492434 1.83825 0)
(-0.00625535 1.8397 0)
(-0.00690748 1.84127 0)
(-0.00754348 1.84359 0)
(-0.00721011 1.84591 0)
(-0.00642515 1.84783 0)
(-0.00533069 1.84914 0)
(-0.00417871 1.85002 0)
(-0.00316501 1.85038 0)
(-0.00218598 1.84827 0)
(-0.00144741 1.82356 0)
(-0.000809289 1.68023 0)
(-0.000235195 1.22754 0)
(-8.56455e-06 0.44452 0)
(-1.18087e-05 0.44205 0)
(-0.000140789 1.21901 0)
(-0.000683551 1.66752 0)
(-0.0015459 1.81053 0)
(-0.0021324 1.83592 0)
(-0.00305409 1.83907 0)
(-0.00362986 1.83972 0)
(-0.00458439 1.84081 0)
(-0.00509936 1.84196 0)
(-0.00555955 1.84371 0)
(-0.00530421 1.84545 0)
(-0.00470454 1.8469 0)
(-0.00388953 1.84788 0)
(-0.00304702 1.84852 0)
(-0.00230137 1.84875 0)
(-0.00158954 1.84657 0)
(-0.00104241 1.82189 0)
(-0.000580753 1.67863 0)
(-0.000164478 1.22629 0)
(-6.5521e-06 0.44413 0)
(-1.22528e-05 0.442289 0)
(-0.000123887 1.21965 0)
(-0.000574613 1.66866 0)
(-0.00126594 1.81161 0)
(-0.00181017 1.8368 0)
(-0.00257156 1.8398 0)
(-0.0031274 1.84038 0)
(-0.00391818 1.84129 0)
(-0.00438003 1.84229 0)
(-0.00475413 1.84376 0)
(-0.00454178 1.84523 0)
(-0.00403886 1.84647 0)
(-0.00333663 1.84731 0)
(-0.00261263 1.84786 0)
(-0.00196544 1.84804 0)
(-0.00136018 1.84585 0)
(-0.000889431 1.82118 0)
(-0.000499807 1.67794 0)
(-0.000143783 1.2257 0)
(-8.2193e-06 0.443889 0)
(-1.01807e-05 0.442645 0)
(-9.07573e-05 1.22077 0)
(-0.000390115 1.67062 0)
(-0.000827541 1.81355 0)
(-0.00121277 1.83848 0)
(-0.00169263 1.8412 0)
(-0.00208739 1.84161 0)
(-0.00257893 1.8422 0)
(-0.00290154 1.84285 0)
(-0.00313341 1.84385 0)
(-0.00300009 1.84486 0)
(-0.00266879 1.84571 0)
(-0.00221453 1.84627 0)
(-0.00174807 1.84664 0)
(-0.00132302 1.84672 0)
(-0.000926562 1.84446 0)
(-0.000605164 1.81981 0)
(-0.000341218 1.67661 0)
(-0.000100267 1.22464 0)
(-6.68262e-06 0.443534 0)
(-0.289311 1.71336 1.9543e-22)
(0.428848 3.28545 -2.1937e-19)
(0.103359 3.50496 3.26314e-19)
(0.219273 3.46298 0)
(0.187583 3.40623 0)
(0.181749 3.35274 -1.59549e-19)
(0.184164 3.32617 2.20959e-19)
(0.155878 3.2718 -2.33541e-19)
(0.131819 3.16127 4.8694e-21)
(0.127445 2.56801 3.90618e-19)
(-0.100802 2.4286 6.7422e-23)
(0.155423 3.34008 1.81103e-19)
(0.0198184 3.45896 0)
(0.114724 3.40554 0)
(0.0906514 3.35653 4.73686e-21)
(0.0964965 3.31353 3.69772e-19)
(0.0912932 3.27401 -2.31015e-19)
(0.0644415 3.23372 -4.62808e-21)
(0.0596389 3.06952 4.41356e-21)
(0.00371203 2.07153 0)
(-0.0259055 2.12531 -2.19215e-20)
(0.0992446 3.16989 2.39611e-20)
(0.0402979 3.3635 0)
(0.0875757 3.3373 1.63144e-19)
(0.0660531 3.30759 -1.58732e-21)
(0.0666829 3.28298 -2.08236e-19)
(0.0549824 3.26709 -3.02925e-19)
(0.0388182 3.24227 -2.63959e-22)
(0.0454024 3.11274 4.59305e-21)
(-0.0156819 2.20459 0)
(-0.0381143 2.05701 6.26697e-20)
(0.0342504 3.14003 0)
(-0.00641818 3.32058 -8.88981e-20)
(0.0313689 3.31143 -5.16921e-20)
(0.0237261 3.28838 8.02331e-21)
(0.0306087 3.26314 -1.57964e-19)
(0.0340683 3.24403 1.35035e-19)
(0.0261571 3.23137 -5.28172e-21)
(0.04505 3.12109 7.16667e-21)
(0.00857047 2.24585 1.88328e-19)
(-0.0439604 2.04755 -4.2635e-20)
(0.0204231 3.10157 0)
(-0.00131639 3.27374 2.11223e-19)
(0.0208066 3.26474 -1.23124e-19)
(0.0184522 3.24966 -7.57034e-22)
(0.0225659 3.23702 -8.72e-21)
(0.0237842 3.23337 -1.53122e-20)
(0.0242356 3.22233 -1.95276e-19)
(0.044819 3.12451 5.31624e-21)
(-0.00312583 2.30946 -3.99332e-19)
(-0.0523615 2.09192 0)
(-0.00604422 3.09212 -1.35178e-19)
(-0.0258748 3.24813 2.36685e-20)
(-0.0100887 3.24918 -9.71352e-21)
(-0.00183626 3.23385 1.00124e-20)
(0.00584619 3.22053 1.68796e-19)
(0.0189962 3.20958 1.80194e-19)
(0.022755 3.2046 3.89487e-19)
(0.0431159 3.12307 2.20142e-19)
(0.0112531 2.35275 -1.61702e-20)
(-0.0474438 2.15306 0)
(-0.0171045 3.08686 1.3969e-19)
(-0.0168868 3.21605 -1.49501e-19)
(-0.00929197 3.21355 -1.10474e-20)
(0.00163168 3.20273 2.30184e-20)
(0.00948311 3.19532 3.90845e-22)
(0.016766 3.19591 -1.2635e-20)
(0.0224023 3.19017 -2.06227e-19)
(0.0431564 3.11999 -2.14552e-19)
(0.00366884 2.41878 -1.69589e-20)
(-0.0503283 2.22696 1.77424e-19)
(-0.0273704 3.08625 -8.2163e-21)
(-0.031094 3.19549 5.70284e-21)
(-0.0225662 3.19667 0)
(-0.0120675 3.18628 0)
(-0.000816173 3.17858 0)
(0.0148527 3.17088 0)
(0.021445 3.16926 2.4138e-19)
(0.0411408 3.1127 -2.50424e-19)
(0.0158316 2.4636 2.43932e-19)
(-0.0440849 2.31359 2.56087e-20)
(-0.0322872 3.08773 2.01692e-19)
(-0.0198766 3.17015 0)
(-0.0141496 3.1658 -1.34505e-20)
(-0.00363285 3.1577 1.37631e-20)
(0.00602933 3.15279 0)
(0.0143872 3.15485 -7.60587e-21)
(0.0206582 3.15231 -2.34213e-19)
(0.0405363 3.10832 2.51317e-19)
(0.0101591 2.53242 0)
(-0.0453574 2.39927 1.787e-20)
(-0.0360185 3.08544 -3.12378e-19)
(-0.0300808 3.15024 0)
(-0.0222615 3.14735 0)
(-0.0132237 3.13956 1.5235e-20)
(-0.00216847 3.1341 -1.30253e-19)
(0.0124305 3.1282 -1.61498e-20)
(0.0193682 3.12929 1.39931e-19)
(0.0382903 3.09629 0)
(0.0195529 2.58094 0)
(-0.0383057 2.49604 -3.33895e-19)
(-0.0382061 3.08416 1.1282e-19)
(-0.0198828 3.12442 0)
(-0.0128948 3.11618 0)
(-0.0035999 3.10923 0)
(0.00576349 3.10597 2.71302e-19)
(0.0136177 3.10938 0)
(0.019938 3.11042 -1.4938e-19)
(0.0382175 3.09006 9.31857e-21)
(0.0146232 2.65369 1.59898e-19)
(-0.0389501 2.58459 1.21267e-19)
(-0.0403044 3.07362 -1.19766e-20)
(-0.0301118 3.10113 1.45376e-19)
(-0.0213719 3.09504 1.41739e-19)
(-0.0122598 3.0886 0)
(-0.000836819 3.08467 -1.40818e-19)
(0.0133678 3.08075 0)
(0.0213941 3.08463 0)
(0.038311 3.07242 0)
(0.022515 2.70638 -1.6064e-19)
(-0.0339976 2.68265 -1.34228e-19)
(-0.0430989 3.06426 1.38852e-19)
(-0.0229433 3.07215 -1.37142e-19)
(-0.0130732 3.06206 -2.18077e-19)
(-0.00294701 3.05677 0)
(0.00734929 3.05509 1.96421e-20)
(0.0160907 3.05937 -1.00109e-20)
(0.0244342 3.06282 7.55933e-20)
(0.0419209 3.06112 9.37603e-20)
(0.0205779 2.78019 -9.6611e-20)
(-0.0353628 2.76864 1.37684e-19)
(-0.0467127 3.04277 -1.33258e-19)
(-0.0331311 3.04557 9.62162e-21)
(-0.0209539 3.04041 5.60043e-20)
(-0.0110259 3.03653 -8.17923e-20)
(7.69698e-05 3.03425 0)
(0.014383 3.03136 8.80937e-20)
(0.025979 3.03562 4.94661e-21)
(0.0444113 3.03691 -1.82834e-19)
(0.0288633 2.83263 -6.54415e-21)
(-0.0287815 2.85851 -4.09185e-20)
(-0.0439798 3.02363 9.88135e-21)
(-0.0227583 3.01799 -5.14484e-20)
(-0.0110562 3.01448 2.10928e-20)
(-0.00221378 3.01405 9.98819e-20)
(0.00639741 3.01357 -4.26665e-20)
(0.0139038 3.01479 -4.17734e-20)
(0.0229824 3.01679 -4.35888e-20)
(0.042003 3.02144 9.45572e-20)
(0.0246055 2.90014 4.55614e-20)
(-0.0179722 2.93724 3.28722e-20)
(-0.0260912 2.9986 1.4568e-20)
(-0.0162137 3.00047 2.83441e-20)
(-0.00936882 3.00166 -5.80701e-20)
(-0.00408752 3.00262 1.9691e-20)
(0.000630143 3.00219 3.98259e-20)
(0.00583214 3.00061 -4.15382e-20)
(0.0109593 2.99895 -4.36497e-20)
(0.0217098 2.99753 5.98752e-21)
(0.0166904 2.94928 4.23509e-20)
)
;

boundaryField
{
    wall-4
    {
        type            noSlip;
    }
    pressure-outlet-7
    {
        type            zeroGradient;
    }
    velocity-inlet-6
    {
        type            fixedValue;
        value           uniform (0 3 0);
    }
    velocity-inlet-5
    {
        type            fixedValue;
        value           uniform (1 0 0);
    }
    frontAndBackPlanes
    {
        type            empty;
    }
}


// ************************************************************************* //
